9 105 214
214 9 105
105 9 214
98 47 52
47 52 98
52 47 98
100 81 113
113 81 100
81 100 113
226 63 73
73 63 226
63 73 226
170 257 261
261 170 257
257 170 261
280 68 190
68 190 280
190 68 280
133 218 223
223 133 218
218 133 223
283 79 91
79 91 283
91 79 283
224 87 246
246 87 224
87 224 246
15 28 204
204 15 28
28 15 204
180 2 159
2 159 180
159 2 180
189 262 268
262 189 268
268 189 262
231 228 229
229 228 231
228 229 231
183 46 114
114 46 183
46 114 183
209 212 216
212 209 216
216 209 212
75 83 243
243 75 83
83 75 243
93 70 238
70 93 238
238 70 93
94 23 144
144 23 94
23 94 144
65 115 286
286 65 115
115 65 286
99 29 179
179 29 99
29 99 179
207 245 297
245 207 297
297 207 245
54 131 275
275 54 131
131 54 275
178 16 42
42 16 178
16 42 178
230 112 265
112 230 265
265 112 230
43 199 291
199 43 291
291 43 199
240 191 247
191 240 247
247 191 240
7 129 276
276 7 129
129 7 276
127 19 64
19 64 127
64 19 127
20 80 237
80 20 237
237 20 80
166 251 264
264 166 251
251 166 264
217 50 192
50 192 217
192 50 217
233 117 285
285 117 233
117 233 285
157 89 184
184 89 157
89 157 184
164 97 121
97 121 164
121 97 164
282 6 90
6 90 282
90 6 282
140 158 269
269 140 158
158 140 269
34 235 300
300 34 235
235 34 300
163 22 96
96 22 163
22 96 163
232 69 182
182 69 232
69 182 232
153 177 253
253 153 177
177 153 253
271 14 148
14 148 271
148 14 271
107 84 120
120 84 107
84 107 120
250 104 248
104 248 250
248 104 250
13 109 272
272 13 109
109 13 272
132 136 137
137 132 136
136 132 137
82 24 77
77 24 82
24 77 82
41 25 162
162 25 41
25 41 162
119 62 256
256 62 119
62 119 256
76 267 274
274 76 267
267 76 274
293 71 201
71 201 293
201 71 293
106 8 30
30 8 106
8 30 106
58 53 206
206 53 58
53 58 206
150 145 186
186 145 150
145 150 186
296 45 118
45 118 296
118 45 296
175 202 205
205 175 202
202 175 205
37 130 290
290 37 130
130 37 290
152 67 146
67 146 152
146 67 152
48 126 298
126 48 298
298 48 126
241 287 294
294 241 287
287 241 294
74 32 59
59 32 74
32 59 74
196 122 160
122 160 196
160 122 196
263 3 116
116 3 263
3 116 263
4 33 40
40 4 33
33 4 40
244 197 295
197 244 295
295 197 244
72 36 171
36 72 171
171 36 72
108 1 221
1 108 221
221 1 108
222 26 55
26 55 222
55 26 222
208 51 134
51 134 208
134 51 208
138 85 213
213 85 138
85 138 213
279 44 249
44 249 279
249 44 279
281 61 173
173 61 281
61 173 281
142 154 277
277 142 154
154 142 277
203 227 258
227 203 258
258 203 227
211 168 198
198 168 211
168 198 211
236 101 242
101 236 242
242 101 236
185 57 219
219 57 185
57 185 219
95 31 215
215 31 95
31 95 215
124 35 187
187 35 124
35 124 187
188 200 266
266 188 200
200 188 266
284 193 270
270 193 284
193 270 284
176 123 292
123 176 292
292 123 176
86 259 273
273 86 259
259 86 273
288 12 210
210 12 288
12 210 288
289 78 111
111 78 289
78 111 289
194 252 278
252 194 278
278 194 252
234 125 139
125 139 234
139 125 234
21 156 172
156 21 172
172 21 156
195 49 92
49 92 195
92 49 195
39 27 220
27 39 220
220 27 39
88 5 151
151 5 88
5 88 151
299 110 155
110 155 299
155 110 299
38 135 141
141 38 135
135 38 141
147 66 102
66 102 147
102 66 147
11 10 103
103 10 11
10 11 103
165 161 239
239 161 165
161 165 239
60 167 254
254 60 167
167 60 254
149 56 128
128 56 149
56 128 149
181 17 143
143 17 181
17 143 181
255 169 174
174 169 255
169 174 255
260 18 225
18 225 260
225 18 260
