2640 2152 2318
2318 2152 2640
2152 2318 2640
2575 1819 2136
1819 2136 2575
2136 1819 2575
840 270 1581
1581 270 840
270 840 1581
1267 592 594
594 592 1267
592 594 1267
1496 1912 2962
2962 1496 1912
1912 1496 2962
160 435 2938
2938 160 435
435 160 2938
2515 1735 1861
1735 1861 2515
1861 1735 2515
2842 397 1933
1933 397 2842
397 1933 2842
2490 631 1486
1486 631 2490
631 1486 2490
2351 565 1129
1129 565 2351
565 1129 2351
601 1151 2025
2025 601 1151
1151 601 2025
1215 2227 2402
2402 1215 2227
2227 1215 2402
1700 1310 2065
2065 1310 1700
1310 1700 2065
1137 1168 1741
1168 1137 1741
1741 1137 1168
1956 608 2358
2358 608 1956
608 1956 2358
2102 1120 2855
1120 2102 2855
2855 1120 2102
304 557 2627
557 304 2627
2627 304 557
2053 1159 1804
1159 1804 2053
1804 1159 2053
1925 933 1979
1979 933 1925
933 1925 1979
973 346 1005
346 973 1005
1005 346 973
2734 1302 1351
1351 1302 2734
1302 1351 2734
2850 296 1252
1252 296 2850
296 1252 2850
2833 422 1115
422 1115 2833
1115 422 2833
1021 974 2432
2432 974 1021
974 1021 2432
2805 1721 1778
1778 1721 2805
1721 1778 2805
2653 1710 2018
1710 2018 2653
2018 1710 2653
456 656 2048
656 456 2048
2048 456 656
1542 870 1509
1509 870 1542
870 1509 1542
2528 19 1027
19 1027 2528
1027 19 2528
220 18 588
588 18 220
18 220 588
1852 991 1801
1801 991 1852
991 1801 1852
474 2499 2847
2499 474 2847
2847 474 2499
2783 825 1493
1493 825 2783
825 1493 2783
730 2088 2204
2204 730 2088
2088 730 2204
1175 2210 2762
2210 1175 2762
2762 1175 2210
1042 534 1299
534 1042 1299
1299 534 1042
1382 781 2663
2663 781 1382
781 1382 2663
363 1170 2920
1170 363 2920
2920 363 1170
2782 2680 2983
2983 2680 2782
2680 2782 2983
1263 848 2056
2056 848 1263
848 1263 2056
2139 406 928
406 928 2139
928 406 2139
2868 150 2980
150 2868 2980
2980 150 2868
1822 15 1260
15 1260 1822
1260 15 1822
1230 1408 1955
1955 1230 1408
1408 1230 1955
1994 496 2979
496 1994 2979
2979 496 1994
2788 612 1135
612 1135 2788
1135 612 2788
2637 267 2166
267 2166 2637
2166 267 2637
566 826 877
877 566 826
826 566 877
1447 1605 2080
2080 1447 1605
1605 1447 2080
1362 964 2971
2971 964 1362
964 1362 2971
1973 1257 2808
2808 1257 1973
1257 1973 2808
1516 913 2224
2224 913 1516
913 1516 2224
1752 2071 2364
2364 1752 2071
2071 1752 2364
2588 1462 2477
1462 2477 2588
2477 1462 2588
1733 1915 2773
2773 1733 1915
1915 1733 2773
1261 652 1617
652 1261 1617
1617 652 1261
246 405 453
405 246 453
453 246 405
1341 880 2005
880 1341 2005
2005 880 1341
878 72 136
136 72 878
72 136 878
2756 2357 2888
2888 2357 2756
2357 2756 2888
1940 704 1416
1416 704 1940
704 1416 1940
1342 994 2468
2468 994 1342
994 1342 2468
423 347 1080
1080 347 423
347 423 1080
78 1142 2670
1142 78 2670
2670 78 1142
574 177 1491
1491 177 574
177 574 1491
2625 584 1225
584 1225 2625
1225 584 2625
1553 858 2507
858 1553 2507
2507 858 1553
2458 1147 1802
1147 1802 2458
1802 1147 2458
1537 173 1563
173 1537 1563
1563 173 1537
956 938 2347
938 956 2347
2347 938 956
2412 777 1038
1038 777 2412
777 1038 2412
2304 394 2045
394 2045 2304
2045 394 2304
2429 538 1597
538 1597 2429
1597 538 2429
663 746 1244
1244 663 746
746 663 1244
1645 2006 2373
2006 1645 2373
2373 1645 2006
448 9 1765
9 448 1765
1765 9 448
959 789 2326
2326 789 959
789 959 2326
1668 174 514
174 514 1668
514 174 1668
2158 863 2296
2296 863 2158
863 2158 2296
248 842 2682
2682 248 842
842 248 2682
2138 1612 2070
1612 2070 2138
2070 1612 2138
1529 360 1884
1884 360 1529
360 1529 1884
1346 2010 2963
2963 1346 2010
2010 1346 2963
872 782 2631
2631 782 872
782 872 2631
1868 131 873
873 131 1868
131 873 1868
889 975 1376
975 889 1376
1376 889 975
144 1019 1419
1019 144 1419
1419 144 1019
1923 1143 2375
1143 1923 2375
2375 1143 1923
2990 2086 2290
2290 2086 2990
2086 2290 2990
1033 718 1764
1764 718 1033
718 1033 1764
2666 2626 2652
2652 2626 2666
2626 2652 2666
1967 427 2179
2179 427 1967
427 1967 2179
857 416 2565
416 857 2565
2565 416 857
415 1953 2392
2392 415 1953
1953 415 2392
459 44 1769
44 459 1769
1769 44 459
1758 445 1771
445 1758 1771
1771 445 1758
2748 712 1747
1747 712 2748
712 1747 2748
1322 223 433
433 223 1322
223 433 1322
483 1047 2992
1047 483 2992
2992 483 1047
1757 1059 1934
1059 1757 1934
1934 1059 1757
2277 1914 2636
2636 1914 2277
1914 2277 2636
1720 556 1549
1549 556 1720
556 1549 1720
2399 2019 2157
2157 2019 2399
2019 2157 2399
1266 213 2644
213 1266 2644
2644 213 1266
2568 1385 1444
1385 1444 2568
1444 1385 2568
1922 1610 2958
1610 1922 2958
2958 1610 1922
864 916 1759
1759 864 916
916 864 1759
2476 1133 1422
1422 1133 2476
1133 1422 2476
1078 322 885
885 322 1078
322 885 1078
180 940 1963
940 180 1963
1963 180 940
2869 34 56
56 34 2869
34 56 2869
16 1017 1495
1017 16 1495
1495 16 1017
1524 2543 2750
2750 1524 2543
2543 1524 2750
1207 361 2915
361 1207 2915
2915 361 1207
1228 1803 1917
1917 1228 1803
1803 1228 1917
1695 145 1667
145 1667 1695
1667 145 1695
2758 239 1590
239 1590 2758
1590 239 2758
1192 1103 1307
1103 1192 1307
1307 1103 1192
654 1910 2770
1910 654 2770
2770 654 1910
28 1966 2049
1966 28 2049
2049 28 1966
1995 1049 1437
1437 1049 1995
1049 1437 1995
876 297 646
646 297 876
297 646 876
2340 73 290
290 73 2340
73 290 2340
1258 564 2285
564 1258 2285
2285 564 1258
76 2530 2623
2623 76 2530
2530 76 2623
1463 1760 2871
1760 1463 2871
2871 1463 1760
11 265 2251
265 11 2251
2251 11 265
2936 170 1026
1026 170 2936
170 1026 2936
318 63 2040
2040 63 318
63 318 2040
944 1091 1772
1091 944 1772
1772 944 1091
794 377 672
672 377 794
377 672 794
954 350 569
350 569 954
569 350 954
1102 1304 1450
1304 1102 1450
1450 1102 1304
2059 295 2260
295 2059 2260
2260 295 2059
914 721 1985
721 914 1985
1985 721 914
518 240 1407
240 518 1407
1407 240 518
2698 2704 2767
2767 2698 2704
2704 2698 2767
1503 2759 2798
2759 1503 2798
2798 1503 2759
1013 716 2377
2377 716 1013
716 1013 2377
2194 695 1290
695 1290 2194
1290 695 2194
2037 1754 2286
1754 2037 2286
2286 1754 2037
162 551 2042
551 162 2042
2042 162 551
1231 329 801
801 329 1231
329 801 1231
1426 655 783
655 783 1426
783 655 1426
2887 683 790
790 683 2887
683 790 2887
611 1009 2608
2608 611 1009
1009 611 2608
749 429 1410
429 749 1410
1410 429 749
1468 1719 2472
2472 1468 1719
1719 1468 2472
218 553 2955
553 218 2955
2955 218 553
910 2524 2572
2572 910 2524
2524 910 2572
2496 520 1474
1474 520 2496
520 1474 2496
2880 1640 1980
1640 1980 2880
1980 1640 2880
2252 278 2410
278 2252 2410
2410 278 2252
2012 2101 2384
2101 2012 2384
2384 2012 2101
467 348 2417
348 467 2417
2417 348 467
1270 14 268
14 268 1270
268 14 1270
2846 1984 2875
2875 1984 2846
1984 2846 2875
2051 212 477
477 212 2051
212 477 2051
644 50 293
50 293 644
293 50 644
1122 291 1911
1911 291 1122
291 1122 1911
2034 193 2784
2784 193 2034
193 2034 2784
1957 365 2651
365 1957 2651
2651 365 1957
126 701 1550
1550 126 701
701 126 1550
686 1203 1928
1203 686 1928
1928 686 1203
1809 484 2083
2083 484 1809
484 1809 2083
1300 1988 2061
2061 1300 1988
1988 1300 2061
1857 829 951
951 829 1857
829 951 1857
55 1085 1396
1396 55 1085
1085 55 1396
2634 354 2315
2315 354 2634
354 2315 2634
2695 760 1432
1432 760 2695
760 1432 2695
384 196 2542
2542 196 384
196 384 2542
1587 1938 2360
2360 1587 1938
1938 1587 2360
1670 883 2898
883 1670 2898
2898 883 1670
128 1717 2316
2316 128 1717
1717 128 2316
726 23 799
799 23 726
23 726 799
2688 37 2180
37 2180 2688
2180 37 2688
1166 698 2469
698 1166 2469
2469 698 1166
374 634 1206
1206 374 634
634 374 1206
519 946 1442
946 519 1442
1442 519 946
1946 2121 2902
2121 1946 2902
2902 1946 2121
1965 1775 1854
1775 1854 1965
1854 1775 1965
135 334 667
334 135 667
667 135 334
2939 1620 2995
2995 1620 2939
1620 2939 2995
430 1028 1418
1028 430 1418
1418 430 1028
1248 2465 2622
2622 1248 2465
2465 1248 2622
1123 2188 2658
2188 1123 2658
2658 1123 2188
2116 818 1796
818 1796 2116
1796 818 2116
595 1156 2154
2154 595 1156
1156 595 2154
2685 1171 2540
2540 1171 2685
1171 2540 2685
1660 241 764
241 764 1660
764 241 1660
773 725 1476
725 773 1476
1476 725 773
2844 225 2671
2671 225 2844
225 2671 2844
1638 1222 1992
1992 1222 1638
1222 1638 1992
757 1381 1904
1381 757 1904
1904 757 1381
1388 1829 2177
2177 1388 1829
1829 1388 2177
1472 249 1892
249 1472 1892
1892 249 1472
1948 702 1949
702 1948 1949
1949 702 1948
349 492 2475
2475 349 492
492 349 2475
1456 420 2134
2134 420 1456
420 1456 2134
2488 127 2029
2029 127 2488
127 2029 2488
1969 640 2405
2405 640 1969
640 1969 2405
1497 222 2300
222 1497 2300
2300 222 1497
2930 159 2952
2952 159 2930
159 2930 2952
2947 169 172
169 172 2947
172 169 2947
1389 1546 2011
1546 1389 2011
2011 1389 1546
886 1088 1386
1386 886 1088
1088 886 1386
2178 399 1186
1186 399 2178
399 1186 2178
1958 106 305
106 305 1958
305 106 1958
338 834 985
985 338 834
834 338 985
2103 767 2297
767 2103 2297
2297 767 2103
1368 607 1706
1706 607 1368
607 1368 1706
1430 651 1354
651 1354 1430
1354 651 1430
398 210 452
210 398 452
452 210 398
2563 699 1451
1451 699 2563
699 1451 2563
2129 2024 2872
2872 2024 2129
2024 2129 2872
2356 1241 2452
1241 2356 2452
2452 1241 2356
1942 95 1311
1311 95 1942
95 1311 1942
2125 57 2441
57 2125 2441
2441 57 2125
808 1596 2706
1596 808 2706
2706 808 1596
2909 894 1813
894 1813 2909
1813 894 2909
2022 590 1977
1977 590 2022
590 1977 2022
2076 202 1037
202 1037 2076
1037 202 2076
1181 166 2467
166 1181 2467
2467 166 1181
1050 1055 2633
1055 1050 2633
2633 1050 1055
1243 446 1614
446 1243 1614
1614 446 1243
2599 475 2167
475 2167 2599
2167 475 2599
523 1739 1751
1739 523 1751
1751 523 1739
736 835 2298
835 736 2298
2298 736 835
2569 2371 2648
2648 2371 2569
2371 2569 2648
904 1742 2548
1742 904 2548
2548 904 1742
680 1121 2442
2442 680 1121
1121 680 2442
465 1588 2878
1588 465 2878
2878 465 1588
2959 1391 2830
2830 1391 2959
1391 2830 2959
2937 387 618
387 618 2937
618 387 2937
2564 1393 1552
1393 1552 2564
1552 1393 2564
2096 392 587
392 587 2096
587 392 2096
785 506 1600
1600 506 785
506 785 1600
58 1482 2105
1482 58 2105
2105 58 1482
1575 1217 2055
1217 1575 2055
2055 1217 1575
2333 1 232
232 1 2333
1 232 2333
2717 1116 1375
1375 1116 2717
1116 1375 2717
1812 1557 1761
1557 1761 1812
1761 1557 1812
1821 4 711
711 4 1821
4 711 1821
3000 1443 2577
1443 2577 3000
2577 1443 3000
2881 147 2163
2163 147 2881
147 2163 2881
1970 121 2480
2480 121 1970
121 1970 2480
280 1768 2383
1768 280 2383
2383 280 1768
1092 970 1425
1425 970 1092
970 1092 1425
2181 967 1420
1420 967 2181
967 1420 2181
1718 124 2987
2987 124 1718
124 1718 2987
2256 896 2824
896 2256 2824
2824 896 2256
2985 1643 2183
2183 1643 2985
1643 2183 2985
1010 2460 2492
2460 1010 2492
2492 1010 2460
649 999 1785
1785 649 999
999 649 1785
1595 1490 2346
2346 1490 1595
1490 1595 2346
1694 867 2073
867 1694 2073
2073 867 1694
1081 378 758
378 758 1081
758 378 1081
585 639 2328
2328 585 639
639 585 2328
833 60 1578
1578 60 833
60 833 1578
1365 1507 2883
2883 1365 1507
1507 1365 2883
1356 412 741
741 412 1356
412 741 1356
82 1840 2650
2650 82 1840
1840 82 2650
1531 1786 2785
1786 1531 2785
2785 1531 1786
2838 769 2556
2556 769 2838
769 2556 2838
2324 1423 2394
2394 1423 2324
1423 2324 2394
1066 1461 2189
1461 1066 2189
2189 1066 1461
1288 102 776
102 776 1288
776 102 1288
513 2159 2404
2159 513 2404
2404 513 2159
340 1429 2928
2928 340 1429
1429 340 2928
1219 466 2879
2879 466 1219
466 1219 2879
418 442 2654
2654 418 442
442 418 2654
811 960 1633
960 811 1633
1633 811 960
2757 1618 2094
1618 2094 2757
2094 1618 2757
370 51 541
51 370 541
541 51 370
2205 390 1229
390 1229 2205
1229 390 2205
2646 490 2514
490 2514 2646
2514 490 2646
1409 111 1665
111 1409 1665
1665 111 1409
2800 1348 2619
1348 2619 2800
2619 1348 2800
2416 335 2638
335 2416 2638
2638 335 2416
2091 1301 2946
1301 2091 2946
2946 1301 2091
2271 1530 1841
1530 1841 2271
1841 1530 2271
1413 990 2002
990 1413 2002
2002 990 1413
2186 1745 2551
1745 2186 2551
2551 1745 2186
1254 780 2687
2687 780 1254
780 1254 2687
1998 17 2595
2595 17 1998
17 1998 2595
198 1296 2925
1296 198 2925
2925 198 1296
2656 1535 2776
2776 1535 2656
1535 2656 2776
1571 1071 2931
2931 1071 1571
1071 1571 2931
1996 542 622
622 542 1996
542 622 1996
168 395 1227
395 168 1227
1227 168 395
1212 2072 2911
2911 1212 2072
2072 1212 2911
2020 470 1506
1506 470 2020
470 1506 2020
1508 1698 1779
1779 1508 1698
1698 1508 1779
400 1224 1807
1224 400 1807
1807 400 1224
1251 982 1328
982 1251 1328
1328 982 1251
434 772 793
793 434 772
772 434 793
2110 411 1551
1551 411 2110
411 1551 2110
2478 600 2203
2203 600 2478
600 2203 2478
2082 1715 2789
1715 2082 2789
2789 1715 2082
1565 1908 2624
1908 1565 2624
2624 1565 1908
2085 515 1611
515 1611 2085
1611 515 2085
1205 1273 1492
1492 1205 1273
1273 1205 1492
1035 75 2044
75 1035 2044
2044 75 1035
79 931 1500
1500 79 931
931 79 1500
479 1150 2678
1150 479 2678
2678 479 1150
1763 558 1960
1960 558 1763
558 1763 1960
546 753 2312
2312 546 753
753 546 2312
1523 830 1377
830 1377 1523
1377 830 1523
1774 54 1335
54 1335 1774
1335 54 1774
924 1054 1110
1110 924 1054
1054 924 1110
2553 487 2118
2118 487 2553
487 2118 2553
2584 1776 2616
1776 2584 2616
2616 1776 2584
750 1250 2733
2733 750 1250
1250 750 2733
868 1532 2137
2137 868 1532
1532 868 2137
1541 339 2050
339 1541 2050
2050 339 1541
1782 671 837
671 837 1782
837 671 1782
1885 13 2523
2523 13 1885
13 1885 2523
33 2343 2778
2343 33 2778
2778 33 2343
1061 2240 2866
2866 1061 2240
2240 1061 2866
1607 664 2449
2449 664 1607
664 1607 2449
2972 770 2535
2535 770 2972
770 2535 2972
516 247 2214
247 516 2214
2214 247 516
1118 562 819
562 819 1118
819 562 1118
1481 105 2571
105 1481 2571
2571 105 1481
1272 645 1808
645 1272 1808
1808 645 1272
1239 2075 2635
2635 1239 2075
2075 1239 2635
1236 1637 2212
1637 1236 2212
2212 1236 1637
2894 845 1276
1276 845 2894
845 1276 2894
2642 1274 1513
1274 1513 2642
1513 1274 2642
2132 2746 2769
2746 2132 2769
2769 2132 2746
1630 748 1905
1905 748 1630
748 1630 1905
591 301 2195
2195 301 591
301 591 2195
86 10 298
10 86 298
298 10 86
1144 623 1818
623 1144 1818
1818 623 1144
1480 109 2176
109 1480 2176
2176 109 1480
2986 436 1131
436 1131 2986
1131 436 2986
1520 1561 2751
1561 1520 2751
2751 1520 1561
1755 1169 1369
1169 1369 1755
1369 1169 1755
747 7 1360
7 747 1360
1360 7 747
2795 2135 2419
2419 2135 2795
2135 2419 2795
1498 717 2090
717 1498 2090
2090 717 1498
2311 455 812
455 812 2311
812 455 2311
2732 336 932
932 336 2732
336 932 2732
263 80 1309
80 263 1309
1309 80 263
768 103 625
103 625 768
625 103 768
227 1631 2914
2914 227 1631
1631 227 2914
2731 284 383
284 383 2731
383 284 2731
1702 1318 2378
2378 1318 1702
1318 1702 2378
1525 190 1178
1178 190 1525
190 1178 1525
571 1944 2414
2414 571 1944
1944 571 2414
710 195 2466
195 710 2466
2466 195 710
2984 1134 1653
1653 1134 2984
1134 1653 2984
1652 2579 2904
2579 1652 2904
2904 1652 2579
2448 536 2854
2854 536 2448
536 2448 2854
1932 666 2505
666 1932 2505
2505 666 1932
2912 1473 1538
1473 1538 2912
1538 1473 2912
2839 1070 2329
1070 2329 2839
2329 1070 2839
2354 2736 2918
2918 2354 2736
2736 2354 2918
2339 1004 2197
2197 1004 2339
1004 2197 2339
1686 1104 1845
1845 1104 1686
1104 1686 1845
1344 2803 2821
2821 1344 2803
2803 1344 2821
1897 1514 2996
2996 1514 1897
1514 1897 2996
921 441 1012
441 921 1012
1012 441 921
2923 313 1654
313 1654 2923
1654 313 2923
2279 1556 2250
2250 1556 2279
1556 2250 2279
319 88 372
88 319 372
372 88 319
1685 207 1648
207 1648 1685
1648 207 1685
432 115 1053
1053 115 432
115 432 1053
2287 923 2234
923 2234 2287
2234 923 2287
252 1522 1794
1522 252 1794
1794 252 1522
1860 1536 2127
2127 1536 1860
1536 1860 2127
413 26 1606
1606 26 413
26 413 1606
1465 1478 2184
1478 1465 2184
2184 1465 1478
555 807 1689
1689 555 807
807 555 1689
1907 526 2267
2267 526 1907
526 1907 2267
1191 1879 2426
1879 1191 2426
2426 1191 1879
266 221 1688
221 266 1688
1688 221 266
2740 907 1976
1976 907 2740
907 1976 2740
722 414 458
458 414 722
414 458 722
2028 836 941
836 941 2028
941 836 2028
2292 161 2573
161 2292 2573
2573 161 2292
1417 779 1016
779 1016 1417
1016 779 1417
314 42 2865
42 314 2865
2865 42 314
368 403 1223
403 368 1223
1223 368 403
2900 1315 1846
1846 1315 2900
1315 1846 2900
1308 47 2208
2208 47 1308
47 1308 2208
428 1930 2217
1930 428 2217
2217 428 1930
800 2424 2439
2439 800 2424
2424 800 2439
2649 1240 2517
2517 1240 2649
1240 2517 2649
911 123 535
123 535 911
535 123 911
299 966 2554
966 299 2554
2554 299 966
2552 577 1034
1034 577 2552
577 1034 2552
2580 1982 2023
2023 1982 2580
1982 2023 2580
2450 1340 2716
2716 1340 2450
1340 2450 2716
540 116 2493
2493 116 540
116 540 2493
1810 2084 2491
2491 1810 2084
2084 1810 2491
1562 282 2021
282 1562 2021
2021 282 1562
1113 708 2667
2667 708 1113
708 1113 2667
1726 148 2038
148 1726 2038
2038 148 1726
2201 410 1848
410 1848 2201
1848 410 2201
69 890 2057
890 69 2057
2057 69 890
2742 2712 2886
2712 2742 2886
2886 2712 2742
1058 517 1247
1247 517 1058
517 1058 1247
1762 2365 2603
2603 1762 2365
2365 1762 2603
65 130 2397
2397 65 130
130 65 2397
887 217 462
462 217 887
217 462 887
181 2200 2615
2200 181 2615
2615 181 2200
1056 521 1073
1073 521 1056
521 1056 1073
1182 771 1477
1477 771 1182
771 1182 1477
2502 626 2730
626 2502 2730
2730 626 2502
797 1572 2173
2173 797 1572
1572 797 2173
2513 784 787
787 784 2513
784 787 2513
2106 312 2700
2700 312 2106
312 2106 2700
2322 852 2143
852 2143 2322
2143 852 2322
276 101 2124
2124 101 276
101 276 2124
2238 1199 2017
2017 1199 2238
1199 2017 2238
29 1448 2482
1448 29 2482
2482 29 1448
827 138 739
739 138 827
138 739 827
598 1738 2604
1738 598 2604
2604 598 1738
1663 616 2683
616 1663 2683
2683 616 1663
925 905 1589
1589 905 925
905 925 1589
2655 1319 1684
1319 1684 2655
1684 1319 2655
171 226 2684
226 171 2684
2684 171 226
882 283 345
283 345 882
345 283 882
1677 2123 2274
2123 1677 2274
2274 1677 2123
511 208 2993
2993 208 511
208 511 2993
643 495 2219
2219 495 643
495 643 2219
2620 341 1901
1901 341 2620
341 1901 2620
2681 1395 1402
1395 1402 2681
1402 1395 2681
262 113 2999
2999 113 262
113 262 2999
1591 300 2534
2534 300 1591
300 1591 2534
2146 1332 2809
1332 2146 2809
2809 1332 2146
2069 1069 2151
1069 2069 2151
2151 1069 2069
2255 175 253
175 253 2255
253 175 2255
1903 1164 1339
1164 1339 1903
1339 1164 1903
1777 2597 2919
2919 1777 2597
2597 1777 2919
909 813 1180
813 909 1180
1180 813 909
2860 25 866
25 866 2860
866 25 2860
165 1954 2614
2614 165 1954
1954 165 2614
862 6 2431
6 862 2431
2431 6 862
816 469 1067
1067 469 816
469 816 1067
373 375 2453
2453 373 375
375 373 2453
1427 2713 2725
2725 1427 2713
2713 1427 2725
1184 1453 2461
1453 1184 2461
2461 1184 1453
1112 796 2454
796 1112 2454
2454 796 1112
2111 2853 2899
2853 2111 2899
2899 2111 2853
2282 1176 2578
1176 2282 2578
2578 1176 2282
1788 1435 2407
1435 1788 2407
2407 1435 1788
21 183 2273
2273 21 183
183 21 2273
908 2041 2545
2041 908 2545
2545 908 2041
2386 1045 1401
1045 1401 2386
1401 1045 2386
927 176 2487
176 927 2487
2487 176 927
219 491 2345
491 219 2345
2345 219 491
1604 2593 2843
2843 1604 2593
2593 1604 2843
809 1692 2589
1692 809 2589
2589 809 1692
326 926 1799
926 326 1799
1799 326 926
1936 362 636
362 636 1936
636 362 1936
2098 277 1022
277 1022 2098
1022 277 2098
981 382 2093
2093 382 981
382 981 2093
662 302 856
302 662 856
856 302 662
2829 404 2128
404 2128 2829
2128 404 2829
2148 1237 1547
1237 1547 2148
1547 1237 2148
1043 1025 1624
1624 1025 1043
1025 1043 1624
2408 255 457
457 255 2408
255 457 2408
332 258 2389
258 332 2389
2389 258 332
2301 762 2099
2099 762 2301
762 2099 2301
2942 2806 2852
2806 2852 2942
2852 2806 2942
2497 464 2230
2230 464 2497
464 2230 2497
1838 1361 1446
1446 1361 1838
1361 1446 1838
581 1128 2659
2659 581 1128
1128 581 2659
1623 460 2400
2400 460 1623
460 1623 2400
2978 261 1693
1693 261 2978
261 1693 2978
2341 755 1580
755 1580 2341
1580 755 2341
2131 2506 2592
2592 2131 2506
2506 2131 2592
754 149 2926
149 754 2926
2926 149 754
1843 38 2275
38 1843 2275
2275 38 1843
727 1773 2015
1773 727 2015
2015 727 1773
560 143 660
660 143 560
143 560 660
2810 201 2171
2171 201 2810
201 2171 2810
1048 192 2521
192 1048 2521
2521 192 1048
621 500 2362
2362 500 621
500 621 2362
2792 209 2677
209 2677 2792
2677 209 2792
1579 2211 2948
2948 1579 2211
2211 1579 2948
2007 386 2434
2434 386 2007
386 2007 2434
759 498 2884
2884 498 759
498 759 2884
1641 1576 2008
2008 1576 1641
1576 1641 2008
1657 1099 1865
1865 1099 1657
1099 1657 1865
2726 2289 2812
2289 2726 2812
2812 2289 2726
2363 1314 1872
1314 1872 2363
1872 1314 2363
396 1601 2261
1601 396 2261
2261 396 1601
544 673 2665
2665 544 673
673 544 2665
2229 1867 2244
2244 1867 2229
1867 2229 2244
2537 549 2209
2209 549 2537
549 2209 2537
157 828 1899
1899 157 828
828 157 1899
2063 1927 2596
2596 1927 2063
1927 2063 2596
1213 696 737
737 696 1213
696 737 1213
2248 1921 2473
2473 1921 2248
1921 2248 2473
987 1185 2471
1185 987 2471
2471 987 1185
186 1052 1784
1052 186 1784
1784 186 1052
2745 2133 2421
2421 2133 2745
2133 2421 2745
1111 1750 2828
1750 1111 2828
2828 1111 1750
1608 1412 2934
1412 1608 2934
2934 1412 1608
1106 948 2215
2215 948 1106
948 1106 2215
2664 87 2437
2437 87 2664
87 2437 2664
2968 264 2916
264 2916 2968
2916 264 2968
1349 628 2115
2115 628 1349
628 1349 2115
2087 1983 2690
2690 1983 2087
1983 2087 2690
2046 2236 2691
2236 2046 2691
2691 2046 2236
2817 802 2423
2423 802 2817
802 2423 2817
236 1148 2145
2145 236 1148
1148 236 2145
1082 1441 1458
1458 1082 1441
1441 1082 1458
624 2097 2602
2097 624 2602
2602 624 2097
1798 2411 2425
2411 1798 2425
2425 1798 2411
1334 451 1697
1697 451 1334
451 1334 1697
2193 875 2199
2199 875 2193
875 2193 2199
1512 1188 1275
1188 1275 1512
1275 1188 1512
589 1256 1282
1256 589 1282
1282 589 1256
575 1162 2893
1162 575 2893
2893 575 1162
1704 320 324
324 320 1704
320 324 1704
2845 2527 2932
2527 2845 2932
2932 2527 2845
567 1211 2254
2254 567 1211
1211 567 2254
310 257 735
257 310 735
735 257 310
1564 235 321
321 235 1564
235 321 1564
2062 1172 2673
1172 2062 2673
2673 1172 2062
1816 527 1886
1886 527 1816
527 1816 1886
353 2191 2223
2191 353 2223
2223 353 2191
817 936 1926
1926 817 936
936 817 1926
153 552 1893
552 153 1893
1893 153 552
1519 688 891
688 891 1519
891 688 1519
2977 1811 2546
1811 2546 2977
2546 1811 2977
2617 203 1836
1836 203 2617
203 1836 2617
2699 1891 2447
1891 2447 2699
2447 1891 2699
2140 1173 2381
2381 1173 2140
1173 2140 2381
281 2175 2549
2175 281 2549
2549 281 2175
1671 1489 1632
1632 1489 1671
1489 1632 1671
1153 1780 1999
1999 1153 1780
1780 1153 1999
2504 2692 2867
2867 2504 2692
2692 2504 2867
957 1555 1593
1593 957 1555
1555 957 1593
1851 273 1488
1488 273 1851
273 1488 1851
61 2092 2724
2092 61 2724
2724 61 2092
2739 1421 2802
2802 1421 2739
1421 2739 2802
46 1672 2149
1672 46 2149
2149 46 1672
1475 2330 2550
2550 1475 2330
2330 1475 2550
132 2291 2308
2308 132 2291
2291 132 2308
1484 100 250
100 250 1484
250 100 1484
1800 244 2338
244 1800 2338
2338 244 1800
920 1877 2964
2964 920 1877
1877 920 2964
380 996 1189
1189 380 996
996 380 1189
2445 1306 1320
1306 1320 2445
1320 1306 2445
2331 1001 1378
1378 1001 2331
1001 1378 2331
1364 1366 1655
1366 1364 1655
1655 1364 1366
1114 1834 2567
2567 1114 1834
1834 1114 2567
2832 903 1806
903 1806 2832
1806 903 2832
330 1968 2661
1968 330 2661
2661 330 1968
2841 2342 2500
2342 2500 2841
2500 2342 2841
2607 316 1974
316 1974 2607
1974 316 2607
510 141 1599
1599 141 510
141 510 1599
1107 2696 2856
2856 1107 2696
2696 1107 2856
1783 2276 2676
2676 1783 2276
2276 1783 2676
1574 1570 2998
1570 1574 2998
2998 1570 1574
2555 509 1347
1347 509 2555
509 1347 2555
900 596 965
965 596 900
596 900 965
2780 1559 1975
1559 1975 2780
1975 1559 2780
1449 984 2281
984 1449 2281
2281 984 1449
2954 706 899
706 899 2954
899 706 2954
2026 1467 1729
1729 1467 2026
1467 1729 2026
408 1305 2483
2483 408 1305
1305 408 2483
1842 476 1862
476 1842 1862
1862 476 1842
2714 351 792
792 351 2714
351 792 2714
1405 1359 1815
1815 1359 1405
1359 1405 1815
1766 2249 2560
2560 1766 2249
2249 1766 2560
271 1039 2172
1039 271 2172
2172 271 1039
1146 325 2155
2155 325 1146
325 1146 2155
2444 2816 2903
2903 2444 2816
2816 2444 2903
1002 676 2420
676 1002 2420
2420 676 1002
1622 1825 1859
1859 1622 1825
1825 1622 1859
1008 343 670
670 343 1008
343 670 1008
94 1157 2401
2401 94 1157
1157 94 2401
844 91 1847
1847 91 844
91 844 1847
2786 2327 2349
2349 2327 2786
2327 2349 2786
1711 1887 2319
1887 1711 2319
2319 1711 1887
1882 647 2525
2525 647 1882
647 1882 2525
1373 1371 2601
2601 1371 1373
1371 1373 2601
119 1087 1327
1327 119 1087
1087 119 1327
1221 245 2213
2213 245 1221
245 1221 2213
2813 417 450
450 417 2813
417 450 2813
1283 2247 2727
2727 1283 2247
2247 1283 2727
1097 2216 2956
2956 1097 2216
2216 1097 2956
499 1991 2781
2781 499 1991
1991 499 2781
1333 140 1749
140 1333 1749
1749 140 1333
1065 66 1545
1545 66 1065
66 1065 1545
2192 224 1666
1666 224 2192
224 1666 2192
440 447 1952
1952 440 447
447 440 1952
275 292 419
292 275 419
419 275 292
1471 1947 1989
1947 1471 1989
1989 1471 1947
2859 391 2066
2066 391 2859
391 2066 2859
738 407 669
407 669 738
669 407 738
1163 995 2396
2396 995 1163
995 1163 2396
337 2052 2332
2332 337 2052
2052 337 2332
1141 983 1791
1791 983 1141
983 1141 1791
1095 1673 2531
2531 1095 1673
1673 1095 2531
1625 2585 2722
2722 1625 2585
2585 1625 2722
2668 888 1714
888 1714 2668
1714 888 2668
1990 674 2774
2774 674 1990
674 1990 2774
188 1007 2104
2104 188 1007
1007 188 2104
2264 289 1929
1929 289 2264
289 1929 2264
2307 1619 2747
2747 1619 2307
1619 2307 2747
1326 1014 1972
1014 1326 1972
1972 1014 1326
1032 231 2943
231 1032 2943
2943 231 1032
2246 146 2323
2323 146 2246
146 2246 2323
53 1864 1881
1864 53 1881
1881 53 1864
508 1024 2970
2970 508 1024
1024 508 2970
317 752 1937
1937 317 752
752 317 1937
1383 1202 2367
1202 1383 2367
2367 1202 1383
2837 820 2409
820 2409 2837
2409 820 2837
178 155 393
393 155 178
155 178 393
1431 1077 2960
1077 1431 2960
2960 1077 1431
2606 364 629
364 629 2606
629 364 2606
650 1317 2000
1317 650 2000
2000 650 1317
120 1051 2253
2253 120 1051
1051 120 2253
191 2047 2359
2047 191 2359
2359 191 2047
2114 1687 2763
1687 2114 2763
2763 1687 2114
2590 742 1756
1756 742 2590
742 1756 2590
1294 1544 1961
1961 1294 1544
1544 1294 1961
512 2067 2628
2628 512 2067
2067 512 2628
1705 27 2711
2711 27 1705
27 1705 2711
1986 1179 2368
1179 1986 2368
2368 1179 1986
2313 1367 2576
1367 2313 2576
2576 1367 2313
2922 1725 2241
2241 1725 2922
1725 2241 2922
2819 1086 2840
2840 1086 2819
1086 2819 2840
803 1740 1746
1746 803 1740
1740 803 1746
2284 865 2258
865 2258 2284
2258 865 2284
1210 597 1701
1701 597 1210
597 1210 1701
1835 438 1554
438 1554 1835
1554 438 1835
1874 525 543
543 525 1874
525 543 1874
2541 90 898
898 90 2541
90 898 2541
2598 1190 2320
1190 2320 2598
2320 1190 2598
2612 1827 2119
2119 1827 2612
1827 2119 2612
1494 798 2221
2221 798 1494
798 1494 2221
1119 530 1890
530 1119 1890
1890 530 1119
2775 2231 2570
2231 2570 2775
2570 2231 2775
678 1675 1869
1675 678 1869
1869 678 1675
1390 179 547
179 547 1390
547 179 1390
2891 1214 1650
1650 1214 2891
1214 1650 2891
1644 2043 2539
2043 1644 2539
2539 1644 2043
559 1126 2752
2752 559 1126
1126 559 2752
1850 2035 2388
2388 1850 2035
2035 1850 2388
152 355 2510
355 152 2510
2510 152 355
2967 1117 1708
1117 1708 2967
1708 1117 2967
2848 668 2772
2772 668 2848
668 2772 2848
2799 92 1397
92 1397 2799
1397 92 2799
125 463 2693
463 125 2693
2693 125 463
1696 734 895
734 895 1696
895 734 1696
216 107 700
700 107 216
107 216 700
1140 804 1699
1699 804 1140
804 1140 1699
1209 879 2738
879 1209 2738
2738 879 1209
59 756 2489
2489 59 756
756 59 2489
1826 1795 2288
2288 1795 1826
1795 1826 2288
2126 437 2162
437 2126 2162
2162 437 2126
204 849 1504
849 204 1504
1504 204 849
1567 39 980
39 980 1567
980 39 1567
1125 1208 2263
1208 1125 2263
2263 1125 1208
602 1971 2749
1971 602 2749
2749 602 1971
379 1713 2509
2509 379 1713
1713 379 2509
2272 732 1201
732 1201 2272
1201 732 2272
692 1439 2337
1439 692 2337
2337 692 1439
1011 713 2117
713 1011 2117
2117 713 1011
1935 763 1068
1068 763 1935
763 1068 1935
1853 2268 2481
2268 1853 2481
2481 1853 2268
1287 2081 2771
2771 1287 2081
2081 1287 2771
1161 524 606
524 606 1161
606 524 1161
1642 2031 2945
2945 1642 2031
2031 1642 2945
610 426 633
633 426 610
426 610 633
2269 2503 2870
2870 2269 2503
2503 2269 2870
167 1566 1573
1566 167 1573
1573 167 1566
2794 1138 1295
1138 1295 2794
1295 1138 2794
2558 2823 2874
2823 2558 2874
2874 2558 2823
401 424 1297
1297 401 424
424 401 1297
215 371 2862
371 215 2862
2862 215 371
1594 1499 2702
2702 1499 1594
1499 1594 2702
1083 1321 2164
1321 1083 2164
2164 1083 1321
2516 2220 2559
2559 2220 2516
2220 2516 2559
703 1089 2198
2198 703 1089
1089 703 2198
287 501 2826
2826 287 501
501 287 2826
1919 554 2486
554 1919 2486
2486 554 1919
2796 1392 2361
1392 2361 2796
2361 1392 2796
912 1072 2764
1072 912 2764
2764 912 1072
260 972 1870
972 260 1870
1870 260 972
1298 238 1896
238 1298 1896
1896 238 1298
211 617 1246
617 211 1246
1246 211 617
1894 182 388
388 182 1894
182 388 1894
2889 915 2825
915 2825 2889
2825 915 2889
846 1325 2907
2907 846 1325
1325 846 2907
1372 1046 1636
1636 1046 1372
1046 1372 1636
1399 1238 2036
1238 1399 2036
2036 1238 1399
2462 945 1358
945 1358 2462
1358 945 2462
1404 949 2583
949 1404 2583
2583 949 1404
2982 1245 1527
1527 1245 2982
1245 1527 2982
2807 1015 1044
1044 1015 2807
1015 1044 2807
68 3 2557
2557 3 68
3 68 2557
1271 677 2245
2245 677 1271
677 1271 2245
1902 1380 2232
1380 1902 2232
2232 1380 1902
1781 1279 1889
1279 1781 1889
1889 1279 1781
2901 1727 1767
1727 1767 2901
1767 1727 2901
962 1658 2054
1658 962 2054
2054 962 1658
632 1855 2674
2674 632 1855
1855 632 2674
533 917 1744
917 533 1744
1744 533 917
1690 805 2257
2257 805 1690
805 1690 2257
1736 661 934
934 661 1736
661 934 1736
1105 156 2768
156 1105 2768
2768 156 1105
2526 586 1962
1962 586 2526
586 1962 2526
615 1639 2801
2801 615 1639
1639 615 2801
2924 952 2896
2896 952 2924
952 2896 2924
653 1262 2379
1262 653 2379
2379 653 1262
2270 1707 1920
1707 1920 2270
1920 1707 2270
1235 806 1793
1793 806 1235
806 1235 1793
1737 1387 2582
2582 1387 1737
1387 1737 2582
1249 468 2185
468 1249 2185
2185 468 1249
2004 2348 2613
2348 2004 2613
2613 2004 2348
1485 979 2403
2403 979 1485
979 1485 2403
2529 503 838
503 838 2529
838 503 2529
62 2443 2660
2660 62 2443
2443 62 2660
1062 548 729
729 548 1062
548 729 1062
638 32 1487
1487 32 638
32 638 1487
740 1400 1820
1400 740 1820
1820 740 1400
2718 992 2777
992 2718 2777
2777 992 2718
1023 1160 2976
2976 1023 1160
1160 1023 2976
2647 480 2761
2761 480 2647
480 2647 2761
1526 67 582
67 582 1526
582 67 1526
1878 2293 2905
2293 1878 2905
2905 1878 2293
2376 1350 1646
1646 1350 2376
1350 1646 2376
1094 714 2811
714 1094 2811
2811 714 1094
1993 1651 2427
1651 1993 2427
2427 1651 1993
1093 272 2391
272 1093 2391
2391 272 1093
1731 2262 2877
2262 1731 2877
2877 1731 2262
1074 950 1898
950 1074 1898
1898 950 1074
454 2265 2610
2610 454 2265
2265 454 2610
2988 570 989
570 989 2988
989 570 2988
1916 256 2941
256 1916 2941
2941 256 1916
593 1844 2949
1844 593 2949
2949 593 1844
1031 2418 2532
2418 1031 2532
2532 1031 2418
1941 45 2908
2908 45 1941
45 1941 2908
2861 142 2754
2754 142 2861
142 2754 2861
2814 164 1337
1337 164 2814
164 1337 2814
1312 1888 1945
1945 1312 1888
1888 1312 1945
254 376 1079
1079 254 376
376 254 1079
1195 83 988
988 83 1195
83 988 1195
2464 1900 2913
2913 1900 2464
1900 2464 2913
935 1629 2791
2791 935 1629
1629 935 2791
1939 2237 2857
2237 1939 2857
2857 1939 2237
684 259 2991
2991 259 684
259 684 2991
2218 1582 1924
1924 1582 2218
1582 1924 2218
1730 199 1338
199 1338 1730
1338 199 1730
2374 359 1583
1583 359 2374
359 1583 2374
431 689 1592
1592 431 689
689 431 1592
855 98 1414
1414 98 855
98 855 1414
2161 2 2352
2352 2 2161
2 2161 2352
897 1285 2196
1285 897 2196
2196 897 1285
2089 1981 2822
1981 2089 2822
2822 1981 2089
2882 642 1218
642 1218 2882
1218 642 2882
2797 1269 2953
2953 1269 2797
1269 2797 2953
1517 705 1253
1253 705 1517
705 1253 1517
1724 810 1577
810 1577 1724
1577 810 1724
331 1880 2455
1880 331 2455
2455 331 1880
901 1906 2632
1906 901 2632
2632 901 1906
2484 977 1964
977 1964 2484
1964 977 2484
2863 1540 2815
1540 2815 2863
2815 1540 2863
2721 978 2707
2707 978 2721
978 2707 2721
2438 493 1856
493 1856 2438
1856 493 2438
2100 77 986
77 986 2100
986 77 2100
958 1703 1858
1858 958 1703
1703 958 1858
1330 1438 2710
1438 1330 2710
2710 1330 1438
2226 1187 1662
1187 1662 2226
1662 1187 2226
1876 814 1627
1627 814 1876
814 1627 1876
635 1194 2587
1194 635 2587
2587 635 1194
1090 1931 2077
1931 1090 2077
2077 1090 1931
1913 1424 1748
1748 1424 1913
1424 1748 1913
528 1460 2591
1460 528 2591
2591 528 1460
2108 609 1006
609 1006 2108
1006 609 2108
733 537 1003
537 733 1003
1003 537 733
1635 308 2202
2202 308 1635
308 1635 2202
1336 137 1293
137 1293 1336
1293 137 1336
2144 2142 2975
2975 2142 2144
2142 2144 2975
2689 851 2787
2787 851 2689
851 2689 2787
561 1242 2446
2446 561 1242
1242 561 2446
1712 1018 1678
1018 1678 1712
1678 1018 1712
2618 681 1723
1723 681 2618
681 1723 2618
1098 1515 2657
1515 1098 2657
2657 1098 1515
114 815 1154
1154 114 815
815 114 1154
485 31 385
385 31 485
31 385 485
1797 2182 2630
2182 1797 2630
2630 1797 2182
1533 117 1454
117 1454 1533
1454 117 1533
2715 35 1268
35 1268 2715
1268 35 2715
963 715 930
715 930 963
930 715 963
104 1278 2039
2039 104 1278
1278 104 2039
2470 1329 1830
1329 1830 2470
1830 1329 2470
1076 1534 1649
1649 1076 1534
1534 1076 1649
697 550 1353
1353 550 697
550 697 1353
2433 687 2228
687 2228 2433
2228 687 2433
1374 489 1569
1569 489 1374
489 1374 1569
1277 2003 2033
2033 1277 2003
2003 1277 2033
765 93 1174
93 765 1174
1174 93 765
869 823 1406
823 869 1406
1406 823 869
1060 1196 2818
1196 1060 2818
2818 1060 1196
2873 307 2369
2369 307 2873
307 2369 2873
728 36 2753
36 728 2753
2753 36 728
821 832 2294
2294 821 832
832 821 2294
449 578 998
998 449 578
578 449 998
242 1286 1440
1440 242 1286
1286 242 1440
2278 22 2765
2765 22 2278
22 2278 2765
1452 306 850
306 850 1452
850 306 1452
2611 854 2536
2536 854 2611
854 2536 2611
70 41 572
41 70 572
572 41 70
2303 1193 2353
2353 1193 2303
1193 2303 2353
315 1716 2729
1716 315 2729
2729 315 1716
707 1063 2390
1063 707 2390
2390 707 1063
1345 1165 2239
1165 1345 2239
2239 1165 1345
1518 197 2940
2940 197 1518
197 1518 2940
2463 229 1130
1130 229 2463
229 1130 2463
2474 761 2779
2779 761 2474
761 2474 2779
563 237 1220
237 563 1220
1220 237 563
129 614 2929
2929 129 614
614 129 2929
2430 2299 2831
2831 2299 2430
2299 2430 2831
1680 2495 2906
2906 1680 2495
2495 1680 2906
1136 185 604
604 185 1136
185 604 1136
2207 2639 2989
2639 2207 2989
2989 2207 2639
1363 774 847
774 847 1363
847 774 1363
579 2259 2950
2950 579 2259
2259 579 2950
381 1331 2170
2170 381 1331
1331 381 2170
2703 685 2876
685 2703 2876
2876 685 2703
64 1398 2459
2459 64 1398
1398 64 2459
48 522 1683
522 48 1683
1683 48 522
2827 163 2672
163 2672 2827
2672 163 2827
545 658 2574
2574 545 658
658 545 2574
997 2302 2494
2494 997 2302
2302 997 2494
2350 1284 1558
1558 1284 2350
1284 1558 2350
473 1598 1833
1598 473 1833
1833 473 1598
2974 637 679
679 637 2974
637 679 2974
1483 532 1682
532 1483 1682
1682 532 1483
831 2030 2122
2030 831 2122
2122 831 2030
2755 822 2790
822 2755 2790
2790 822 2755
488 971 1470
971 488 1470
1470 488 971
1057 81 2120
2120 81 1057
81 1057 2120
2735 358 902
902 358 2735
358 902 2735
2336 2305 2804
2305 2336 2804
2804 2305 2336
2675 230 1505
1505 230 2675
230 1505 2675
1511 1232 2645
1232 1511 2645
2645 1232 1511
24 953 2890
953 24 2890
2890 24 953
2456 461 576
576 461 2456
461 576 2456
839 1805 1863
1805 839 1863
1863 839 1805
2165 110 675
110 675 2165
675 110 2165
2793 108 2519
2519 108 2793
108 2519 2793
1255 89 2743
2743 89 1255
89 1255 2743
286 99 118
118 99 286
99 118 286
2512 775 2485
775 2485 2512
2485 775 2512
939 154 641
154 641 939
641 154 939
274 603 1609
1609 274 603
603 274 1609
369 1183 2720
1183 369 2720
2720 369 1183
2686 402 2511
2511 402 2686
402 2511 2686
52 1459 2741
2741 52 1459
1459 52 2741
1987 731 788
731 788 1987
788 731 1987
1316 1234 2897
2897 1234 1316
1234 1316 2897
2708 366 1323
1323 366 2708
366 1323 2708
1152 861 1615
1615 861 1152
861 1152 1615
1352 158 2169
158 1352 2169
2169 158 1352
1200 1324 1676
1676 1200 1324
1324 1200 1676
1281 2153 2961
2961 1281 2153
2153 1281 2961
1445 1101 2662
1101 1445 2662
2662 1101 1445
2766 1145 2533
2533 1145 2766
1145 2533 2766
2973 2174 2965
2965 2174 2973
2174 2965 2973
2518 1108 2422
1108 2422 2518
2422 1108 2518
892 1177 2295
1177 892 2295
2295 892 1177
187 112 2058
112 187 2058
2058 112 187
2413 719 2643
2643 719 2413
719 2413 2643
1616 206 333
206 333 1616
333 206 1616
2701 720 1528
720 1528 2701
1528 720 2701
961 352 2387
352 961 2387
2387 352 961
2440 327 486
486 327 2440
327 486 2440
1280 1626 1634
1626 1280 1634
1634 1280 1626
1064 444 1875
444 1064 1875
1875 444 1064
2544 200 2150
200 2150 2544
2150 200 2544
881 937 2910
2910 881 937
937 881 2910
2016 976 1132
976 1132 2016
1132 976 2016
8 2538 2641
2538 8 2641
2641 8 2538
955 1303 2112
1303 955 2112
2112 955 1303
285 2744 2835
2835 285 2744
2744 285 2835
2280 43 323
43 323 2280
323 43 2280
40 151 357
151 40 357
357 40 151
529 505 2917
505 529 2917
2917 505 529
1075 2600 2849
2600 1075 2849
2849 1075 2600
1149 1355 1543
1543 1149 1355
1355 1149 1543
859 824 2078
824 859 2078
2078 824 859
1100 12 969
969 12 1100
12 969 1100
1501 709 918
709 918 1501
918 709 1501
421 1909 2109
1909 421 2109
2109 421 1909
1265 85 1628
1628 85 1265
85 1265 1628
2921 648 1096
648 1096 2921
1096 648 2921
1455 1216 1434
1434 1216 1455
1216 1434 1455
1691 693 943
693 943 1691
943 693 1691
1621 233 1469
1469 233 1621
233 1469 1621
20 443 2064
443 20 2064
2064 20 443
2206 497 2009
497 2009 2206
2009 497 2206
311 1548 2107
1548 311 2107
2107 311 1548
2933 471 2834
471 2834 2933
2834 471 2933
786 507 2885
2885 507 786
507 786 2885
2325 2395 2892
2892 2325 2395
2395 2325 2892
2820 139 659
659 139 2820
139 659 2820
993 234 309
309 234 993
234 309 993
1428 968 1997
1997 968 1428
968 1428 1997
389 1732 1832
1732 389 1832
1832 389 1732
481 342 1436
1436 342 481
342 481 1436
694 2014 2709
2014 694 2709
2709 694 2014
1343 723 2309
2309 723 1343
723 1343 2309
1871 1357 2068
2068 1357 1871
1357 1871 2068
2310 1204 1753
1204 1753 2310
1753 1204 2310
2415 573 1479
573 1479 2415
1479 573 2415
5 279 2586
2586 5 279
279 5 2586
580 539 2156
2156 539 580
539 580 2156
2027 627 1313
627 1313 2027
1313 627 2027
2266 133 929
133 929 2266
929 133 2266
2609 1734 2225
1734 2225 2609
2225 1734 2609
189 874 1036
874 189 1036
1036 189 874
1020 2283 2398
2283 1020 2398
2398 1020 2283
751 2032 2520
2032 751 2520
2520 751 2032
1823 122 1289
1289 122 1823
122 1289 1823
2160 620 2737
2737 620 2160
620 2160 2737
1155 2895 2944
2895 1155 2944
2944 1155 2895
1661 134 1291
1291 134 1661
134 1291 1661
1384 1457 2451
1457 1384 2451
2451 1384 1457
745 1521 2994
2994 745 1521
1521 745 2994
294 1839 2966
1839 294 2966
2966 294 1839
2355 2435 2581
2435 2355 2581
2581 2355 2435
2079 1959 2694
1959 2079 2694
2694 1959 2079
1139 251 367
367 251 1139
251 367 1139
1770 502 1197
502 1197 1770
1197 502 1770
1084 630 2561
2561 630 1084
630 1084 2561
1585 2190 2723
2190 1585 2723
2723 1585 2190
2370 1709 2334
1709 2334 2370
2334 1709 2370
2629 1743 2222
1743 2222 2629
2222 1743 2629
49 2406 2760
2760 49 2406
2406 49 2760
2113 1041 1895
1041 1895 2113
1895 1041 2113
2697 599 942
599 942 2697
942 599 2697
2997 494 1837
494 1837 2997
1837 494 2997
2594 194 1411
194 1411 2594
1411 194 2594
619 356 1873
1873 356 619
356 619 1873
791 1831 2385
2385 791 1831
1831 791 2385
2436 269 2547
269 2436 2547
2547 269 2436
328 2130 2187
2187 328 2130
2130 328 2187
504 690 1539
1539 504 690
690 504 1539
2951 1568 1722
1722 1568 2951
1568 1722 2951
1040 184 778
184 778 1040
778 184 1040
1664 96 2306
2306 96 1664
96 1664 2306
1659 906 1828
1828 906 1659
906 1659 1828
1656 1510 1603
1510 1603 1656
1603 1510 1656
922 97 1883
1883 97 922
97 922 1883
1647 2060 2479
2060 1647 2479
2479 1647 2060
893 657 1029
657 893 1029
1029 657 893
1158 841 1415
1415 841 1158
841 1158 1415
344 228 1109
228 344 1109
1109 228 344
871 682 2147
682 871 2147
2147 682 871
