20713 14514 21065
21065 14514 20713
14514 20713 21065
11192 10085 12105
12105 10085 11192
10085 11192 12105
7336 9509 16895
9509 7336 16895
16895 7336 9509
9746 6495 6528
6495 6528 9746
6528 6495 9746
15470 1742 9956
9956 1742 15470
1742 9956 15470
3962 3878 24034
24034 3878 3962
3878 3962 24034
19622 15097 29695
29695 15097 19622
15097 19622 29695
17257 8535 17001
17001 8535 17257
8535 17001 17257
1231 20504 28589
28589 1231 20504
20504 1231 28589
2133 7915 27909
27909 2133 7915
7915 2133 27909
29994 16588 28146
16588 28146 29994
28146 16588 29994
9597 11827 17878
11827 9597 17878
17878 9597 11827
11782 23418 29387
29387 11782 23418
23418 11782 29387
6446 248 23088
23088 248 6446
248 6446 23088
24417 5722 21113
5722 21113 24417
21113 5722 24417
21573 11536 23999
23999 11536 21573
11536 21573 23999
19755 875 12720
12720 875 19755
875 12720 19755
16913 9587 16251
16251 9587 16913
9587 16251 16913
6721 3992 12743
12743 3992 6721
3992 6721 12743
6709 87 2300
87 2300 6709
2300 87 6709
16319 13535 21682
13535 16319 21682
21682 13535 16319
10397 6529 14796
14796 6529 10397
6529 10397 14796
28290 2012 2387
2387 2012 28290
2012 2387 28290
15004 17450 26913
26913 15004 17450
17450 15004 26913
25601 21922 23307
23307 21922 25601
21922 23307 25601
7017 3879 28993
28993 3879 7017
3879 7017 28993
24059 10590 16738
10590 16738 24059
16738 10590 24059
16342 15496 15910
15910 15496 16342
15496 15910 16342
6411 6072 13909
6072 6411 13909
13909 6072 6411
28212 5802 9411
9411 5802 28212
5802 9411 28212
882 9959 22409
22409 882 9959
9959 882 22409
11850 265 18075
265 11850 18075
18075 265 11850
2992 14185 25441
14185 2992 25441
25441 2992 14185
19883 6428 16933
6428 16933 19883
16933 6428 19883
16805 4707 5217
4707 5217 16805
5217 4707 16805
17423 6397 17831
17831 6397 17423
6397 17423 17831
10126 3046 16962
3046 10126 16962
16962 3046 10126
23382 14290 23268
23268 14290 23382
14290 23268 23382
16748 1432 24853
1432 16748 24853
24853 1432 16748
549 11159 13717
13717 549 11159
11159 549 13717
15506 3861 16030
3861 15506 16030
16030 3861 15506
23497 17373 27870
17373 23497 27870
27870 17373 23497
2366 1798 10591
1798 2366 10591
10591 1798 2366
19726 23388 29965
23388 19726 29965
29965 19726 23388
182 9884 20772
20772 182 9884
9884 182 20772
2991 13038 14722
13038 2991 14722
14722 2991 13038
14607 2349 4414
2349 4414 14607
4414 2349 14607
3552 8428 23323
8428 3552 23323
23323 3552 8428
8102 11961 15149
15149 8102 11961
11961 8102 15149
24658 8549 9798
9798 8549 24658
8549 9798 24658
27530 5501 27318
27318 5501 27530
5501 27318 27530
23921 3980 5079
3980 5079 23921
5079 3980 23921
11976 15821 29913
15821 11976 29913
29913 11976 15821
19951 25029 29558
25029 19951 29558
29558 19951 25029
27258 9089 22498
9089 22498 27258
22498 9089 27258
16737 11902 12667
11902 12667 16737
12667 11902 16737
20332 605 6259
6259 605 20332
605 6259 20332
19798 3263 24773
3263 19798 24773
24773 3263 19798
1226 5220 13497
13497 1226 5220
5220 1226 13497
15622 9776 13857
13857 9776 15622
9776 13857 15622
10135 78 12334
12334 78 10135
78 10135 12334
4277 5212 21058
5212 4277 21058
21058 4277 5212
7366 24195 28409
24195 7366 28409
28409 7366 24195
4154 18391 23188
23188 4154 18391
18391 4154 23188
25925 7724 13319
7724 13319 25925
13319 7724 25925
27699 4125 25721
4125 25721 27699
25721 4125 27699
28869 24347 28844
28844 24347 28869
24347 28844 28869
7879 19900 28927
28927 7879 19900
19900 7879 28927
5872 20428 29150
29150 5872 20428
20428 5872 29150
13919 2457 11971
2457 11971 13919
11971 2457 13919
25576 12747 14430
12747 14430 25576
14430 12747 25576
25080 4431 29453
4431 25080 29453
29453 4431 25080
4679 13960 21332
13960 4679 21332
21332 4679 13960
1362 4924 8030
8030 1362 4924
4924 1362 8030
6913 17654 21599
21599 6913 17654
17654 6913 21599
20948 1183 22027
22027 1183 20948
1183 20948 22027
7068 11417 22323
22323 7068 11417
11417 7068 22323
21297 9472 22420
22420 9472 21297
9472 21297 22420
16075 1124 12790
1124 12790 16075
12790 1124 16075
21846 5713 22844
22844 5713 21846
5713 21846 22844
12703 1082 6625
1082 6625 12703
6625 1082 12703
12945 4587 16239
4587 12945 16239
16239 4587 12945
20631 2505 7991
7991 2505 20631
2505 7991 20631
10139 14530 27100
27100 10139 14530
14530 10139 27100
3088 9155 15934
15934 3088 9155
9155 3088 15934
15663 13490 27878
13490 15663 27878
27878 13490 15663
6395 13637 20224
13637 6395 20224
20224 6395 13637
25066 12645 22346
22346 12645 25066
12645 22346 25066
24113 5626 25866
25866 5626 24113
5626 24113 25866
12042 6460 12294
12294 6460 12042
6460 12042 12294
2098 26850 27321
27321 2098 26850
26850 2098 27321
19565 19307 25960
19307 19565 25960
25960 19307 19565
951 2672 16685
16685 951 2672
2672 951 16685
20452 24549 28470
24549 20452 28470
28470 20452 24549
6712 7018 12928
7018 6712 12928
12928 6712 7018
6892 3363 3407
3407 3363 6892
3363 3407 6892
18122 4785 21485
4785 18122 21485
21485 4785 18122
23996 14480 17407
14480 17407 23996
17407 14480 23996
10211 1819 11805
1819 10211 11805
11805 1819 10211
19174 10680 17181
10680 17181 19174
17181 10680 19174
26233 10356 26754
10356 26233 26754
26754 10356 26233
17958 4326 16775
16775 4326 17958
4326 16775 17958
6605 10848 18377
10848 6605 18377
18377 6605 10848
18970 11070 15073
15073 11070 18970
11070 15073 18970
5787 460 24641
460 5787 24641
24641 460 5787
21170 6834 13649
13649 6834 21170
6834 13649 21170
26648 17243 26796
26796 17243 26648
17243 26648 26796
11673 10932 23184
23184 10932 11673
10932 11673 23184
11528 328 26311
328 11528 26311
26311 328 11528
20111 2393 21158
2393 20111 21158
21158 2393 20111
10045 23849 27693
23849 10045 27693
27693 10045 23849
18522 23172 29900
29900 18522 23172
23172 18522 29900
8437 4461 9808
4461 8437 9808
9808 4461 8437
18714 24177 25554
25554 18714 24177
24177 18714 25554
14788 20376 25043
20376 14788 25043
25043 14788 20376
16482 9742 29895
9742 16482 29895
29895 9742 16482
12309 16263 29155
16263 12309 29155
29155 12309 16263
5114 1576 17787
1576 5114 17787
17787 1576 5114
20352 10784 26312
10784 20352 26312
26312 10784 20352
25352 883 28392
883 25352 28392
28392 883 25352
21616 26978 29905
29905 21616 26978
26978 21616 29905
9271 1200 16068
1200 9271 16068
16068 1200 9271
11955 13812 26209
26209 11955 13812
13812 11955 26209
9855 17068 19124
17068 9855 19124
19124 9855 17068
6552 14962 27187
27187 6552 14962
14962 6552 27187
23023 2946 4108
4108 2946 23023
2946 4108 23023
5166 17212 24527
24527 5166 17212
17212 5166 24527
10098 2909 11473
11473 2909 10098
2909 10098 11473
17134 15797 16812
15797 16812 17134
16812 15797 17134
18042 18444 26240
26240 18042 18444
18444 18042 26240
14249 6828 17493
17493 6828 14249
6828 14249 17493
14038 256 6864
256 6864 14038
6864 256 14038
6698 3467 28979
3467 6698 28979
28979 3467 6698
6640 7077 23020
7077 6640 23020
23020 6640 7077
17339 11267 25420
11267 17339 25420
25420 11267 17339
6634 1445 11676
1445 6634 11676
11676 1445 6634
27236 7207 24359
7207 24359 27236
24359 7207 27236
3554 9468 24972
9468 3554 24972
24972 3554 9468
22913 6194 15167
6194 15167 22913
15167 6194 22913
17778 1620 20769
20769 1620 17778
1620 17778 20769
12278 10628 21070
10628 12278 21070
21070 10628 12278
5247 1299 14558
1299 5247 14558
14558 1299 5247
20822 6054 24976
24976 6054 20822
6054 20822 24976
28304 9349 10922
9349 10922 28304
10922 9349 28304
19922 13537 17049
17049 13537 19922
13537 17049 19922
13123 7722 21224
21224 7722 13123
7722 13123 21224
29395 10951 17683
10951 17683 29395
17683 10951 29395
6849 6216 11943
11943 6216 6849
6216 6849 11943
19720 11951 17803
17803 11951 19720
11951 17803 19720
19186 6730 17775
17775 6730 19186
6730 17775 19186
22022 1306 21228
21228 1306 22022
1306 21228 22022
17907 8658 9475
8658 9475 17907
9475 8658 17907
1341 6986 17308
6986 1341 17308
17308 1341 6986
18298 164 18115
164 18115 18298
18115 164 18298
11577 21236 27008
27008 11577 21236
21236 11577 27008
24200 12069 20457
20457 12069 24200
12069 20457 24200
4428 4342 9301
9301 4342 4428
4342 4428 9301
6687 17310 24690
24690 6687 17310
17310 6687 24690
29471 557 15201
557 15201 29471
15201 557 29471
5920 8807 27875
27875 5920 8807
8807 5920 27875
18823 1896 27289
27289 1896 18823
1896 18823 27289
7913 665 21974
21974 665 7913
665 7913 21974
2113 5008 12336
12336 2113 5008
5008 2113 12336
25219 14830 20313
20313 14830 25219
14830 20313 25219
13119 13077 13305
13305 13077 13119
13077 13119 13305
15802 15337 28193
28193 15337 15802
15337 15802 28193
22786 8444 13603
13603 8444 22786
8444 13603 22786
15134 10307 26907
26907 10307 15134
10307 15134 26907
1860 20319 27973
20319 1860 27973
27973 1860 20319
15358 3089 21492
3089 15358 21492
21492 3089 15358
29805 2190 17960
17960 2190 29805
2190 17960 29805
23634 7356 13648
13648 7356 23634
7356 13648 23634
8902 11359 20640
11359 8902 20640
20640 8902 11359
15681 8035 8225
8035 8225 15681
8225 8035 15681
28847 6727 23187
23187 6727 28847
6727 23187 28847
21325 6602 9636
9636 6602 21325
6602 9636 21325
239 148 17606
148 239 17606
17606 148 239
24396 10148 13974
13974 10148 24396
10148 13974 24396
14603 15473 24111
24111 14603 15473
15473 14603 24111
27576 17521 28723
28723 17521 27576
17521 27576 28723
8971 27036 29754
27036 8971 29754
29754 8971 27036
2638 2431 26872
26872 2431 2638
2431 2638 26872
20274 5450 15179
15179 5450 20274
5450 15179 20274
15878 6755 13884
13884 6755 15878
6755 13884 15878
10966 7636 17188
17188 7636 10966
7636 10966 17188
5780 28548 28693
28548 5780 28693
28693 5780 28548
20072 1690 9709
9709 1690 20072
1690 9709 20072
15110 4238 29013
4238 15110 29013
29013 4238 15110
10969 4477 10964
4477 10964 10969
10964 4477 10969
22619 8124 18220
18220 8124 22619
8124 18220 22619
25041 11351 23865
23865 11351 25041
11351 23865 25041
14012 15513 16131
16131 14012 15513
15513 14012 16131
9592 12112 17277
12112 9592 17277
17277 9592 12112
12001 1611 24058
24058 1611 12001
1611 12001 24058
20405 15547 20824
20824 15547 20405
15547 20405 20824
1132 23216 26980
26980 1132 23216
23216 1132 26980
2019 1866 7488
7488 1866 2019
1866 2019 7488
1472 19758 29867
19758 1472 29867
29867 1472 19758
22848 3947 19802
19802 3947 22848
3947 19802 22848
24594 13130 25090
13130 24594 25090
25090 13130 24594
1847 4276 8405
8405 1847 4276
4276 1847 8405
14188 17004 19488
19488 14188 17004
17004 14188 19488
1078 25826 26036
26036 1078 25826
25826 1078 26036
3849 16247 18367
16247 3849 18367
18367 3849 16247
11350 3032 6040
3032 6040 11350
6040 3032 11350
16515 6500 26981
6500 16515 26981
26981 6500 16515
15343 6750 10101
10101 6750 15343
6750 10101 15343
25153 17395 29714
17395 25153 29714
29714 17395 25153
7260 3854 4668
4668 3854 7260
3854 4668 7260
25355 3345 8189
8189 3345 25355
3345 8189 25355
663 4622 8897
4622 663 8897
8897 663 4622
19639 15531 25744
25744 15531 19639
15531 19639 25744
15270 3549 5676
5676 3549 15270
3549 5676 15270
18789 11751 13373
11751 13373 18789
13373 11751 18789
1083 17955 20226
17955 1083 20226
20226 1083 17955
29174 7294 22306
7294 22306 29174
22306 7294 29174
6468 208 16436
16436 208 6468
208 6468 16436
3859 2015 4338
2015 3859 4338
4338 2015 3859
6381 2140 2427
2427 2140 6381
2140 2427 6381
9567 24258 29959
29959 9567 24258
24258 9567 29959
13110 4795 12654
4795 12654 13110
12654 4795 13110
3686 10221 28951
28951 3686 10221
10221 3686 28951
28250 13864 22333
22333 13864 28250
13864 22333 28250
10730 1887 12230
1887 10730 12230
12230 1887 10730
12628 545 24083
545 12628 24083
24083 545 12628
23478 15461 23742
15461 23478 23742
23742 15461 23478
14256 20510 25599
25599 14256 20510
20510 14256 25599
27976 2181 14389
14389 2181 27976
2181 14389 27976
27450 18632 29469
29469 18632 27450
18632 27450 29469
16260 611 21990
611 16260 21990
21990 611 16260
25229 12460 13587
12460 13587 25229
13587 12460 25229
23176 5833 18110
5833 18110 23176
18110 5833 23176
4835 11275 24428
11275 4835 24428
24428 4835 11275
4474 16796 17568
16796 4474 17568
17568 4474 16796
14407 1477 10531
1477 10531 14407
10531 1477 14407
15871 9291 28806
9291 15871 28806
28806 9291 15871
9665 15546 22679
22679 9665 15546
15546 9665 22679
29741 4954 12749
4954 12749 29741
12749 4954 29741
20424 11374 16683
11374 16683 20424
16683 11374 20424
11389 772 27001
27001 772 11389
772 11389 27001
18179 15549 22297
22297 15549 18179
15549 18179 22297
25980 10810 11933
11933 10810 25980
10810 11933 25980
29645 2615 9303
2615 9303 29645
9303 2615 29645
24023 26261 29669
26261 24023 29669
29669 24023 26261
581 16220 29942
16220 581 29942
29942 581 16220
16233 5997 16330
5997 16233 16330
16330 5997 16233
24891 790 1339
790 1339 24891
1339 790 24891
114 22378 25614
22378 114 25614
25614 114 22378
14797 6666 26934
26934 6666 14797
6666 14797 26934
15509 5117 26695
26695 5117 15509
5117 15509 26695
20549 8864 18250
8864 18250 20549
18250 8864 20549
25136 2662 14535
2662 14535 25136
14535 2662 25136
20607 9387 23939
9387 20607 23939
23939 9387 20607
8382 12185 23298
23298 8382 12185
12185 8382 23298
17119 16647 23129
16647 17119 23129
23129 16647 17119
3743 7707 15284
15284 3743 7707
7707 3743 15284
2540 4399 29775
29775 2540 4399
4399 2540 29775
9911 11436 20440
20440 9911 11436
11436 9911 20440
25597 942 28617
28617 942 25597
942 25597 28617
5941 2768 21693
2768 5941 21693
21693 2768 5941
5255 10687 13293
10687 5255 13293
13293 5255 10687
25624 9314 17465
17465 9314 25624
9314 17465 25624
7556 4808 20596
4808 7556 20596
20596 4808 7556
17195 8333 15993
15993 8333 17195
8333 15993 17195
26647 1547 26744
1547 26647 26744
26744 1547 26647
26709 859 21740
859 21740 26709
21740 859 26709
27234 10965 14379
10965 14379 27234
14379 10965 27234
16695 17659 18061
18061 16695 17659
17659 16695 18061
4541 3991 6853
3991 4541 6853
6853 3991 4541
15279 4968 22781
22781 4968 15279
4968 15279 22781
2791 14213 23067
23067 2791 14213
14213 2791 23067
21320 8728 24199
8728 21320 24199
24199 8728 21320
23153 725 12390
12390 725 23153
725 12390 23153
3794 22713 29587
29587 3794 22713
22713 3794 29587
15104 9639 15288
15288 9639 15104
9639 15104 15288
29912 8330 18273
8330 18273 29912
18273 8330 29912
13942 13493 17898
13493 13942 17898
17898 13493 13942
18955 11709 26604
11709 18955 26604
26604 11709 18955
19917 4628 13568
13568 4628 19917
4628 13568 19917
12953 6217 26575
6217 12953 26575
26575 6217 12953
26128 19363 29742
19363 26128 29742
29742 19363 26128
11132 28769 29110
29110 11132 28769
28769 11132 29110
29151 19042 25239
19042 25239 29151
25239 19042 29151
8000 27438 28123
27438 8000 28123
28123 8000 27438
7858 17513 23619
17513 7858 23619
23619 7858 17513
23772 7884 12018
12018 7884 23772
7884 12018 23772
9040 5951 16675
16675 5951 9040
5951 9040 16675
14532 22381 29863
22381 14532 29863
29863 14532 22381
16633 2367 20477
20477 2367 16633
2367 16633 20477
49 6843 12522
12522 49 6843
6843 49 12522
19842 2872 4324
2872 4324 19842
4324 2872 19842
8667 18034 22428
22428 8667 18034
18034 8667 22428
8742 12120 19166
12120 8742 19166
19166 8742 12120
29989 19624 21541
21541 19624 29989
19624 21541 29989
11379 24097 24401
24401 11379 24097
24097 11379 24401
15771 8493 9903
9903 8493 15771
8493 9903 15771
11106 19761 19931
19761 11106 19931
19931 11106 19761
2226 1495 2960
2960 1495 2226
1495 2226 2960
17368 7233 16267
7233 16267 17368
16267 7233 17368
14563 19105 21498
19105 14563 21498
21498 14563 19105
389 5072 28187
28187 389 5072
5072 389 28187
25349 4692 26096
26096 4692 25349
4692 25349 26096
7208 16573 17280
16573 7208 17280
17280 7208 16573
2049 938 23371
23371 938 2049
938 2049 23371
25121 21501 26887
26887 21501 25121
21501 25121 26887
20748 13531 26858
26858 13531 20748
13531 20748 26858
7036 11430 16577
11430 7036 16577
16577 7036 11430
26624 649 3024
3024 649 26624
649 3024 26624
25810 5038 29807
5038 25810 29807
29807 5038 25810
7844 19956 29415
29415 7844 19956
19956 7844 29415
22045 7395 17950
7395 17950 22045
17950 7395 22045
29 9306 11579
9306 29 11579
11579 29 9306
23944 659 24020
24020 659 23944
659 23944 24020
760 18399 26563
18399 760 26563
26563 760 18399
739 98 12765
12765 98 739
98 739 12765
19126 12514 22309
12514 19126 22309
22309 12514 19126
1177 7148 12325
12325 1177 7148
7148 1177 12325
11407 7404 23320
23320 7404 11407
7404 11407 23320
5741 24180 25723
25723 5741 24180
24180 5741 25723
3493 17127 26111
17127 3493 26111
26111 3493 17127
20566 10570 25347
10570 20566 25347
25347 10570 20566
8286 3461 19734
3461 8286 19734
19734 3461 8286
19865 15616 19081
15616 19081 19865
19081 15616 19865
27297 20656 26739
20656 26739 27297
26739 20656 27297
8298 1667 11583
1667 8298 11583
11583 1667 8298
11214 15183 26987
15183 11214 26987
26987 11214 15183
26106 28316 29998
28316 26106 29998
29998 26106 28316
13643 3683 26522
26522 3683 13643
3683 13643 26522
27924 14212 25221
25221 14212 27924
14212 25221 27924
13651 2601 9265
2601 9265 13651
9265 2601 13651
9551 5898 20077
20077 5898 9551
5898 9551 20077
8245 3301 13545
3301 8245 13545
13545 3301 8245
29359 13052 13489
13052 13489 29359
13489 13052 29359
804 14247 24341
14247 804 24341
24341 804 14247
8385 4464 28919
4464 8385 28919
28919 4464 8385
1799 1684 18350
18350 1684 1799
1684 1799 18350
18655 10022 13698
10022 13698 18655
13698 10022 18655
28012 11097 19337
19337 11097 28012
11097 19337 28012
14219 19830 27606
27606 14219 19830
19830 14219 27606
15364 2780 16610
16610 2780 15364
2780 15364 16610
20259 564 24770
24770 564 20259
564 20259 24770
27854 13695 24670
13695 24670 27854
24670 13695 27854
1953 20151 22710
22710 1953 20151
20151 1953 22710
3502 4066 4441
4441 3502 4066
4066 3502 4441
28773 1114 27529
27529 1114 28773
1114 27529 28773
7633 2412 4539
4539 2412 7633
2412 4539 7633
11470 7016 25878
7016 11470 25878
25878 7016 11470
27915 14006 23545
23545 14006 27915
14006 23545 27915
14417 1723 13893
13893 1723 14417
1723 13893 14417
5013 8741 11421
11421 5013 8741
8741 5013 11421
7648 14519 20033
20033 7648 14519
14519 7648 20033
19354 12616 22645
22645 12616 19354
12616 19354 22645
15652 4754 8130
4754 8130 15652
8130 4754 15652
21407 8781 20124
20124 8781 21407
8781 20124 21407
8009 14977 23128
14977 8009 23128
23128 8009 14977
14144 5265 19824
19824 5265 14144
5265 14144 19824
25918 4881 6742
6742 4881 25918
4881 6742 25918
26889 17542 19715
19715 17542 26889
17542 19715 26889
29420 5014 24350
24350 5014 29420
5014 24350 29420
1530 8622 29845
8622 1530 29845
29845 1530 8622
21641 17578 22053
22053 17578 21641
17578 21641 22053
6506 2187 28510
28510 2187 6506
2187 6506 28510
26099 1335 28105
1335 26099 28105
28105 1335 26099
12582 8792 25734
25734 8792 12582
8792 12582 25734
17051 3523 8799
8799 3523 17051
3523 8799 17051
26378 423 4006
4006 423 26378
423 4006 26378
4449 4552 26279
4552 4449 26279
26279 4449 4552
10352 16310 19760
19760 10352 16310
16310 10352 19760
20228 1642 3977
1642 3977 20228
3977 1642 20228
23038 8129 25630
25630 8129 23038
8129 23038 25630
28209 16014 21066
21066 16014 28209
16014 21066 28209
21667 193 7184
193 7184 21667
7184 193 21667
22766 5278 13064
5278 13064 22766
13064 5278 22766
25248 4561 9156
9156 4561 25248
4561 9156 25248
21865 19079 27799
27799 19079 21865
19079 21865 27799
21668 7191 28870
28870 7191 21668
7191 21668 28870
28656 25945 28920
25945 28656 28920
28920 25945 28656
24024 1721 5669
5669 1721 24024
1721 5669 24024
18479 7771 25303
25303 7771 18479
7771 18479 25303
15786 20749 21453
21453 15786 20749
20749 15786 21453
24357 6663 15206
15206 6663 24357
6663 15206 24357
6822 17841 20468
20468 6822 17841
17841 6822 20468
7246 17397 21880
17397 7246 21880
21880 7246 17397
24126 150 14237
14237 150 24126
150 14237 24126
13879 4571 20662
4571 13879 20662
20662 4571 13879
20209 1552 17581
17581 1552 20209
1552 17581 20209
20337 574 29241
574 20337 29241
29241 574 20337
7149 4043 23466
23466 4043 7149
4043 7149 23466
22560 19243 25673
25673 19243 22560
19243 22560 25673
15655 10392 16194
16194 10392 15655
10392 15655 16194
7015 1280 28645
28645 1280 7015
1280 7015 28645
29806 9760 13076
13076 9760 29806
9760 13076 29806
28365 9866 10273
10273 9866 28365
9866 10273 28365
11395 3265 27706
3265 11395 27706
27706 3265 11395
29940 7362 9113
7362 9113 29940
9113 7362 29940
386 6569 20929
6569 386 20929
20929 386 6569
24588 16762 19821
16762 19821 24588
19821 16762 24588
2499 10231 19483
19483 2499 10231
10231 2499 19483
23122 11499 22818
11499 22818 23122
22818 11499 23122
29753 5557 5595
5557 5595 29753
5595 5557 29753
12789 10576 13773
13773 10576 12789
10576 12789 13773
21364 134 19564
19564 134 21364
134 19564 21364
18180 1818 25863
1818 18180 25863
25863 1818 18180
18850 6832 22702
6832 18850 22702
22702 6832 18850
19620 5143 21753
21753 5143 19620
5143 19620 21753
23207 10417 12723
10417 12723 23207
12723 10417 23207
27019 14008 29499
29499 14008 27019
14008 27019 29499
16663 9289 23846
23846 9289 16663
9289 16663 23846
15974 6387 12164
12164 6387 15974
6387 12164 15974
15960 2657 18123
18123 2657 15960
2657 15960 18123
16532 5178 7375
7375 5178 16532
5178 7375 16532
16257 2787 11218
2787 11218 16257
11218 2787 16257
18239 5837 10419
10419 5837 18239
5837 10419 18239
21947 9915 29494
29494 9915 21947
9915 21947 29494
25633 24107 28463
28463 24107 25633
24107 25633 28463
9889 13458 14753
13458 9889 14753
14753 9889 13458
29654 2082 10973
10973 2082 29654
2082 10973 29654
8069 130 27182
27182 130 8069
130 8069 27182
24821 4674 22723
22723 4674 24821
4674 22723 24821
18622 15247 16852
16852 15247 18622
15247 16852 18622
12871 9783 24150
9783 12871 24150
24150 9783 12871
8105 21898 24088
24088 8105 21898
21898 8105 24088
19001 20371 27259
20371 19001 27259
27259 19001 20371
12918 8712 10318
10318 8712 12918
8712 10318 12918
17611 5721 12036
12036 5721 17611
5721 12036 17611
22526 10850 19713
10850 19713 22526
19713 10850 22526
7579 1714 27616
1714 7579 27616
27616 1714 7579
559 1063 10335
1063 559 10335
10335 559 1063
9159 11469 28017
11469 9159 28017
28017 9159 11469
24281 18525 20699
18525 20699 24281
20699 18525 24281
16772 4996 10953
4996 10953 16772
10953 4996 16772
9369 5843 22725
22725 5843 9369
5843 9369 22725
15014 5435 9917
5435 9917 15014
9917 5435 15014
2326 9941 23713
23713 2326 9941
9941 2326 23713
15309 12159 15387
15387 12159 15309
12159 15309 15387
11832 10721 27906
10721 11832 27906
27906 10721 11832
10128 592 17206
592 10128 17206
17206 592 10128
27998 15962 16502
16502 15962 27998
15962 16502 27998
19651 9391 28840
9391 19651 28840
28840 9391 19651
29511 16558 16572
16572 16558 29511
16558 16572 29511
5416 11849 20851
20851 5416 11849
11849 5416 20851
8637 2928 7801
2928 7801 8637
7801 2928 8637
28366 22056 23686
23686 22056 28366
22056 23686 28366
13175 13757 18968
13757 13175 18968
18968 13175 13757
27275 5635 15956
5635 15956 27275
15956 5635 27275
28191 28880 29513
28880 28191 29513
29513 28191 28880
7009 3883 16908
16908 3883 7009
3883 7009 16908
28319 7254 28788
7254 28319 28788
28788 7254 28319
7231 1616 7518
1616 7231 7518
7518 1616 7231
388 22728 26689
22728 388 26689
26689 388 22728
24516 2889 23828
2889 23828 24516
23828 2889 24516
6349 186 28168
28168 186 6349
186 6349 28168
2907 2101 19800
2101 2907 19800
19800 2101 2907
13565 12521 13789
12521 13565 13789
13789 12521 13565
3634 27157 28622
27157 3634 28622
28622 3634 27157
25622 8350 12293
12293 8350 25622
8350 12293 25622
3349 5831 11939
5831 3349 11939
11939 3349 5831
23196 20536 22792
22792 20536 23196
20536 22792 23196
29624 16471 29488
29488 16471 29624
16471 29488 29624
11335 7470 28873
28873 7470 11335
7470 11335 28873
2802 243 17044
243 2802 17044
17044 243 2802
14373 7850 27556
7850 14373 27556
27556 7850 14373
24902 531 22474
22474 531 24902
531 22474 24902
13294 1702 19082
1702 13294 19082
19082 1702 13294
5430 2466 28469
28469 2466 5430
2466 5430 28469
25697 6509 19785
19785 6509 25697
6509 19785 25697
9688 4000 18475
4000 9688 18475
18475 4000 9688
4481 14683 21252
14683 4481 21252
21252 4481 14683
20905 3167 27743
27743 3167 20905
3167 20905 27743
29298 10186 12680
10186 12680 29298
12680 10186 29298
16060 8171 12663
8171 12663 16060
12663 8171 16060
23066 4171 24080
24080 4171 23066
4171 23066 24080
4322 25773 26931
26931 4322 25773
25773 4322 26931
17220 5743 11999
5743 11999 17220
11999 5743 17220
21883 17083 27882
17083 21883 27882
27882 17083 21883
12986 6076 26510
6076 12986 26510
26510 6076 12986
17313 11455 26211
26211 11455 17313
11455 17313 26211
1861 22288 24117
24117 1861 22288
22288 1861 24117
17437 74 27179
74 17437 27179
27179 74 17437
21660 183 12805
12805 183 21660
183 12805 21660
9599 7195 7981
7981 7195 9599
7195 7981 9599
23943 397 16289
16289 397 23943
397 16289 23943
16911 4693 12023
12023 4693 16911
4693 12023 16911
24777 23771 29335
29335 23771 24777
23771 24777 29335
9463 10196 23179
23179 9463 10196
10196 9463 23179
29932 7970 22576
7970 22576 29932
22576 7970 29932
8685 4766 8961
4766 8685 8961
8961 4766 8685
14915 7461 24252
7461 14915 24252
24252 7461 14915
2403 17538 25102
17538 2403 25102
25102 2403 17538
26026 9965 12769
12769 9965 26026
9965 12769 26026
21869 705 18156
705 18156 21869
18156 705 21869
29321 8261 18353
18353 8261 29321
8261 18353 29321
27280 11697 22136
22136 11697 27280
11697 22136 27280
5671 10514 12593
10514 5671 12593
12593 5671 10514
13219 5498 9756
5498 9756 13219
9756 5498 13219
9729 2459 29222
29222 2459 9729
2459 9729 29222
12454 15063 23063
23063 12454 15063
15063 12454 23063
19330 16756 17690
16756 17690 19330
17690 16756 19330
13820 7901 12168
7901 12168 13820
12168 7901 13820
4582 1638 25594
25594 1638 4582
1638 4582 25594
15080 14366 28007
14366 15080 28007
28007 14366 15080
2125 10546 27544
27544 2125 10546
10546 2125 27544
23019 2365 20482
20482 2365 23019
2365 20482 23019
23915 9650 19688
19688 9650 23915
9650 19688 23915
29860 3643 16417
16417 3643 29860
3643 16417 29860
18407 19449 23171
19449 18407 23171
23171 18407 19449
25020 8232 20174
20174 8232 25020
8232 20174 25020
4698 4569 13725
4569 4698 13725
13725 4569 4698
491 1979 4701
1979 491 4701
4701 491 1979
8853 936 7594
936 7594 8853
7594 936 8853
21876 13634 27876
13634 21876 27876
27876 13634 21876
22085 10452 15317
10452 15317 22085
15317 10452 22085
7675 10159 18764
18764 7675 10159
10159 7675 18764
7454 23303 28727
28727 7454 23303
23303 7454 28727
7989 22767 24865
24865 7989 22767
22767 7989 24865
13833 4291 13734
4291 13734 13833
13734 4291 13833
29178 13592 20853
13592 20853 29178
20853 13592 29178
2646 18668 20535
18668 2646 20535
20535 2646 18668
28513 4371 8185
4371 8185 28513
8185 4371 28513
15740 588 17800
17800 588 15740
588 15740 17800
21232 19560 22400
19560 21232 22400
22400 19560 21232
2643 13953 23851
13953 2643 23851
23851 2643 13953
16766 9106 12878
9106 12878 16766
12878 9106 16766
7456 5045 13828
13828 5045 7456
5045 7456 13828
2845 612 13509
612 2845 13509
13509 612 2845
3420 1422 14564
1422 3420 14564
14564 1422 3420
28412 11439 26810
26810 11439 28412
11439 26810 28412
25782 4806 12221
4806 12221 25782
12221 4806 25782
13354 13144 21985
21985 13144 13354
13144 13354 21985
27378 4039 13375
4039 13375 27378
13375 4039 27378
5875 14413 20542
20542 5875 14413
14413 5875 20542
23814 14181 24409
24409 14181 23814
14181 23814 24409
20391 1738 23937
1738 20391 23937
23937 1738 20391
15997 25330 27911
25330 15997 27911
27911 15997 25330
24487 28218 29128
28218 24487 29128
29128 24487 28218
23664 15729 20261
15729 20261 23664
20261 15729 23664
19265 16626 24664
24664 16626 19265
16626 19265 24664
2446 1992 27961
1992 2446 27961
27961 1992 2446
16438 9515 9716
9716 9515 16438
9515 9716 16438
3966 21380 23245
23245 3966 21380
21380 3966 23245
4524 4018 26719
26719 4018 4524
4018 4524 26719
14818 88 28323
88 14818 28323
28323 88 14818
19863 4105 10860
10860 4105 19863
4105 10860 19863
19040 12146 24358
24358 12146 19040
12146 19040 24358
2506 24124 26058
24124 2506 26058
26058 2506 24124
13686 4064 25480
4064 13686 25480
25480 4064 13686
14288 24039 27311
27311 14288 24039
24039 14288 27311
18489 2649 27324
2649 18489 27324
27324 2649 18489
15593 13188 29140
29140 13188 15593
13188 15593 29140
14265 4029 19494
4029 14265 19494
19494 4029 14265
21309 850 4150
4150 850 21309
850 4150 21309
18982 17807 22581
22581 17807 18982
17807 18982 22581
10493 4297 7164
4297 7164 10493
7164 4297 10493
17089 11062 27366
11062 17089 27366
27366 11062 17089
26115 17686 20530
20530 17686 26115
17686 20530 26115
20706 1613 10813
10813 1613 20706
1613 10813 20706
8183 294 24076
294 8183 24076
24076 294 8183
18330 3851 12403
12403 3851 18330
3851 12403 18330
19023 1688 7639
1688 7639 19023
7639 1688 19023
12150 18784 20621
20621 12150 18784
18784 12150 20621
27841 16156 29810
29810 16156 27841
16156 27841 29810
17515 18026 23138
18026 17515 23138
23138 17515 18026
25701 2947 21549
2947 21549 25701
21549 2947 25701
22230 7471 29935
7471 22230 29935
29935 7471 22230
9097 7597 9975
9975 7597 9097
7597 9097 9975
29390 26065 29143
26065 29143 29390
29143 26065 29390
1876 9738 18795
18795 1876 9738
9738 1876 18795
29765 17980 22579
22579 17980 29765
17980 22579 29765
18379 103 28955
28955 103 18379
103 18379 28955
8107 13059 21199
21199 8107 13059
13059 8107 21199
27329 9456 28377
28377 9456 27329
9456 27329 28377
11941 2966 17791
2966 11941 17791
17791 2966 11941
20681 21643 23789
21643 20681 23789
23789 20681 21643
29726 12089 22855
22855 12089 29726
12089 22855 29726
3651 932 4362
932 3651 4362
4362 932 3651
22789 7412 25724
7412 22789 25724
25724 7412 22789
16920 131 28603
131 16920 28603
28603 131 16920
16630 17063 25151
25151 16630 17063
17063 16630 25151
26280 4323 4677
4323 4677 26280
4677 4323 26280
16755 11179 25544
11179 16755 25544
25544 11179 16755
1322 10204 26933
10204 1322 26933
26933 1322 10204
12841 3521 29018
3521 12841 29018
29018 3521 12841
8888 21456 22555
22555 8888 21456
21456 8888 22555
2592 15064 25730
15064 2592 25730
25730 2592 15064
26650 17322 26974
17322 26650 26974
26974 17322 26650
23693 14819 17472
17472 14819 23693
14819 17472 23693
20994 15952 29546
15952 20994 29546
29546 15952 20994
464 2185 16734
2185 464 16734
16734 464 2185
9909 5234 19088
19088 5234 9909
5234 9909 19088
8619 17938 23898
23898 8619 17938
17938 8619 23898
23584 6089 17167
6089 17167 23584
17167 6089 23584
29589 8446 14320
8446 14320 29589
14320 8446 29589
14723 2420 3955
3955 2420 14723
2420 3955 14723
20333 4746 6824
4746 6824 20333
6824 4746 20333
26419 462 5092
462 5092 26419
5092 462 26419
2149 2632 15346
15346 2149 2632
2632 2149 15346
2825 5580 26576
26576 2825 5580
5580 2825 26576
24217 10199 22775
22775 10199 24217
10199 22775 24217
27027 20197 28977
28977 20197 27027
20197 27027 28977
17965 8181 11357
8181 11357 17965
11357 8181 17965
12855 6097 26383
6097 12855 26383
26383 6097 12855
9875 3279 8640
8640 3279 9875
3279 8640 9875
19302 9550 10538
9550 10538 19302
10538 9550 19302
5761 12225 26405
12225 5761 26405
26405 5761 12225
18118 9804 23856
9804 18118 23856
23856 9804 18118
14649 10201 28312
10201 14649 28312
28312 10201 14649
10955 15251 19947
15251 10955 19947
19947 10955 15251
29962 9300 24899
24899 9300 29962
9300 24899 29962
22732 14570 23031
23031 14570 22732
14570 22732 23031
14197 3202 4301
3202 4301 14197
4301 3202 14197
10611 6691 27890
6691 10611 27890
27890 6691 10611
12684 17179 28125
28125 12684 17179
17179 12684 28125
12370 5454 13790
13790 5454 12370
5454 12370 13790
11190 3875 24182
3875 11190 24182
24182 3875 11190
24435 3309 10054
10054 3309 24435
3309 10054 24435
19994 9199 17273
9199 17273 19994
17273 9199 19994
20255 13097 17141
17141 13097 20255
13097 17141 20255
26598 11730 18781
18781 11730 26598
11730 18781 26598
27404 16891 23680
23680 16891 27404
16891 23680 27404
2761 11759 28072
11759 2761 28072
28072 2761 11759
12756 6770 29650
6770 12756 29650
29650 6770 12756
23614 4849 22460
4849 22460 23614
22460 4849 23614
9280 8040 15332
15332 8040 9280
8040 9280 15332
18744 13010 24978
13010 18744 24978
24978 13010 18744
11486 7406 15501
7406 11486 15501
15501 7406 11486
29072 17053 20506
17053 20506 29072
20506 17053 29072
15834 18513 26985
18513 15834 26985
26985 15834 18513
856 6044 26755
26755 856 6044
6044 856 26755
1670 7604 27773
27773 1670 7604
7604 1670 27773
17259 1756 23893
23893 1756 17259
1756 17259 23893
17738 3209 14933
14933 3209 17738
3209 14933 17738
14737 3767 26566
26566 3767 14737
3767 14737 26566
24660 11105 24125
11105 24125 24660
24125 11105 24660
25233 23341 27982
27982 23341 25233
23341 25233 27982
14036 17730 29939
17730 14036 29939
29939 14036 17730
21399 21857 25828
25828 21399 21857
21857 21399 25828
6786 14216 23157
23157 6786 14216
14216 6786 23157
23689 11740 18835
11740 18835 23689
18835 11740 23689
11521 9660 18605
18605 9660 11521
9660 11521 18605
8847 2862 8964
8964 2862 8847
2862 8847 8964
18054 12530 12637
12637 12530 18054
12530 12637 18054
9444 2102 7904
2102 7904 9444
7904 2102 9444
16306 13494 29452
13494 16306 29452
29452 13494 16306
14923 10557 16497
16497 10557 14923
10557 14923 16497
6005 494 10478
10478 494 6005
494 6005 10478
8276 12154 24064
24064 8276 12154
12154 8276 24064
12058 1651 19074
1651 12058 19074
19074 1651 12058
21075 7084 10508
7084 10508 21075
10508 7084 21075
20161 16084 29644
16084 20161 29644
29644 16084 20161
10741 3408 27314
27314 3408 10741
3408 10741 27314
23498 155 25234
25234 155 23498
155 23498 25234
23994 9128 22863
9128 22863 23994
22863 9128 23994
6788 6251 16828
6251 6788 16828
16828 6251 6788
15808 16892 24445
16892 15808 24445
24445 15808 16892
12455 8882 29974
29974 8882 12455
8882 12455 29974
5346 13763 20188
20188 5346 13763
13763 5346 20188
12903 5562 15824
5562 12903 15824
15824 5562 12903
28254 20079 28805
28805 20079 28254
20079 28254 28805
6043 18821 26881
26881 6043 18821
18821 6043 26881
6638 4900 13965
13965 4900 6638
4900 6638 13965
13331 25762 29508
25762 13331 29508
29508 13331 25762
29142 1695 21174
21174 1695 29142
1695 21174 29142
9725 8487 22453
8487 9725 22453
22453 8487 9725
485 12312 24232
24232 485 12312
12312 485 24232
20381 14843 18689
14843 18689 20381
18689 14843 20381
29565 14954 21413
14954 21413 29565
21413 14954 29565
15541 23308 29818
23308 15541 29818
29818 15541 23308
9740 10883 27268
27268 9740 10883
10883 9740 27268
22851 4427 9257
4427 9257 22851
9257 4427 22851
21294 1021 2197
1021 2197 21294
2197 1021 21294
10129 3876 27718
3876 10129 27718
27718 3876 10129
3320 12372 25287
12372 3320 25287
25287 3320 12372
3546 8731 12754
8731 3546 12754
12754 3546 8731
12130 1234 13501
1234 12130 13501
13501 1234 12130
17673 12031 17292
17292 12031 17673
12031 17292 17673
16970 23013 24566
24566 16970 23013
23013 16970 24566
854 6737 15983
15983 854 6737
6737 854 15983
3989 5195 28802
28802 3989 5195
5195 3989 28802
22477 15277 24426
24426 15277 22477
15277 22477 24426
7091 461 9745
461 7091 9745
9745 461 7091
13386 17260 20821
17260 13386 20821
20821 13386 17260
17047 5124 23594
23594 5124 17047
5124 17047 23594
3925 988 1035
1035 988 3925
988 1035 3925
25561 14397 15006
14397 15006 25561
15006 14397 25561
23232 3747 16743
3747 16743 23232
16743 3747 23232
23445 6924 15120
6924 15120 23445
15120 6924 23445
2510 4856 13211
13211 2510 4856
4856 2510 13211
11332 6360 14479
14479 6360 11332
6360 11332 14479
24645 12141 12994
12994 12141 24645
12141 12994 24645
26006 20059 27970
20059 26006 27970
27970 20059 26006
10281 5607 11898
5607 10281 11898
11898 5607 10281
15192 6115 29735
29735 6115 15192
6115 15192 29735
24677 21206 26638
21206 24677 26638
26638 21206 24677
23535 2743 11821
2743 11821 23535
11821 2743 23535
1671 4133 24680
24680 1671 4133
4133 1671 24680
27873 7595 12626
12626 7595 27873
7595 12626 27873
381 16120 22513
16120 381 22513
22513 381 16120
13310 18263 19853
19853 13310 18263
18263 13310 19853
8702 1989 11405
11405 1989 8702
1989 8702 11405
5645 10153 17314
17314 5645 10153
10153 5645 17314
4952 12062 15437
15437 4952 12062
12062 4952 15437
3714 6880 8834
8834 3714 6880
6880 3714 8834
25207 3213 25476
25476 3213 25207
3213 25207 25476
11915 10373 27056
27056 10373 11915
10373 11915 27056
7651 5384 6938
5384 6938 7651
6938 5384 7651
24620 1621 27073
1621 24620 27073
27073 1621 24620
28383 3733 5718
3733 5718 28383
5718 3733 28383
14062 10599 14808
14808 10599 14062
10599 14062 14808
18477 15082 15205
15205 15082 18477
15082 15205 18477
12247 152 23210
152 12247 23210
23210 152 12247
889 2989 17281
17281 889 2989
2989 889 17281
25827 18063 27055
27055 18063 25827
18063 25827 27055
24205 268 2059
2059 268 24205
268 2059 24205
18023 12079 22840
22840 12079 18023
12079 18023 22840
19531 18214 20586
18214 19531 20586
20586 18214 19531
27969 11210 16662
16662 11210 27969
11210 16662 27969
19416 7993 14356
14356 7993 19416
7993 14356 19416
7693 3035 22771
22771 3035 7693
3035 7693 22771
9895 7078 28741
28741 7078 9895
7078 9895 28741
29696 4352 5446
4352 5446 29696
5446 4352 29696
736 4922 25736
25736 736 4922
4922 736 25736
25128 2758 15704
15704 2758 25128
2758 15704 25128
14450 15133 28736
15133 14450 28736
28736 14450 15133
26487 22497 26334
22497 26334 26487
26334 22497 26487
13576 26093 29408
29408 13576 26093
26093 13576 29408
13701 5266 24262
24262 5266 13701
5266 13701 24262
10257 1833 10272
10272 1833 10257
1833 10257 10272
8553 1850 25704
1850 8553 25704
25704 1850 8553
4396 8996 12369
8996 4396 12369
12369 4396 8996
17226 7414 17069
7414 17069 17226
17069 7414 17226
7239 13015 22533
22533 7239 13015
13015 7239 22533
21956 5568 14906
14906 5568 21956
5568 14906 21956
25807 15363 27808
27808 15363 25807
15363 25807 27808
18775 1752 3432
1752 3432 18775
3432 1752 18775
12652 8858 11256
8858 11256 12652
11256 8858 12652
18022 5506 28364
28364 5506 18022
5506 18022 28364
24653 5490 17318
5490 17318 24653
17318 5490 24653
26341 10629 10781
10781 10629 26341
10629 10781 26341
17593 5611 8402
8402 5611 17593
5611 8402 17593
4379 4485 25047
4485 4379 25047
25047 4379 4485
26229 4567 10798
10798 4567 26229
4567 10798 26229
1943 10630 25038
10630 1943 25038
25038 1943 10630
11515 9901 27331
9901 11515 27331
27331 9901 11515
18462 6293 7092
6293 7092 18462
7092 6293 18462
25429 12254 28297
28297 12254 25429
12254 25429 28297
16872 4214 29126
29126 4214 16872
4214 16872 29126
10283 20567 28511
20567 10283 28511
28511 10283 20567
18312 3353 13177
13177 3353 18312
3353 13177 18312
23002 4409 21061
21061 4409 23002
4409 21061 23002
19132 578 22988
22988 578 19132
578 19132 22988
17533 12331 29746
29746 12331 17533
12331 17533 29746
2968 23368 29431
23368 2968 29431
29431 2968 23368
18584 6656 14078
14078 6656 18584
6656 14078 18584
9853 12906 22464
22464 9853 12906
12906 9853 22464
26742 12802 13713
13713 12802 26742
12802 13713 26742
24908 15109 17516
17516 15109 24908
15109 17516 24908
22715 636 1066
636 1066 22715
1066 636 22715
11543 11125 11533
11125 11533 11543
11533 11125 11543
19740 4056 7210
4056 7210 19740
7210 4056 19740
803 3211 28102
3211 803 28102
28102 803 3211
29798 10541 14700
14700 10541 29798
10541 14700 29798
9347 1169 10127
1169 9347 10127
10127 1169 9347
28708 11690 17672
17672 11690 28708
11690 17672 28708
29814 12677 21213
12677 21213 29814
21213 12677 29814
3614 21012 29710
21012 3614 29710
29710 3614 21012
3995 980 15037
980 3995 15037
15037 980 3995
12962 19355 25684
25684 12962 19355
19355 12962 25684
20953 5007 27262
5007 20953 27262
27262 5007 20953
19949 7394 26249
26249 7394 19949
7394 19949 26249
24651 15799 28154
28154 15799 24651
15799 24651 28154
6167 10827 18617
10827 6167 18617
18617 6167 10827
24321 19191 19993
19993 19191 24321
19191 19993 24321
3607 11044 28762
11044 3607 28762
28762 3607 11044
4023 18134 23848
23848 4023 18134
18134 4023 23848
14050 7026 21118
21118 7026 14050
7026 14050 21118
16460 6024 9628
9628 6024 16460
6024 9628 16460
1568 11624 12485
11624 1568 12485
12485 1568 11624
22449 7087 10887
7087 10887 22449
10887 7087 22449
3199 7392 10846
7392 3199 10846
10846 3199 7392
16499 7930 22879
22879 7930 16499
7930 16499 22879
19366 11483 22260
22260 11483 19366
11483 19366 22260
22465 13035 22220
13035 22220 22465
22220 13035 22465
29956 4451 23610
23610 4451 29956
4451 23610 29956
1196 25963 27517
25963 1196 27517
27517 1196 25963
9445 4967 20658
20658 4967 9445
4967 9445 20658
3693 9830 29089
9830 3693 29089
29089 3693 9830
10034 24430 29604
24430 10034 29604
29604 10034 24430
5696 13009 22351
22351 5696 13009
13009 5696 22351
18752 2097 10803
10803 2097 18752
2097 10803 18752
3456 19782 20912
19782 3456 20912
