753 845 1875
845 753 1875
1875 753 845
1144 1426 1444
1426 1144 1444
1444 1144 1426
52 673 816
673 52 816
816 52 673
1035 1051 1876
1876 1035 1051
1051 1035 1876
2841 712 2794
2794 712 2841
712 2794 2841
2995 60 2417
2417 60 2995
60 2417 2995
1982 2591 2937
2937 1982 2591
2591 1982 2937
2846 41 2451
41 2451 2846
2451 41 2846
685 1130 2519
1130 685 2519
2519 685 1130
2873 1542 2816
2816 1542 2873
1542 2816 2873
2364 1347 1802
1802 1347 2364
1347 1802 2364
165 554 2825
2825 165 554
554 165 2825
2420 364 613
613 364 2420
364 613 2420
2174 781 2990
781 2174 2990
2990 781 2174
2246 1383 2063
1383 2063 2246
2063 1383 2246
2019 331 1143
1143 331 2019
331 1143 2019
96 1713 2223
1713 96 2223
2223 96 1713
2549 699 2774
2774 699 2549
699 2549 2774
2882 2387 2912
2387 2882 2912
2912 2387 2882
2103 450 2493
2493 450 2103
450 2103 2493
541 724 1756
724 541 1756
1756 541 724
1983 1223 1685
1685 1223 1983
1223 1685 1983
900 669 2638
669 900 2638
2638 669 900
1374 474 852
474 852 1374
852 474 1374
1924 1146 1639
1146 1639 1924
1639 1146 1924
162 233 789
233 162 789
789 162 233
2804 19 2266
2266 19 2804
19 2266 2804
1937 593 1262
1262 593 1937
593 1262 1937
1279 2675 2840
2840 1279 2675
2675 1279 2840
100 1427 2897
2897 100 1427
1427 100 2897
792 870 1762
870 792 1762
1762 792 870
1502 94 2024
2024 94 1502
94 1502 2024
132 1396 1772
1396 132 1772
1772 132 1396
2720 550 2309
2309 550 2720
550 2309 2720
1498 970 1618
1618 970 1498
970 1498 1618
232 636 1064
636 232 1064
1064 232 636
1597 80 1312
1312 80 1597
80 1312 1597
109 589 809
589 109 809
809 109 589
771 1206 2302
2302 771 1206
1206 771 2302
1402 528 2372
528 1402 2372
2372 528 1402
2527 21 2336
21 2336 2527
2336 21 2527
1013 1613 2940
2940 1013 1613
1613 1013 2940
2412 2070 2607
2070 2412 2607
2607 2070 2412
611 1564 2909
1564 611 2909
2909 611 1564
579 1883 1888
1888 579 1883
1883 579 1888
2316 1828 2059
2059 1828 2316
1828 2059 2316
723 1769 2709
2709 723 1769
1769 723 2709
740 909 2601
2601 740 909
909 740 2601
1546 8 1318
8 1318 1546
1318 8 1546
1586 2304 2461
2304 1586 2461
2461 1586 2304
2662 577 2298
577 2298 2662
2298 577 2662
1349 1385 1922
1385 1349 1922
1922 1349 1385
1088 1687 2851
1687 1088 2851
2851 1088 1687
2510 1007 2177
1007 2177 2510
2177 1007 2510
5 683 958
958 5 683
683 5 958
2972 1805 1975
1805 1975 2972
1975 1805 2972
211 1934 2397
1934 211 2397
2397 211 1934
253 839 1168
839 253 1168
1168 253 839
1957 1269 2603
2603 1269 1957
1269 1957 2603
1151 1400 2699
1400 1151 2699
2699 1151 1400
2511 1539 2051
2051 1539 2511
1539 2051 2511
1832 2168 2735
2735 1832 2168
2168 1832 2735
2788 386 2828
2828 386 2788
386 2788 2828
658 801 2363
2363 658 801
801 658 2363
231 1956 2571
1956 231 2571
2571 231 1956
433 2011 2087
2087 433 2011
2011 433 2087
219 2618 2622
2622 219 2618
2618 219 2622
2287 339 2258
339 2258 2287
2258 339 2287
1167 565 691
565 691 1167
691 565 1167
241 1303 2224
2224 241 1303
1303 241 2224
2884 775 2877
775 2877 2884
2877 775 2884
1936 1077 2739
2739 1077 1936
1077 1936 2739
1793 1895 2062
1895 1793 2062
2062 1793 1895
796 348 1971
1971 348 796
348 796 1971
1037 2339 2483
2483 1037 2339
2339 1037 2483
619 1921 2464
1921 619 2464
2464 619 1921
1234 519 1815
1815 519 1234
519 1234 1815
1729 2347 2963
2963 1729 2347
2347 1729 2963
640 1132 2180
1132 640 2180
2180 640 1132
2669 535 1656
1656 535 2669
535 1656 2669
1575 2858 2985
2985 1575 2858
2858 1575 2985
1473 1420 1759
1420 1473 1759
1759 1420 1473
2183 459 1182
459 1182 2183
1182 459 2183
1581 1837 2541
1837 1581 2541
2541 1581 1837
930 1456 1692
1456 930 1692
1692 930 1456
1181 464 684
684 464 1181
464 684 1181
1804 850 2492
850 1804 2492
2492 850 1804
224 806 1795
1795 224 806
806 224 1795
2134 1869 2146
2146 1869 2134
1869 2134 2146
1944 1405 2472
1405 1944 2472
2472 1405 1944
2374 1784 2229
2229 1784 2374
1784 2229 2374
2120 904 1250
904 1250 2120
1250 904 2120
2176 824 1512
1512 824 2176
824 1512 2176
202 90 398
90 202 398
398 90 202
67 897 1664
897 67 1664
1664 67 897
2288 122 1672
1672 122 2288
122 1672 2288
874 2043 2567
2567 874 2043
2043 874 2567
1964 1754 2482
2482 1754 1964
1754 1964 2482
1565 2422 2951
2422 1565 2951
2951 1565 2422
711 2244 2722
2722 711 2244
2244 711 2722
580 2023 2784
2023 580 2784
2784 580 2023
544 7 418
418 7 544
7 418 544
1940 222 1823
1823 222 1940
222 1823 1940
524 1976 2651
1976 524 2651
2651 524 1976
1011 1200 2557
1200 1011 2557
2557 1011 1200
1615 2282 2629
2629 1615 2282
2282 1615 2629
2064 721 2480
721 2064 2480
2480 721 2064
815 191 2101
191 815 2101
2101 191 815
2576 1350 1820
1350 1820 2576
1820 1350 2576
1369 2429 2616
2616 1369 2429
2429 1369 2616
1314 614 854
614 854 1314
854 614 1314
1838 1235 1368
1235 1368 1838
1368 1235 1838
946 39 432
39 432 946
432 39 946
766 472 623
472 623 766
623 472 766
1732 313 2202
313 1732 2202
2202 313 1732
1885 1447 2508
1447 1885 2508
2508 1447 1885
234 1120 2409
2409 234 1120
1120 234 2409
2105 527 2874
2874 527 2105
527 2105 2874
998 1043 2093
1043 998 2093
2093 998 1043
266 905 2802
905 266 2802
2802 266 905
610 227 985
985 227 610
227 610 985
115 295 609
295 115 609
609 115 295
726 785 2598
785 726 2598
2598 726 785
2022 1117 2025
1117 2022 2025
2025 1117 2022
1036 351 2414
351 1036 2414
2414 351 1036
43 333 2914
333 43 2914
2914 43 333
214 1107 1225
1225 214 1107
1107 214 1225
643 503 822
822 503 643
503 643 822
220 832 2477
832 220 2477
2477 220 832
2760 1674 2683
1674 2683 2760
2683 1674 2760
2098 960 1980
960 1980 2098
1980 960 2098
308 1720 2829
2829 308 1720
1720 308 2829
377 680 2337
2337 377 680
680 377 2337
920 87 1831
1831 87 920
87 920 1831
627 761 2330
761 627 2330
2330 627 761
1337 1083 1856
1856 1083 1337
1083 1337 1856
1701 477 2255
2255 477 1701
477 1701 2255
1534 1230 2239
1230 1534 2239
2239 1230 1534
2596 537 2689
537 2596 2689
2689 537 2596
1348 583 1034
1034 583 1348
583 1034 1348
2832 2486 2849
2486 2832 2849
2849 2486 2832
1461 1530 2192
1530 1461 2192
2192 1461 1530
2135 2198 2295
2198 2135 2295
2295 2135 2198
681 390 2217
390 681 2217
2217 390 681
2344 820 2821
2821 820 2344
820 2344 2821
1680 744 2834
744 1680 2834
2834 744 1680
144 286 2458
2458 144 286
286 144 2458
762 1763 2730
2730 762 1763
1763 762 2730
1031 323 1593
1593 323 1031
323 1031 1593
1496 2526 2721
2526 1496 2721
2721 1496 2526
1071 315 1647
315 1071 1647
1647 315 1071
2518 112 2154
112 2154 2518
2154 112 2518
245 2009 2485
2485 245 2009
2009 245 2485
2988 262 1494
262 1494 2988
1494 262 2988
1768 2039 2789
2789 1768 2039
2039 1768 2789
181 1462 1870
1462 181 1870
1870 181 1462
408 125 1157
1157 125 408
125 408 1157
1311 2252 2741
2252 1311 2741
2741 1311 2252
335 540 1702
540 335 1702
1702 335 540
150 2389 2489
2489 150 2389
2389 150 2489
2436 180 2349
2349 180 2436
180 2349 2436
1604 341 591
591 341 1604
341 591 1604
1715 186 976
186 976 1715
976 186 1715
507 984 1652
984 507 1652
1652 507 984
287 36 2962
2962 36 287
36 287 2962
696 977 2981
2981 696 977
977 696 2981
446 311 2710
311 446 2710
2710 311 446
625 1090 1193
1193 625 1090
1090 625 1193
995 342 2895
342 995 2895
2895 342 995
2296 1281 1449
1281 1449 2296
1449 1281 2296
949 2466 2540
2466 949 2540
2540 949 2466
1911 1093 2499
2499 1093 1911
1093 1911 2499
739 395 912
912 395 739
395 739 912
1548 1272 1289
1272 1289 1548
1289 1272 1548
1474 1621 1993
1993 1474 1621
1621 1474 1993
2911 1751 2108
2108 1751 2911
1751 2108 2911
1852 719 2338
2338 719 1852
719 1852 2338
1898 285 2318
285 1898 2318
2318 285 1898
843 1136 1211
1136 843 1211
1211 843 1136
558 2002 2137
2137 558 2002
2002 558 2137
670 77 2163
2163 77 670
77 670 2163
2691 936 2666
936 2666 2691
2666 936 2691
1198 61 208
208 61 1198
61 208 1198
639 187 1572
187 639 1572
1572 187 639
1062 866 2583
2583 866 1062
866 1062 2583
1380 1297 2997
1297 1380 2997
2997 1297 1380
2711 1139 2653
1139 2653 2711
2653 1139 2711
23 829 1733
1733 23 829
829 23 1733
1576 520 2303
2303 520 1576
520 1576 2303
160 32 1667
32 160 1667
1667 32 160
135 1 103
103 1 135
1 103 135
447 393 2399
2399 393 447
393 447 2399
2847 986 1134
986 1134 2847
1134 986 2847
708 170 2980
170 708 2980
2980 170 708
1392 1524 2780
2780 1392 1524
1524 1392 2780
204 1251 2930
2930 204 1251
1251 204 2930
485 584 2582
584 485 2582
2582 485 584
2418 38 1128
1128 38 2418
38 1128 2418
736 291 876
876 291 736
291 736 876
1042 68 1765
1765 68 1042
68 1042 1765
2185 1298 2447
2447 1298 2185
1298 2185 2447
2599 1079 2800
2800 1079 2599
1079 2599 2800
2476 486 2208
2208 486 2476
486 2208 2476
1296 657 2000
2000 657 1296
657 1296 2000
1451 304 1116
304 1116 1451
1116 304 1451
368 899 1508
899 368 1508
1508 368 899
950 972 2488
972 950 2488
2488 950 972
1421 284 2863
2863 284 1421
284 1421 2863
2602 1703 2563
1703 2563 2602
2563 1703 2602
521 2495 2815
2815 521 2495
2495 521 2815
853 787 2403
787 853 2403
2403 787 853
2276 301 1185
1185 301 2276
301 1185 2276
1536 2761 2902
2902 1536 2761
2761 1536 2902
2082 706 928
706 928 2082
928 706 2082
1321 321 2181
2181 321 1321
321 1321 2181
392 130 2833
130 392 2833
2833 130 392
1455 1334 2028
1334 1455 2028
2028 1334 1455
1612 518 2445
518 1612 2445
2445 518 1612
257 917 2919
917 257 2919
2919 257 917
2887 887 1149
887 1149 2887
1149 887 2887
1743 92 1362
1362 92 1743
92 1362 1743
53 689 1737
1737 53 689
689 53 1737
551 2580 2943
2943 551 2580
2580 551 2943
2079 421 2560
421 2079 2560
2560 421 2079
2263 123 330
330 123 2263
123 330 2263
2142 944 1930
944 1930 2142
1930 944 2142
570 118 2368
2368 118 570
118 570 2368
532 1322 2187
1322 532 2187
2187 532 1322
1170 608 2844
2844 608 1170
608 1170 2844
504 17 268
268 17 504
17 268 504
840 58 1212
1212 58 840
58 840 1212
1781 1153 1650
1650 1153 1781
1153 1650 1781
1874 733 1994
1994 733 1874
733 1874 1994
1882 671 895
895 671 1882
671 895 1882
1574 675 1249
1249 675 1574
675 1249 1574
288 1227 2401
1227 288 2401
2401 288 1227
1790 606 1697
1697 606 1790
606 1697 1790
2080 1671 1962
1671 1962 2080
1962 1671 2080
2151 54 931
54 931 2151
931 54 2151
2047 1387 2123
1387 2047 2123
2123 1387 2047
922 530 602
602 530 922
530 602 922
2329 235 2960
235 2329 2960
2960 235 2329
1416 2227 2500
2500 1416 2227
2227 1416 2500
1050 361 582
582 361 1050
361 582 1050
1478 168 2405
168 1478 2405
2405 168 1478
1919 1926 2955
2955 1919 1926
1926 1919 2955
396 2964 2977
2977 396 2964
2964 396 2977
601 901 2384
901 601 2384
2384 601 901
2470 1284 2859
1284 2470 2859
2859 1284 2470
759 664 2810
664 759 2810
2810 664 759
1770 1307 2370
1307 1770 2370
2370 1307 1770
1931 730 1306
1306 730 1931
730 1306 1931
2435 2319 2415
2415 2319 2435
2319 2415 2435
1630 344 835
835 344 1630
344 835 1630
2983 811 2785
811 2785 2983
2785 811 2983
1288 15 2674
2674 15 1288
15 1288 2674
2052 1477 1745
1745 1477 2052
1477 1745 2052
384 1072 1082
1072 384 1082
1082 384 1072
1532 617 714
714 617 1532
617 714 1532
1861 98 2225
98 1861 2225
2225 98 1861
1560 1690 1900
1690 1560 1900
1900 1560 1690
1635 902 1264
902 1264 1635
1264 902 1635
2573 1750 2210
1750 2210 2573
2210 1750 2573
347 979 2605
979 347 2605
2605 347 979
1857 505 1659
1659 505 1857
505 1659 1857
1196 2460 2933
2933 1196 2460
2460 1196 2933
376 2277 2753
2277 376 2753
2753 376 2277
1040 2839 2986
2986 1040 2839
2839 1040 2986
1605 431 441
441 431 1605
431 441 1605
2536 2516 2757
2757 2516 2536
2516 2536 2757
2696 201 993
201 993 2696
993 201 2696
34 2385 2870
2870 34 2385
2385 34 2870
517 316 2502
2502 316 517
316 517 2502
318 2253 2572
2572 318 2253
2253 318 2572
116 190 2660
190 116 2660
2660 116 190
473 770 1599
770 473 1599
1599 473 770
945 406 2608
406 945 2608
2608 406 945
1611 449 662
449 662 1611
662 449 1611
57 1202 1774
1202 57 1774
1774 57 1202
2444 574 2205
574 2205 2444
2205 574 2444
2331 2049 2886
2049 2331 2886
2886 2049 2331
2727 370 2769
370 2727 2769
2769 370 2727
343 438 1009
1009 343 438
438 343 1009
2236 2490 2574
2490 2236 2574
2574 2236 2490
357 2273 2971
2273 357 2971
2971 357 2273
819 886 2343
2343 819 886
886 819 2343
1488 777 2390
777 1488 2390
2390 777 1488
1052 749 1935
749 1052 1935
1935 749 1052
1939 991 1811
1811 991 1939
991 1811 1939
2334 1610 2781
2781 1610 2334
1610 2334 2781
1291 1481 2095
2095 1291 1481
1481 1291 2095
366 28 1061
1061 28 366
28 366 1061
466 2073 2089
2089 466 2073
2073 466 2089
2166 690 2750
690 2166 2750
2750 690 2166
910 590 2433
590 910 2433
2433 590 910
264 78 2917
78 264 2917
2917 78 264
913 1261 2465
2465 913 1261
1261 913 2465
1258 788 1645
1645 788 1258
788 1258 1645
2275 258 317
258 317 2275
317 258 2275
117 1718 2551
2551 117 1718
1718 117 2551
2837 923 2797
2797 923 2837
923 2797 2837
647 672 1764
672 647 1764
1764 647 672
1342 228 916
916 228 1342
228 916 1342
1587 332 2733
2733 332 1587
332 1587 2733
2729 898 1345
898 1345 2729
1345 898 2729
863 475 660
660 475 863
475 660 863
2110 2899 2984
2984 2110 2899
2899 2110 2984
1884 1331 2883
1331 1884 2883
2883 1331 1884
1084 1675 2240
1675 1084 2240
2240 1084 1675
2945 1363 1648
1363 1648 2945
1648 1363 2945
1644 542 1277
1277 542 1644
542 1277 1644
1352 1437 2175
1437 1352 2175
2175 1352 1437
1555 213 2058
2058 213 1555
213 1555 2058
2901 1213 2725
1213 2725 2901
2725 1213 2901
523 952 2593
952 523 2593
2593 523 952
272 1483 2889
2889 272 1483
1483 272 2889
2969 163 2394
2394 163 2969
163 2394 2969
407 1024 1826
1826 407 1024
1024 407 1826
2116 661 1080
661 1080 2116
1080 661 2116
2686 1968 2614
1968 2614 2686
2614 1968 2686
1788 279 2813
2813 279 1788
279 1788 2813
2361 289 1357
289 1357 2361
1357 289 2361
478 1499 1710
1710 478 1499
1499 478 1710
1442 2811 2865
2811 1442 2865
2865 1442 2811
2431 1941 2535
1941 2431 2535
2535 1941 2431
1315 773 2430
2430 773 1315
773 1315 2430
2457 16 102
102 16 2457
16 102 2457
855 44 1209
44 855 1209
1209 44 855
37 1651 2579
1651 37 2579
2579 37 1651
1909 1848 2562
1848 1909 2562
2562 1848 1909
1657 143 1301
143 1301 1657
1301 143 1657
2085 705 2888
705 2085 2888
2888 705 2085
2639 2281 2913
2913 2281 2639
2281 2639 2913
134 263 1814
263 134 1814
1814 134 263
755 906 2310
906 755 2310
2310 755 906
6 167 2663
2663 6 167
167 6 2663
2848 943 1541
1541 943 2848
943 1541 2848
2141 1248 1573
1248 1573 2141
1573 1248 2141
1744 169 2503
169 1744 2503
2503 169 1744
1749 412 1643
412 1643 1749
1643 412 1749
1240 1263 2773
2773 1240 1263
1263 1240 2773
1304 294 1048
294 1048 1304
1048 294 1304
2145 1373 2782
2782 1373 2145
1373 2145 2782
2907 30 2726
2726 30 2907
30 2726 2907
1464 2376 2850
2376 1464 2850
2850 1464 2376
2838 1015 1097
1015 1097 2838
1097 1015 2838
153 645 2267
645 153 2267
2267 153 645
1736 2 2335
2 1736 2335
2335 2 1736
1698 857 2758
2758 857 1698
857 1698 2758
702 1253 1429
1429 702 1253
1253 702 1429
267 1472 2437
2437 267 1472
1472 267 2437
435 1275 1996
1996 435 1275
1275 435 1996
1177 1163 2136
2136 1163 1177
1163 1177 2136
586 1506 2555
2555 586 1506
1506 586 2555
2706 793 1078
1078 793 2706
793 1078 2706
1324 1778 2484
1778 1324 2484
2484 1324 1778
752 2232 2635
2232 752 2635
2635 752 2232
2467 734 2155
734 2155 2467
2155 734 2467
1727 758 881
758 881 1727
881 758 1727
1098 142 2196
2196 142 1098
142 1098 2196
1012 996 1731
996 1012 1731
1731 996 1012
1997 751 1716
1716 751 1997
751 1716 1997
2032 452 934
452 934 2032
934 452 2032
1958 164 1816
1816 164 1958
164 1816 1958
14 405 2924
405 14 2924
2924 14 405
2891 1219 1880
1219 1880 2891
1880 1219 2891
2365 1171 1197
1171 1197 2365
1197 1171 2365
1471 1343 1812
1812 1343 1471
1343 1471 1812
1027 810 2531
2531 810 1027
810 1027 2531
1075 798 1741
1741 798 1075
798 1075 1741
968 1717 2271
2271 968 1717
1717 968 2271
2823 2170 2578
2578 2170 2823
2170 2578 2823
1602 864 1787
1787 864 1602
864 1602 1787
409 290 2585
290 409 2585
2585 290 409
1415 2067 2538
2067 1415 2538
2538 1415 2067
962 1959 2529
2529 962 1959
1959 962 2529
2259 2219 2746
2746 2219 2259
2219 2259 2746
932 1021 1606
1606 932 1021
1021 932 1606
2717 894 2679
2679 894 2717
894 2679 2717
2044 460 631
631 460 2044
460 631 2044
715 2532 2597
2532 715 2597
2597 715 2532
2755 66 2783
2783 66 2755
66 2755 2783
2353 1550 2754
1550 2353 2754
2754 1550 2353
1706 1526 2864
2864 1526 1706
1526 1706 2864
2097 484 1460
1460 484 2097
484 1460 2097
2661 1183 1453
1453 1183 2661
1183 1453 2661
2657 177 2391
2391 177 2657
177 2391 2657
2700 1106 1356
1356 1106 2700
1106 1356 2700
430 1670 2441
2441 430 1670
1670 430 2441
2530 1721 2767
2767 1721 2530
1721 2530 2767
427 401 2350
2350 401 427
401 427 2350
1649 2702 2801
2801 1649 2702
2702 1649 2801
278 1965 2065
1965 278 2065
2065 278 1965
1295 175 767
767 175 1295
175 767 1295
2386 992 2197
2197 992 2386
992 2197 2386
2950 380 533
380 533 2950
533 380 2950
107 1371 1515
1515 107 1371
1371 107 1515
1892 1313 2642
2642 1313 1892
1313 1892 2642
1537 1544 1588
1544 1537 1588
1588 1537 1544
2659 425 2553
2553 425 2659
425 2553 2659
55 1109 2111
1109 55 2111
2111 55 1109
1742 511 2998
2998 511 1742
511 1742 2998
2621 607 2373
607 2373 2621
2373 607 2621
2910 506 1172
506 1172 2910
1172 506 2910
469 938 2050
938 469 2050
2050 469 938
686 1046 1422
1422 686 1046
1046 686 1422
650 1351 1406
1351 650 1406
1406 650 1351
1016 1666 1813
1666 1016 1813
1813 1016 1666
2654 765 2114
2114 765 2654
765 2114 2654
2393 1510 1932
1510 1932 2393
1932 1510 2393
2308 1467 1623
1467 1623 2308
1623 1467 2308
2978 988 2404
2404 988 2978
988 2404 2978
1058 2090 2965
2090 1058 2965
2965 1058 2090
2862 1332 2438
2438 1332 2862
1332 2438 2862
140 2264 2932
2932 140 2264
2264 140 2932
1189 626 2561
626 1189 2561
2561 626 1189
371 203 939
939 203 371
203 371 939
693 924 1191
1191 693 924
924 693 1191
1775 2637 2650
2650 1775 2637
2637 1775 2650
270 171 2916
171 270 2916
2916 171 270
1231 918 2544
918 1231 2544
2544 918 1231
108 1246 1628
1628 108 1246
1246 108 1628
388 1329 2299
1329 388 2299
2299 388 1329
1807 1432 1863
1432 1807 1863
1863 1432 1807
1866 1577 2716
1577 1866 2716
2716 1577 1866
802 423 2300
2300 423 802
423 802 2300
1099 1570 1603
1570 1099 1603
1603 1099 1570
892 844 2228
844 892 2228
2228 844 892
1018 356 2194
356 1018 2194
2194 356 1018
1920 618 1271
618 1271 1920
1271 618 1920
1579 538 1890
538 1579 1890
1890 538 1579
1540 445 2140
2140 445 1540
445 1540 2140
1101 634 1252
1252 634 1101
634 1101 1252
963 1381 1468
1468 963 1381
1381 963 1468
350 120 1592
120 350 1592
1592 120 350
2356 888 1274
888 1274 2356
1274 888 2356
893 1454 2186
1454 893 2186
2186 893 1454
2869 69 2037
2037 69 2869
69 2037 2869
2772 265 1985
1985 265 2772
265 1985 2772
1663 91 2216
2216 91 1663
91 1663 2216
2247 756 2346
756 2247 2346
2346 756 2247
1208 470 2456
2456 470 1208
470 1208 2456
1030 1425 2738
1425 1030 2738
2738 1030 1425
2132 480 911
480 911 2132
911 480 2132
1176 1834 2222
1834 1176 2222
2222 1176 1834
1316 1881 2860
2860 1316 1881
1881 1316 2860
1507 206 2297
206 1507 2297
2297 206 1507
731 1389 2118
1389 731 2118
2118 731 1389
780 402 2819
402 780 2819
2819 402 780
951 1273 2590
2590 951 1273
1273 951 2590
717 47 2611
2611 47 717
47 717 2611
1214 1317 2501
1317 1214 2501
2501 1214 1317
2006 337 1638
337 1638 2006
1638 337 2006
192 62 1448
1448 62 192
62 192 1448
942 1887 2381
1887 942 2381
2381 942 1887
1436 1325 2463
1325 1436 2463
2463 1325 1436
440 196 659
196 440 659
659 196 440
1047 536 2469
2469 536 1047
536 1047 2469
129 1233 2392
2392 129 1233
1233 129 2392
2046 598 891
891 598 2046
598 891 2046
2564 2799 2942
2799 2564 2942
2942 2564 2799
1207 1886 2001
2001 1207 1886
1886 1207 2001
2333 1842 2796
2796 1842 2333
1842 2333 2796
1855 2160 2218
2218 1855 2160
2160 1855 2218
2328 707 2861
707 2328 2861
2861 707 2328
600 494 1912
1912 494 600
494 600 1912
2147 741 2915
2915 741 2147
741 2147 2915
225 280 282
282 225 280
280 225 282
334 649 2261
2261 334 649
649 334 2261
2624 646 1439
1439 646 2624
646 1439 2624
1792 1382 2687
1382 1792 2687
2687 1382 1792
1689 1809 2031
2031 1689 1809
1809 1689 2031
329 138 2107
2107 138 329
138 329 2107
2595 51 1242
1242 51 2595
51 1242 2595
858 426 2685
426 858 2685
2685 426 858
2952 1533 2688
1533 2688 2952
2688 1533 2952
2724 42 738
42 738 2724
738 42 2724
700 539 2701
539 700 2701
2701 539 700
1147 1290 2383
2383 1147 1290
1290 1147 2383
2200 2546 2776
2546 2200 2776
2776 2200 2546
2018 148 244
244 148 2018
148 244 2018
2994 239 1719
1719 239 2994
239 1719 2994
2471 987 1008
987 1008 2471
1008 987 2471
2491 1280 2681
2681 1280 2491
1280 2491 2681
1495 352 1739
352 1495 1739
1739 352 1495
1137 1073 1545
1545 1073 1137
1073 1137 1545
2938 1285 1942
1285 1942 2938
1942 1285 2938
198 954 1076
954 198 1076
1076 198 954
70 362 2818
2818 70 362
362 70 2818
1849 1658 2566
2566 1658 1849
1658 1849 2566
456 353 2506
353 456 2506
2506 353 456
655 1180 2315
2315 655 1180
1180 655 2315
2127 2388 2682
2388 2127 2682
2682 2127 2388
2088 1955 2179
1955 2088 2179
2179 1955 2088
303 84 1967
1967 84 303
84 303 1967
1972 461 1905
461 1905 1972
1905 461 1972
526 967 2640
2640 526 967
967 526 2640
2182 159 2027
2027 159 2182
159 2027 2182
585 1569 2845
2845 585 1569
1569 585 2845
2898 2091 2658
2091 2658 2898
2658 2091 2898
2133 1338 1410
1410 1338 2133
1338 1410 2133
2587 1801 2736
2736 1801 2587
1801 2587 2736
2265 615 1933
1933 615 2265
615 1933 2265
1413 1475 2876
2876 1413 1475
1475 1413 2876
1929 336 971
336 971 1929
971 336 1929
1938 569 879
569 879 1938
879 569 1938
2468 567 2707
567 2468 2707
2707 567 2468
326 1723 2871
1723 326 2871
2871 326 1723
2970 2272 2413
2272 2413 2970
2413 2272 2970
391 173 1414
173 391 1414
1414 173 391
1860 307 2989
2989 307 1860
307 1860 2989
531 139 1740
1740 139 531
139 531 1740
1757 989 1981
1981 989 1757
989 1757 1981
948 4 1783
1783 4 948
4 948 1783
1096 397 515
515 397 1096
397 515 1096
2623 1699 2126
2126 1699 2623
1699 2126 2623
2474 501 2645
501 2474 2645
2645 501 2474
1215 1596 1662
1596 1215 1662
1662 1215 1596
1205 223 742
223 742 1205
742 223 1205
2543 86 1600
1600 86 2543
86 1600 2543
2138 633 2678
633 2138 2678
2678 633 2138
2249 1142 2592
2592 1142 2249
1142 2249 2592
1270 145 1122
1122 145 1270
145 1122 1270
1511 1776 1840
1776 1511 1840
1840 1511 1776
1419 2523 2539
2523 1419 2539
2539 1419 2523
1847 251 588
588 251 1847
251 588 1847
553 1766 2600
2600 553 1766
1766 553 2600
831 250 2967
2967 250 831
250 831 2967
677 779 2121
779 677 2121
2121 677 779
453 1850 2056
1850 453 2056
2056 453 1850
1391 1239 1244
1244 1239 1391
1239 1244 1391
2957 1086 1558
1086 1558 2957
1558 1086 2957
983 489 1110
1110 489 983
489 983 1110
1835 1039 2604
1039 1835 2604
2604 1039 1835
2925 1028 1113
1028 1113 2925
1113 1028 2925
217 322 1954
322 217 1954
1954 217 322
1201 2280 2286
2286 1201 2280
2280 1201 2286
1159 468 812
468 812 1159
812 468 1159
2071 442 2647
442 2071 2647
2647 442 2071
2129 490 2617
490 2129 2617
2617 490 2129
786 559 757
757 559 786
559 757 786
1974 414 2416
2416 414 1974
414 1974 2416
999 571 1497
1497 571 999
571 999 1497
1105 155 1026
155 1026 1105
1026 155 1105
1112 997 2976
2976 997 1112
997 1112 2976
2395 417 1960
417 1960 2395
1960 417 2395
1346 1591 2792
2792 1346 1591
1591 1346 2792
2352 896 1878
896 1878 2352
1878 896 2352
178 1038 1276
1276 178 1038
1038 178 1276
2743 1092 1561
1092 1561 2743
1561 1092 2743
1441 1179 2770
1179 1441 2770
2770 1179 1441
292 1969 2069
1969 292 2069
2069 292 1969
1748 2289 2878
2289 1748 2878
2878 1748 2289
849 1490 2279
1490 849 2279
2279 849 1490
1583 837 2408
837 1583 2408
2408 837 1583
2946 1641 2931
1641 2931 2946
2931 1641 2946
1616 1126 1712
1126 1616 1712
1712 1126 1616
635 1341 1634
1341 635 1634
1634 635 1341
1458 2038 2867
2038 1458 2867
2867 1458 2038
210 2481 2893
2481 210 2893
2893 210 2481
966 1260 1335
1335 966 1260
1260 966 1335
1228 1950 2747
1950 1228 2747
2747 1228 1950
805 965 1607
965 805 1607
1607 805 965
1067 83 1006
83 1006 1067
1006 83 1067
372 327 2609
327 372 2609
2609 327 372
2505 556 1095
1095 556 2505
556 1095 2505
1851 1173 2528
2528 1173 1851
1173 1851 2528
2947 903 1049
1049 903 2947
903 1049 2947
2320 296 2423
2423 296 2320
296 2320 2423
2521 882 1226
882 1226 2521
1226 882 2521
629 1904 2314
1904 629 2314
2314 629 1904
416 1725 2820
2820 416 1725
1725 416 2820
2375 1423 2522
1423 2375 2522
2522 1423 2375
566 101 2226
2226 101 566
101 566 2226
1194 1681 2835
1681 1194 2835
2835 1194 1681
2575 271 2745
2745 271 2575
271 2575 2745
1305 174 1829
174 1305 1829
1829 174 1305
522 1203 1594
1203 522 1594
1594 522 1203
2568 1695 2656
2656 1695 2568
1695 2568 2656
1054 1333 2775
1333 1054 2775
2775 1054 1333
514 230 2020
2020 230 514
230 514 2020
1624 1412 2450
2450 1412 1624
1412 1624 2450
215 1299 1738
1738 215 1299
1299 215 1738
2793 2698 2927
2698 2793 2927
2927 2698 2793
2042 1654 1760
1654 1760 2042
1760 1654 2042
713 2237 2369
2369 713 2237
2237 713 2369
1953 1204 2879
2879 1204 1953
1204 1953 2879
509 1232 2366
1232 509 2366
2366 509 1232
1156 2214 2377
2214 1156 2377
2377 1156 2214
1901 82 93
82 93 1901
93 82 1901
2150 1660 2763
1660 2150 2763
2763 1660 2150
2449 26 1492
1492 26 2449
26 1492 2449
2857 545 1520
1520 545 2857
545 1520 2857
105 825 1945
825 105 1945
1945 105 825
940 1323 2473
2473 940 1323
1323 940 2473
1390 199 692
692 199 1390
199 692 1390
2257 182 2831
2831 182 2257
182 2257 2831
1578 823 2615
2615 823 1578
823 1578 2615
2959 498 1864
1864 498 2959
498 1864 2959
2949 157 2762
157 2762 2949
2762 157 2949
1556 1923 2268
1923 1556 2268
2268 1556 1923
1598 1004 2936
1004 1598 2936
2936 1004 1598
2817 2868 2904
2868 2817 2904
2904 2817 2868
378 1438 2188
1438 378 2188
2188 378 1438
782 534 1677
1677 534 782
534 782 1677
1747 314 2826
2826 314 1747
314 1747 2826
2842 980 2425
2425 980 2842
980 2425 2842
1326 880 2357
880 1326 2357
2357 880 1326
557 1268 2554
2554 557 1268
1268 557 2554
2212 72 197
72 197 2212
197 72 2212
847 451 638
451 638 847
638 451 847
1821 1394 2923
1394 1821 2923
2923 1394 1821
1360 209 1245
209 1245 1360
1245 209 1360
1094 956 2119
956 1094 2119
2119 956 1094
2015 73 562
73 562 2015
562 73 2015
281 229 838
229 281 838
838 229 281
2512 1947 2894
2894 1947 2512
1947 2512 2894
338 95 1446
1446 95 338
95 338 1446
249 479 873
479 249 873
873 249 479
964 568 2693
2693 568 964
568 964 2693
2673 1102 1459
1459 1102 2673
1102 1459 2673
697 166 2171
166 697 2171
2171 166 697
1678 1103 1688
1688 1103 1678
1103 1678 1688
216 483 1917
483 216 1917
1917 216 483
1928 2213 2836
2836 1928 2213
2213 1928 2836
1871 1529 2260
2260 1529 1871
1529 1871 2260
2153 246 2055
246 2055 2153
2055 246 2153
1608 1000 1753
1753 1000 1608
1000 1608 1753
919 703 2164
703 919 2164
2164 703 919
2235 743 1973
743 1973 2235
1973 743 2235
2626 1119 2359
2359 1119 2626
1119 2359 2626
2010 1637 2172
2172 1637 2010
1637 2010 2172
1259 363 1482
363 1259 1482
1482 363 1259
2905 2068 2233
2233 2068 2905
2068 2233 2905
1943 255 1255
1255 255 1943
255 1255 1943
1794 687 2274
687 1794 2274
2274 687 1794
1808 502 826
826 502 1808
502 826 1808
1908 833 1891
1891 833 1908
833 1891 1908
2766 1320 1465
1465 1320 2766
1320 1465 2766
1503 300 926
926 300 1503
300 926 1503
2690 783 1655
783 1655 2690
1655 783 2690
147 1141 1367
1141 147 1367
1367 147 1141
2606 63 111
63 111 2606
111 63 2606
667 345 2054
345 667 2054
2054 345 667
2515 299 797
299 797 2515
797 299 2515
2104 510 1411
510 1411 2104
1411 510 2104
595 548 1552
548 595 1552
1552 548 595
1566 2072 2570
2072 1566 2570
2570 1566 2072
207 1066 2021
2021 207 1066
1066 207 2021
2421 549 1220
549 1220 2421
1220 549 2421
1397 367 641
367 641 1397
641 367 1397
1010 830 2112
2112 830 1010
830 1010 2112
716 1199 1484
1484 716 1199
1199 716 1484
808 1175 2327
2327 808 1175
1175 808 2327
161 76 860
860 76 161
76 161 860
1927 1691 2533
2533 1691 1927
1691 1927 2533
630 878 2671
2671 630 878
878 630 2671
1187 842 1859
1859 842 1187
842 1187 1859
1070 727 1407
727 1070 1407
1407 727 1070
1238 1867 2243
2243 1238 1867
1867 1238 2243
784 1309 1704
1309 784 1704
1704 784 1309
410 2003 2074
2074 410 2003
2003 410 2074
1184 1517 2017
1517 1184 2017
2017 1184 1517
2454 10 1799
10 1799 2454
1799 10 2454
252 1257 2086
2086 252 1257
1257 252 2086
439 1625 2143
1625 439 2143
2143 439 1625
305 644 982
982 305 644
644 305 982
2478 1525 1873
1873 1525 2478
1525 1873 2478
500 2378 2558
2378 500 2558
2558 500 2378
226 354 1493
1493 226 354
354 226 1493
340 49 791
49 340 791
791 49 340
1899 359 2872
359 1899 2872
2872 359 1899
1501 2066 2354
2354 1501 2066
2066 1501 2354
2992 676 1489
1489 676 2992
676 1489 2992
1386 1354 2060
2060 1354 1386
1354 1386 2060
2411 599 1726
1726 599 2411
599 1726 2411
827 1417 2880
1417 827 2880
2880 827 1417
411 151 1767
151 411 1767
1767 151 411
48 546 2497
546 48 2497
2497 48 546
1806 415 642
642 415 1806
415 642 1806
1359 1395 2323
2323 1359 1395
1395 1359 2323
89 1336 1408
1408 89 1336
1336 89 1408
1995 666 2703
666 1995 2703
2703 666 1995
2652 1693 2525
2525 1693 2652
1693 2525 2652
385 293 2723
293 385 2723
2723 293 385
1108 841 2159
841 1108 2159
2159 841 1108
1889 1361 2439
2439 1361 1889
1361 1889 2439
1629 492 1169
492 1169 1629
1169 492 1629
2999 121 1990
1990 121 2999
121 1990 2999
2935 1409 1822
1409 1822 2935
1822 1409 2935
1679 2007 2195
2007 1679 2195
2195 1679 2007
622 212 1479
1479 212 622
212 622 1479
1440 1640 1824
1824 1440 1640
1640 1440 1824
725 71 1836
1836 71 725
71 725 1836
955 261 2203
2203 261 955
261 955 2203
1057 400 2230
2230 400 1057
400 1057 2230
1218 1948 1977
1948 1218 1977
1977 1218 1948
1841 195 929
195 929 1841
929 195 1841
1302 2664 2918
2918 1302 2664
2664 1302 2918
2035 1236 2419
2419 1236 2035
1236 2035 2419
413 1085 2201
2201 413 1085
1085 413 2201
2455 807 2061
2061 807 2455
807 2061 2455
45 821 1045
821 45 1045
1045 45 821
88 1174 1916
1174 88 1916
1916 88 1174
2632 1355 2866
1355 2632 2866
2866 1355 2632
2293 488 1642
488 1642 2293
1642 488 2293
1961 1913 1966
1913 1961 1966
1966 1913 1961
2004 732 2509
2509 732 2004
732 2004 2509
1988 1114 2005
1114 1988 2005
2005 1114 1988
2169 113 481
481 113 2169
113 481 2169
2130 176 1653
176 1653 2130
1653 176 2130
2301 205 872
205 872 2301
872 205 2301
2644 2312 2719
2312 2644 2719
2719 2312 2644
1433 978 2569
978 1433 2569
2569 978 1433
2756 1609 2881
1609 2756 2881
2881 1609 2756
1516 2311 2694
2311 1516 2694
2694 1516 2311
981 25 269
25 269 981
269 25 981
373 1585 1730
1585 373 1730
1730 373 1585
2206 2459 2748
2459 2206 2748
2748 2206 2459
682 1700 2812
1700 682 2812
2812 682 1700
941 2048 2890
2048 941 2890
2890 941 2048
358 704 1294
704 358 1294
1294 358 704
374 1053 1081
1081 374 1053
1053 374 1081
769 794 2588
794 769 2588
2588 769 794
1091 27 1029
27 1029 1091
1029 27 1091
2448 508 1825
508 1825 2448
1825 508 2448
306 189 2803
189 306 2803
2803 189 306
2856 2360 2462
2360 2462 2856
2462 2360 2856
2117 1979 2613
1979 2117 2613
2613 1979 2117
624 79 1872
79 624 1872
1872 79 624
276 975 1791
975 276 1791
1791 276 975
722 745 2630
745 722 2630
2630 722 745
1330 185 1543
1543 185 1330
185 1330 1543
325 97 158
158 97 325
97 158 325
2045 448 2954
2954 448 2045
448 2045 2954
2805 2256 2641
2641 2256 2805
2256 2641 2805
75 3 698
3 75 698
698 3 75
575 1450 2577
2577 575 1450
1450 575 2577
654 487 695
695 487 654
487 654 695
283 85 1683
85 283 1683
1683 85 283
1590 146 2708
146 1590 2708
2708 146 1590
1551 1547 1627
1547 1551 1627
1627 1547 1551
2542 454 2548
454 2542 2548
2548 454 2542
935 387 2106
387 935 2106
2106 387 935
2667 1375 1999
1375 1999 2667
1999 1375 2667
1017 1803 2428
2428 1017 1803
1803 1017 2428
238 128 616
616 128 238
128 238 616
133 2332 2715
2332 133 2715
2715 133 2332
2292 242 1319
1319 242 2292
242 1319 2292
2732 2322 2452
2322 2452 2732
2452 2322 2732
2697 273 324
273 324 2697
324 273 2697
2342 2238 2589
2589 2238 2342
2238 2342 2589
2040 2231 2398
2398 2040 2231
2231 2040 2398
1445 156 243
243 156 1445
156 243 1445
2734 1404 1992
1992 1404 2734
1404 1992 2734
1476 1779 2695
1779 1476 2695
2695 1476 1779
652 1509 1523
1509 652 1523
1523 652 1509
141 499 1554
499 141 1554
1554 141 499
2537 2262 2939
2939 2262 2537
2262 2537 2939
2631 131 2161
131 2161 2631
2161 131 2631
1466 604 1963
1963 604 1466
604 1466 1963
799 969 1399
969 799 1399
1399 799 969
1002 803 834
834 803 1002
803 834 1002
2122 578 2124
578 2122 2124
2124 578 2122
2149 729 2432
2432 729 2149
729 2149 2432
1364 973 2400
973 1364 2400
2400 973 1364
1728 457 462
457 462 1728
462 457 1728
2351 1521 2162
2162 1521 2351
1521 2162 2351
2406 564 994
564 994 2406
994 564 2406
1020 1722 1862
1862 1020 1722
1722 1020 1862
403 1424 1986
1986 403 1424
1424 403 1986
1682 104 1785
1785 104 1682
104 1682 1785
804 529 1619
1619 529 804
529 804 1619
1154 2321 2520
2321 1154 2520
2520 1154 2321
2777 64 404
64 404 2777
404 64 2777
455 365 1518
365 455 1518
1518 365 455
1104 2178 2993
2178 1104 2993
2993 1104 2178
2855 275 1620
275 1620 2855
1620 275 2855
274 437 2075
437 274 2075
2075 274 437
889 248 1121
1121 248 889
248 889 1121
1707 764 1164
764 1164 1707
1164 764 1707
1796 1353 2705
2705 1353 1796
1353 1796 2705
679 237 2892
2892 237 679
237 679 2892
312 383 2094
383 312 2094
2094 312 383
74 653 1434
653 74 1434
1434 74 653
1300 184 302
184 302 1300
302 184 1300
1127 817 1708
817 1127 1708
1708 817 1127
663 596 2158
2158 596 663
596 663 2158
1952 1282 2285
2285 1282 1952
1282 1952 2285
1810 959 1160
959 1160 1810
1160 959 1810
2290 1646 1865
1646 1865 2290
1865 1646 2290
1589 1023 2156
2156 1023 1589
1023 1589 2156
1914 1055 1398
1398 1055 1914
1055 1398 1914
328 921 2513
2513 328 921
921 328 2513
1915 443 2209
443 1915 2209
2209 443 1915
2248 914 1115
914 1115 2248
1115 914 2248
2102 701 883
883 701 2102
701 883 2102
2251 974 2672
2672 974 2251
974 2251 2672
1735 482 957
957 482 1735
482 957 1735
394 419 2453
2453 394 419
419 394 2453
1140 2307 2929
2307 1140 2929
2929 1140 2307
1431 1266 2083
1266 1431 2083
2083 1266 1431
1388 2184 2684
2684 1388 2184
2184 1388 2684
2026 1709 3000
3000 1709 2026
1709 2026 3000
2996 1724 1789
1789 1724 2996
1724 1789 2996
65 99 2712
99 65 2712
2712 65 99
1327 136 828
136 828 1327
828 136 1327
1469 463 2790
2790 463 1469
463 1469 2790
2446 572 1773
1773 572 2446
572 1773 2446
628 861 1256
1256 628 861
861 628 1256
2204 20 1669
20 1669 2204
1669 20 2204
1216 277 2306
277 1216 2306
2306 277 1216
2545 720 1617
1617 720 2545
720 1617 2545
33 1626 2517
1626 33 2517
2517 33 1626
1210 875 1633
1633 875 1210
875 1210 1633
814 1991 2317
1991 814 2317
2317 814 1991
2250 560 2633
560 2250 2633
2633 560 2250
2269 1500 2612
1500 2269 2612
2612 1500 2269
2014 1761 1903
1761 1903 2014
1903 1761 2014
2966 2008 2853
2008 2853 2966
2853 2008 2966
2215 760 2016
2016 760 2215
760 2016 2215
2692 915 1661
915 1661 2692
1661 915 2692
1714 369 381
381 369 1714
369 381 1714
1562 422 1734
1734 422 1562
422 1562 1734
678 476 2550
476 678 2550
2550 476 678
444 24 709
24 444 709
709 24 444
612 493 2928
493 612 2928
2928 493 612
2973 737 1165
1165 737 2973
737 1165 2973
114 547 2798
2798 114 547
547 114 2798
1192 1186 1340
1186 1192 1340
1340 1186 1192
2099 747 1906
1906 747 2099
747 1906 2099
310 1001 1519
1001 310 1519
1519 310 1001
149 379 1063
379 149 1063
1063 149 379
2668 1676 2242
1676 2242 2668
2242 1676 2668
2221 525 2326
2326 525 2221
525 2221 2326
200 1041 2355
1041 200 2355
2355 200 1041
1358 2139 2676
2139 1358 2676
2676 1358 2139
1328 436 2944
436 1328 2944
2944 436 1328
2128 748 2565
748 2128 2565
2565 748 2128
1531 778 2382
778 1531 2382
2382 778 1531
434 81 1384
81 434 1384
1384 81 434
1910 818 2284
2284 818 1910
818 1910 2284
1563 1100 2030
2030 1100 1563
1100 1563 2030
1403 1138 1622
1622 1138 1403
1138 1403 1622
1022 319 2900
2900 319 1022
319 1022 2900
1711 1005 1135
1135 1005 1711
1005 1135 1711
2407 603 856
856 603 2407
603 856 2407
1068 772 2207
772 1068 2207
2207 772 1068
1949 1124 1989
1124 1949 1989
1989 1124 1949
1868 674 2234
674 1868 2234
2234 674 1868
927 594 1780
1780 594 927
594 927 1780
346 1190 1694
1190 346 1694
1694 346 1190
656 933 2779
933 656 2779
2779 656 933
106 512 1166
512 106 1166
1166 106 512
1265 868 885
885 868 1265
868 885 1265
1668 597 2619
2619 597 1668
597 1668 2619
1553 1845 2749
2749 1553 1845
1845 1553 2749
2033 1178 2704
1178 2033 2704
2704 1178 2033
2941 795 1059
1059 795 2941
795 1059 2941
2113 309 1087
1087 309 2113
309 1087 2113
2594 424 1846
1846 424 2594
424 1846 2594
990 13 859
13 859 990
859 13 990
2341 1278 1504
1504 1278 2341
1278 1504 2341
1162 1221 2278
1221 1162 2278
2278 1162 1221
2636 1571 1797
1571 1797 2636
1797 1571 2636
256 2718 2731
2731 256 2718
2718 256 2731
555 2076 2875
2875 555 2076
2076 555 2875
2737 2077 2922
2077 2737 2922
2922 2077 2737
694 776 2487
2487 694 776
776 694 2487
2496 320 1946
1946 320 2496
320 1946 2496
867 1025 1237
1025 867 1237
1237 867 1025
221 1366 1377
1366 221 1377
1377 221 1366
1746 127 1897
1897 127 1746
127 1746 1897
2514 254 587
254 587 2514
587 254 2514
1158 382 1818
1818 382 1158
382 1158 1818
2410 1782 2920
2920 1782 2410
1782 2410 2920
1858 429 2814
2814 429 1858
429 1858 2814
2926 2677 2759
2677 2759 2926
2759 2677 2926
2991 194 2324
194 2324 2991
2324 194 2991
2610 1582 2494
1582 2494 2610
2494 1582 2610
1538 50 2041
50 1538 2041
2041 50 1538
2556 1032 1229
1229 1032 2556
1032 1229 2556
1705 471 1819
1819 471 1705
471 1705 1819
1636 193 2504
2504 193 1636
193 1636 2504
1584 1879 2371
1879 1584 2371
2371 1584 1879
1522 1393 2211
1393 1522 2211
2211 1393 1522
1559 18 2822
2822 18 1559
18 1559 2822
2340 1065 2380
2380 1065 2340
1065 2340 2380
2903 563 1853
563 1853 2903
1853 563 2903
1286 2325 2795
2795 1286 2325
2325 1286 2795
1800 2584 2764
2584 1800 2764
2764 1800 2584
1549 907 1378
907 1378 1549
1378 907 1549
35 576 836
576 35 836
836 35 576
648 637 2852
637 648 2852
2852 637 648
846 260 297
297 260 846
260 297 846
1684 2534 2982
2982 1684 2534
2534 1684 2982
1131 1195 2979
2979 1131 1195
1195 1131 2979
22 2220 2524
2220 22 2524
2524 22 2220
1145 1614 2424
2424 1145 1614
1614 1145 2424
1287 1247 1665
1247 1287 1665
1665 1247 1287
728 1567 2096
1567 728 2096
2096 728 1567
1344 2434 2648
2648 1344 2434
2434 1344 2648
2752 1111 2807
2807 1111 2752
1111 2752 2807
2953 1267 2854
1267 2854 2953
2854 1267 2953
2581 1485 2036
2036 1485 2581
1485 2036 2581
2427 581 1123
1123 581 2427
581 1123 2427
12 1893 1970
1970 12 1893
1893 12 1970
1254 1161 1418
1161 1254 1418
1418 1161 1254
1155 40 2426
2426 40 1155
40 1155 2426
2092 1019 2144
2144 1019 2092
1019 2092 2144
1293 183 1758
183 1293 1758
1758 183 1293
877 2547 2634
2634 877 2547
2547 877 2634
2358 1580 1696
1580 1696 2358
1696 1580 2358
172 2034 2665
2034 172 2665
2665 172 2034
2157 2906 2961
2906 2157 2961
2961 2157 2906
2165 813 2313
2313 813 2165
813 2165 2313
1150 688 2680
2680 688 1150
688 1150 2680
862 937 1907
1907 862 937
937 862 1907
1435 399 2367
2367 399 1435
399 1435 2367
1372 1894 2771
2771 1372 1894
1894 1372 2771
668 632 2029
632 668 2029
2029 632 668
420 2559 2740
2740 420 2559
2559 420 2740
152 126 2975
2975 126 152
126 152 2975
1217 46 2109
46 1217 2109
2109 46 1217
718 1918 2655
1918 718 2655
2655 718 1918
1595 31 961
31 961 1595
961 31 1595
2053 1755 2012
2012 1755 2053
1755 2012 2053
2742 1370 2084
2084 1370 2742
1370 2084 2742
1527 1222 1428
1428 1222 1527
1222 1428 1527
2148 1673 2396
1673 2148 2396
2396 1673 2148
1339 869 1129
869 1129 1339
1129 869 1339
1365 1033 2787
2787 1033 1365
1033 1365 2787
2765 1089 2115
1089 2115 2765
2115 1089 2765
1480 298 2768
2768 298 1480
298 1480 2768
513 349 605
349 513 605
605 349 513
2627 1817 2189
2189 1817 2627
1817 2189 2627
1839 1074 2507
1074 1839 2507
2507 1074 1839
2254 2199 2440
2199 2254 2440
2440 2199 2254
865 2824 2827
2824 865 2827
2827 865 2824
552 573 2885
573 552 2885
2885 552 573
360 1308 1452
1452 360 1308
1308 360 1452
620 56 2791
2791 56 620
56 620 2791
516 240 491
491 240 516
240 491 516
465 1133 2620
2620 465 1133
1133 465 2620
2081 1125 1513
1513 1125 2081
1125 1513 2081
1014 1631 2245
2245 1014 1631
1631 1014 2245
1243 2167 2294
2167 1243 2294
2294 1243 2167
621 1060 1443
1060 621 1443
1443 621 1060
746 2402 2830
2402 746 2830
2830 746 2402
1376 179 2643
179 1376 2643
2643 179 1376
953 2958 2987
2958 953 2987
2987 953 2958
1292 137 2443
2443 137 1292
137 1292 2443
848 1830 2786
1830 848 2786
2786 848 1830
119 2442 2475
2475 119 2442
2442 119 2475
497 355 561
561 355 497
355 497 561
1535 1514 2646
1514 1535 2646
2646 1514 1535
1798 651 2362
651 1798 2362
2362 651 1798
768 1470 2649
1470 768 2649
2649 768 1470
543 1568 2291
2291 543 1568
1568 543 2291
2348 1487 1902
1487 1902 2348
