712 1424 2289
2289 712 1424
1424 712 2289
2603 2045 2449
2045 2449 2603
2449 2045 2603
2514 1266 2322
2322 1266 2514
1266 2322 2514
1289 1698 1906
1906 1289 1698
1698 1289 1906
1600 516 2656
2656 516 1600
516 1600 2656
1117 369 663
369 663 1117
663 369 1117
2011 526 1580
1580 526 2011
526 1580 2011
2391 990 2178
990 2178 2391
2178 990 2391
1990 1657 2413
2413 1657 1990
1657 1990 2413
1138 1839 2177
2177 1138 1839
1839 1138 2177
1869 2038 2740
2038 1869 2740
2740 1869 2038
958 426 605
426 605 958
605 426 958
2916 144 1500
144 1500 2916
1500 144 2916
1535 2675 2765
2765 1535 2675
2675 1535 2765
2714 1773 2746
1773 2714 2746
2746 1773 2714
1569 416 1772
1772 416 1569
416 1569 1772
943 73 2806
2806 73 943
73 943 2806
328 784 1390
1390 328 784
784 328 1390
998 1578 1737
1737 998 1578
1578 998 1737
2853 16 673
16 673 2853
673 16 2853
1222 1119 1562
1562 1119 1222
1119 1222 1562
154 562 2723
562 154 2723
2723 154 562
23 273 2128
2128 23 273
273 23 2128
1919 1108 2487
1108 1919 2487
2487 1108 1919
1622 276 2808
276 1622 2808
2808 276 1622
1172 268 1924
1924 268 1172
268 1172 1924
2147 481 530
530 481 2147
481 530 2147
72 1696 2571
1696 72 2571
2571 72 1696
2198 20 1880
20 1880 2198
1880 20 2198
2257 2674 2943
2674 2257 2943
2943 2257 2674
1058 451 1824
1824 451 1058
451 1058 1824
1227 1024 2856
2856 1024 1227
1024 1227 2856
2502 375 519
519 375 2502
375 519 2502
1159 150 748
150 748 1159
748 150 1159
1759 90 912
912 90 1759
90 912 1759
2995 495 2954
495 2954 2995
2954 495 2995
972 4 1039
1039 4 972
4 972 1039
2812 1651 1694
1694 1651 2812
1651 1694 2812
694 725 2546
2546 694 725
725 694 2546
1908 1957 2517
1957 1908 2517
2517 1908 1957
868 106 1972
106 868 1972
1972 106 868
1961 199 1907
199 1907 1961
1907 199 1961
2454 1915 2736
2736 1915 2454
1915 2454 2736
2988 280 659
659 280 2988
280 659 2988
1306 202 2206
202 1306 2206
2206 202 1306
2713 2284 2867
2867 2284 2713
2284 2713 2867
1398 1749 2828
2828 1398 1749
1749 1398 2828
71 2095 2904
2095 71 2904
2904 71 2095
1034 19 993
19 993 1034
993 19 1034
1996 579 1256
579 1256 1996
1256 579 1996
2031 969 1668
1668 969 2031
969 1668 2031
284 520 1052
520 284 1052
1052 284 520
2819 392 1321
392 1321 2819
1321 392 2819
1063 1710 2902
2902 1063 1710
1710 1063 2902
1545 1105 2949
2949 1105 1545
1105 1545 2949
2568 821 2173
2173 821 2568
821 2173 2568
2387 1408 1960
1408 1960 2387
1960 1408 2387
938 453 2567
2567 453 938
453 938 2567
2908 737 1560
737 1560 2908
1560 737 2908
1718 631 1358
1358 631 1718
631 1358 1718
971 2159 2768
2768 971 2159
2159 971 2768
585 124 768
124 585 768
768 124 585
75 298 1276
298 75 1276
1276 75 298
2480 1124 2896
2896 1124 2480
1124 2480 2896
2513 1550 2781
1550 2513 2781
2781 1550 2513
2500 968 2442
2442 968 2500
968 2442 2500
1928 489 2404
489 1928 2404
2404 489 1928
105 983 1735
983 105 1735
1735 105 983
854 1489 1797
1797 854 1489
1489 854 1797
2065 132 1406
132 1406 2065
1406 132 2065
518 641 1448
1448 518 641
641 518 1448
1894 450 2112
2112 450 1894
450 1894 2112
1234 193 1203
1203 193 1234
193 1203 1234
315 607 1981
607 315 1981
1981 315 607
2324 1661 2212
1661 2212 2324
2212 1661 2324
2409 2400 2522
2400 2409 2522
2522 2400 2409
1374 1755 2348
2348 1374 1755
1755 1374 2348
2438 1399 2101
1399 2101 2438
2101 1399 2438
2780 2232 2984
2232 2780 2984
2984 2232 2780
2484 827 2969
2969 827 2484
827 2484 2969
1414 1043 1634
1043 1414 1634
1634 1043 1414
2798 196 2181
196 2181 2798
2181 196 2798
1673 472 1836
472 1673 1836
1836 472 1673
201 1789 2748
1789 201 2748
2748 201 1789
727 1808 2809
1808 727 2809
2809 727 1808
913 79 920
920 79 913
79 913 920
209 420 1418
420 209 1418
1418 209 420
382 1944 2260
2260 382 1944
1944 382 2260
2886 1341 1602
1341 1602 2886
1602 1341 2886
1800 311 2167
311 1800 2167
2167 311 1800
2961 327 2301
327 2301 2961
2301 327 2961
1235 1465 2049
2049 1235 1465
1465 1235 2049
1417 646 1617
1617 646 1417
646 1417 1617
2115 1322 1891
1891 1322 2115
1322 1891 2115
1982 2154 2422
2154 1982 2422
2422 1982 2154
2113 2456 2499
2499 2113 2456
2456 2113 2499
219 1483 2231
2231 219 1483
1483 219 2231
2878 612 2340
612 2340 2878
2340 612 2878
797 1059 2658
2658 797 1059
1059 797 2658
1509 2864 2892
2892 1509 2864
2864 1509 2892
2351 1468 2444
1468 2351 2444
2444 1468 2351
2226 841 2915
841 2226 2915
2915 841 2226
1206 953 2424
2424 953 1206
953 1206 2424
1049 721 1724
721 1049 1724
1724 721 1049
1249 484 715
484 715 1249
715 484 1249
2431 1684 2569
1684 2431 2569
2569 1684 2431
160 1432 1502
1502 160 1432
1432 160 1502
285 177 1018
1018 177 285
177 285 1018
1019 141 1827
1827 141 1019
141 1019 1827
1693 1934 2342
1934 1693 2342
2342 1693 1934
2544 1453 2899
1453 2544 2899
2899 1453 2544
2833 2305 2428
2305 2428 2833
2428 2305 2833
1345 828 1571
828 1345 1571
1571 828 1345
1590 1270 1806
1806 1270 1590
1270 1590 1806
551 1388 2913
2913 551 1388
1388 551 2913
2834 41 2698
2698 41 2834
41 2698 2834
367 2321 2679
2321 367 2679
2679 367 2321
2958 2459 2730
2730 2459 2958
2459 2730 2958
1573 179 2160
2160 179 1573
179 1573 2160
552 617 1462
1462 552 617
617 552 1462
2909 406 720
720 406 2909
406 720 2909
1099 190 572
572 190 1099
190 572 1099
2090 331 1426
331 1426 2090
1426 331 2090
2033 229 2572
229 2033 2572
2572 229 2033
2685 1624 1819
1819 1624 2685
1624 1819 2685
881 459 2772
2772 459 881
459 881 2772
2718 620 2319
620 2319 2718
2319 620 2718
525 246 680
246 525 680
680 246 525
2911 1175 1338
1175 1338 2911
1338 1175 2911
2353 608 1042
608 1042 2353
1042 608 2353
2282 1236 2971
2971 1236 2282
1236 2282 2971
200 671 2637
671 200 2637
2637 200 671
1180 469 2219
469 1180 2219
2219 469 1180
2946 399 1782
399 1782 2946
1782 399 2946
1304 863 1921
863 1304 1921
1921 863 1304
1067 1298 2189
1298 1067 2189
2189 1067 1298
778 407 1951
407 778 1951
1951 407 778
2299 211 456
211 456 2299
456 211 2299
844 578 2326
2326 578 844
578 844 2326
1086 1427 1449
1449 1086 1427
1427 1086 1449
2254 635 935
935 635 2254
635 935 2254
109 281 2692
281 109 2692
2692 109 281
2366 226 2165
226 2165 2366
2165 226 2366
824 583 2585
2585 583 824
583 824 2585
891 1970 2766
2766 891 1970
1970 891 2766
1324 846 1702
1702 846 1324
846 1324 1702
1429 1104 2602
2602 1104 1429
1104 1429 2602
2098 834 2816
834 2098 2816
2816 834 2098
2525 1739 1979
1739 1979 2525
1979 1739 2525
2683 411 1027
1027 411 2683
411 1027 2683
2395 180 1852
1852 180 2395
180 1852 2395
1354 603 1757
1757 603 1354
603 1354 1757
668 2494 2702
2494 668 2702
2702 668 2494
1419 128 2611
2611 128 1419
128 1419 2611
662 613 2524
2524 613 662
613 662 2524
2028 1428 2644
1428 2028 2644
2644 1428 2028
1488 269 1691
269 1488 1691
1691 269 1488
622 786 1431
1431 622 786
786 622 1431
2252 339 2789
339 2252 2789
2789 339 2252
2844 370 2887
2887 370 2844
370 2844 2887
259 1316 2293
2293 259 1316
1316 259 2293
167 329 2632
329 167 2632
2632 167 329
2580 1111 1482
1111 1482 2580
1482 1111 2580
1095 2399 2432
2432 1095 2399
2399 1095 2432
1292 1132 2362
2362 1132 1292
1132 1292 2362
477 1813 1991
1813 477 1991
1991 477 1813
2213 1533 2099
1533 2099 2213
2099 1533 2213
136 2268 2590
2590 136 2268
2268 136 2590
1816 2764 2857
2764 1816 2857
2857 1816 2764
540 511 2760
511 540 2760
2760 511 540
1966 732 756
732 756 1966
756 732 1966
149 836 1764
836 149 1764
1764 149 836
2392 325 2964
325 2392 2964
2964 325 2392
1355 476 2242
476 1355 2242
2242 476 1355
1643 435 2829
2829 435 1643
435 1643 2829
2575 55 1496
55 1496 2575
1496 55 2575
1176 256 1148
256 1148 1176
1148 256 1176
2998 963 2191
2191 963 2998
963 2191 2998
43 1529 2121
1529 43 2121
2121 43 1529
2610 294 879
879 294 2610
294 879 2610
13 644 869
869 13 644
644 13 869
1170 138 1069
1069 138 1170
138 1069 1170
2463 1641 2835
1641 2463 2835
2835 1641 2463
2055 1329 1384
1329 1384 2055
1384 1329 2055
2838 42 1770
42 1770 2838
1770 42 2838
771 788 2660
2660 771 788
788 771 2660
696 1646 2314
1646 696 2314
2314 696 1646
908 1927 2311
1927 908 2311
2311 908 1927
1014 1233 1508
1508 1014 1233
1233 1014 1508
1237 103 2380
103 1237 2380
2380 103 1237
1348 655 2782
2782 655 1348
655 1348 2782
2211 527 704
704 527 2211
527 704 2211
2608 222 1114
1114 222 2608
222 1114 2608
1681 2933 2974
2933 1681 2974
2974 1681 2933
2062 1883 2625
2625 1883 2062
1883 2062 2625
2419 2337 2700
2700 2337 2419
2337 2419 2700
749 1074 1857
1074 749 1857
1857 749 1074
1238 690 940
940 690 1238
690 940 1238
1740 1912 2738
1912 1740 2738
2738 1740 1912
817 584 925
925 584 817
584 817 925
1898 2034 2272
2272 1898 2034
2034 1898 2272
422 464 2670
2670 422 464
464 422 2670
843 1146 2265
1146 843 2265
2265 843 1146
2799 907 2335
2335 907 2799
907 2335 2799
1061 1420 1563
1563 1061 1420
1420 1061 1563
1381 1787 2083
1787 1381 2083
2083 1381 1787
2955 698 760
760 698 2955
698 760 2955
238 245 1062
1062 238 245
245 238 1062
2559 305 377
377 305 2559
305 377 2559
2540 2537 2703
2537 2540 2703
2703 2537 2540
1849 683 2889
683 1849 2889
2889 683 1849
789 1185 2950
1185 789 2950
2950 789 1185
1720 1814 2560
1814 1720 2560
2560 1720 1814
2215 95 874
95 874 2215
874 95 2215
498 2201 2639
2201 498 2639
2639 498 2201
2386 2655 2921
2655 2386 2921
2921 2386 2655
1312 810 927
927 810 1312
810 927 1312
462 2273 2349
2273 462 2349
2349 462 2273
539 466 2381
466 539 2381
2381 466 539
110 133 1881
1881 110 133
133 110 1881
1525 501 695
695 501 1525
501 695 1525
131 383 1244
1244 131 383
383 131 1244
575 1914 2250
2250 575 1914
1914 575 2250
2427 292 1716
292 1716 2427
1716 292 2427
2743 783 2877
783 2743 2877
2877 783 2743
1862 323 2119
2119 323 1862
323 1862 2119
1084 776 1055
1055 776 1084
776 1055 1084
1793 260 515
515 260 1793
260 515 1793
1357 1890 2615
1890 1357 2615
2615 1357 1890
1299 529 1473
1473 529 1299
529 1299 1473
645 2595 2770
2595 645 2770
2770 645 2595
37 1391 2905
2905 37 1391
1391 37 2905
1257 1149 2827
1149 1257 2827
2827 1149 1257
2094 2047 2150
2047 2094 2150
2150 2047 2094
398 2757 2871
2757 398 2871
2871 398 2757
2588 67 191
191 67 2588
67 191 2588
1438 845 2415
845 1438 2415
2415 845 1438
1232 283 2579
2579 283 1232
283 1232 2579
336 155 2333
2333 155 336
155 336 2333
2543 1592 1820
1820 1592 2543
1592 1820 2543
2168 2434 2528
2528 2168 2434
2434 2168 2528
1444 568 1937
1937 568 1444
568 1444 1937
564 743 2993
743 564 2993
2993 564 743
2015 804 1734
804 1734 2015
1734 804 2015
1540 7 1405
7 1405 1540
1405 7 1540
966 116 405
405 116 966
116 405 966
1090 830 976
976 830 1090
830 976 1090
1874 1635 2455
2455 1635 1874
1635 1874 2455
1186 429 967
429 967 1186
967 429 1186
791 322 1044
1044 322 791
322 791 1044
838 48 1326
48 838 1326
1326 48 838
78 1442 2476
2476 78 1442
1442 78 2476
1226 18 731
731 18 1226
18 731 1226
1833 2530 2991
2991 1833 2530
2530 1833 2991
1523 905 2390
2390 905 1523
905 1523 2390
470 624 898
898 470 624
624 470 898
981 773 1666
1666 773 981
773 981 1666
2146 1503 1828
1503 1828 2146
1828 1503 2146
985 437 1864
1864 437 985
437 985 1864
1179 1005 1332
1005 1179 1332
1332 1005 1179
2983 717 2453
717 2453 2983
2453 717 2983
2261 589 1378
1378 589 2261
589 1378 2261
1582 163 1653
163 1582 1653
1653 163 1582
1829 417 1089
1089 417 1829
417 1089 1829
2020 2724 2977
2724 2020 2977
2977 2020 2724
2051 8 2976
8 2051 2976
2976 8 2051
2003 53 2247
2247 53 2003
53 2003 2247
1436 1200 1998
1998 1200 1436
1200 1436 1998
1296 353 2372
353 1296 2372
2372 353 1296
2156 2810 2855
2810 2156 2855
2855 2156 2810
2255 714 2417
714 2255 2417
2417 714 2255
1920 1603 1802
1802 1603 1920
1603 1802 1920
1858 1208 1606
1606 1208 1858
1208 1606 1858
92 885 2981
885 92 2981
2981 92 885
2759 1017 1383
1383 1017 2759
1017 1383 2759
750 1620 2953
2953 750 1620
1620 750 2953
2620 2072 2906
2906 2072 2620
2072 2620 2906
550 904 1670
1670 550 904
904 550 1670
1933 514 2509
514 1933 2509
2509 514 1933
1013 1660 2930
2930 1013 1660
1660 1013 2930
91 2334 2666
2666 91 2334
2334 91 2666
2050 2363 2701
2701 2050 2363
2363 2050 2701
2642 1212 2457
2457 1212 2642
1212 2457 2642
1640 587 2883
2883 587 1640
587 1640 2883
1568 2137 2555
2555 1568 2137
2137 1568 2555
2884 1518 2614
2614 1518 2884
1518 2614 2884
1588 324 2681
324 1588 2681
2681 324 1588
1875 594 1936
1936 594 1875
594 1875 1936
917 24 1000
24 917 1000
1000 24 917
1803 214 1499
1499 214 1803
214 1499 1803
2744 134 2776
134 2744 2776
2776 134 2744
62 2134 2323
2323 62 2134
2134 62 2323
2370 1047 1166
1166 1047 2370
1047 1166 2370
1570 1371 2771
2771 1371 1570
1371 1570 2771
2672 970 1877
1877 970 2672
970 1877 2672
2042 566 2697
566 2042 2697
2697 566 2042
225 2364 2570
2570 225 2364
2364 225 2570
2673 1467 2944
2944 1467 2673
1467 2673 2944
35 570 780
570 35 780
780 35 570
2296 1633 1678
1633 1678 2296
1678 1633 2296
310 903 2526
2526 310 903
903 310 2526
1680 842 1942
1942 842 1680
842 1680 1942
2820 818 2059
818 2059 2820
2059 818 2820
1679 1198 2783
2783 1198 1679
1198 1679 2783
2689 636 2088
636 2088 2689
2088 636 2689
1037 2814 2960
2814 1037 2960
2960 1037 2814
2634 286 2446
2446 286 2634
286 2446 2634
1579 137 2618
137 1579 2618
2618 137 1579
1295 185 1947
185 1295 1947
1947 185 1295
847 929 2900
929 847 2900
2900 847 929
1980 755 2435
2435 755 1980
755 1980 2435
2108 266 2291
266 2108 2291
2291 266 2108
2133 1916 2352
1916 2133 2352
2352 1916 2133
1964 914 2207
2207 914 1964
914 1964 2207
812 2073 2840
2073 812 2840
2840 812 2073
1002 513 1440
513 1002 1440
1440 513 1002
1121 1769 2852
2852 1121 1769
1769 1121 2852
2248 1729 2616
1729 2248 2616
2616 1729 2248
2122 588 1364
1364 588 2122
588 1364 2122
385 864 2907
864 385 2907
2907 385 864
713 121 1285
121 713 1285
1285 121 713
397 1313 1538
1313 397 1538
1538 397 1313
2553 801 2924
801 2553 2924
2924 801 2553
1066 54 1287
1287 54 1066
54 1066 1287
308 875 2520
2520 308 875
875 308 2520
2756 282 2659
2659 282 2756
282 2659 2756
2865 1434 2464
1434 2464 2865
2464 1434 2865
1223 265 1585
265 1223 1585
1585 265 1223
951 1559 1939
1559 951 1939
1939 951 1559
860 1389 1528
1389 860 1528
1528 860 1389
2968 1283 1638
1638 1283 2968
1283 1638 2968
678 2053 2209
2053 678 2209
2209 678 2053
2779 1181 1697
1697 1181 2779
1181 1697 2779
1719 982 1765
1765 982 1719
982 1719 1765
2007 3 2962
2962 3 2007
3 2007 2962
205 1300 2001
1300 205 2001
2001 205 1300
2120 2437 2932
2932 2120 2437
2437 2120 2932
203 1009 1776
1776 203 1009
1009 203 1776
522 1888 2788
2788 522 1888
1888 522 2788
1412 1098 1425
1425 1098 1412
1098 1412 1425
822 931 2491
931 822 2491
2491 822 931
1801 729 2441
2441 729 1801
729 1801 2441
1455 2507 2598
2507 1455 2598
2598 1455 2507
2629 1392 1599
1392 1599 2629
1599 1392 2629
851 217 404
404 217 851
217 404 851
2751 233 295
233 295 2751
295 233 2751
2208 239 258
239 258 2208
258 239 2208
2304 108 1229
1229 108 2304
108 1229 2304
2832 1714 2452
2452 1714 2832
1714 2452 2832
2640 1778 2102
1778 2102 2640
2102 1778 2640
164 537 955
537 164 955
955 164 537
2153 701 2975
2975 701 2153
701 2153 2975
1278 171 396
171 396 1278
396 171 1278
1240 2091 2241
2241 1240 2091
2091 1240 2241
2767 207 2138
2138 207 2767
207 2138 2767
2645 1041 1077
1077 1041 2645
1041 1077 2645
2628 487 2854
2854 487 2628
487 2628 2854
2359 267 309
309 267 2359
267 309 2359
1028 1040 2755
2755 1028 1040
1040 1028 2755
2350 1282 2253
1282 2253 2350
2253 1282 2350
2196 1565 2037
1565 2037 2196
2037 1565 2196
147 1160 2361
2361 147 1160
1160 147 2361
549 112 686
686 112 549
112 549 686
1882 360 2531
360 1882 2531
2531 360 1882
22 460 2294
460 22 2294
2294 22 460
2262 618 2621
618 2262 2621
2621 618 2262
1511 590 1917
590 1511 1917
1917 590 1511
1079 342 1151
1151 342 1079
342 1079 1151
2536 362 1404
362 1404 2536
1404 362 2536
346 1546 1567
1567 346 1546
1546 346 1567
335 775 2077
2077 335 775
775 335 2077
2761 848 1943
848 1943 2761
1943 848 2761
412 758 1094
758 412 1094
1094 412 758
722 681 1517
1517 681 722
681 722 1517
2308 1315 1946
1315 1946 2308
1946 1315 2308
237 118 1060
118 237 1060
1060 118 237
2472 2496 2600
2600 2472 2496
2496 2472 2600
1397 83 1446
83 1397 1446
1446 83 1397
1868 21 2151
21 1868 2151
2151 21 1868
2195 68 1471
68 1471 2195
1471 68 2195
952 1822 2774
1822 952 2774
2774 952 1822
1367 1251 2223
1251 1367 2223
2223 1251 1367
2721 571 1202
571 1202 2721
1202 571 2721
1893 340 1082
1082 340 1893
340 1082 1893
825 1347 2495
2495 825 1347
1347 825 2495
1856 916 2688
2688 916 1856
916 1856 2688
343 9 754
9 343 754
754 9 343
1469 542 1510
542 1469 1510
1510 542 1469
143 129 1319
1319 129 143
129 143 1319
1359 1307 2669
1307 1359 2669
2669 1307 1359
1006 723 724
723 724 1006
724 723 1006
1410 478 777
478 777 1410
777 478 1410
2109 2558 2863
2558 2109 2863
2863 2109 2558
2490 2076 2785
2076 2490 2785
2785 2076 2490
642 1810 2132
2132 642 1810
1810 642 2132
306 1815 2096
2096 306 1815
1815 306 2096
2194 1207 2222
1207 2194 2222
2222 1207 2194
1577 763 2898
2898 763 1577
763 1577 2898
1093 254 1265
1265 254 1093
254 1093 1265
1999 672 1031
1031 672 1999
672 1031 1999
2184 1959 2715
2715 1959 2184
1959 2184 2715
1199 1336 1566
1566 1199 1336
1336 1199 1566
1252 1654 1659
1659 1252 1654
1654 1252 1659
490 1976 2203
1976 490 2203
2203 490 1976
2125 541 1192
541 1192 2125
1192 541 2125
2411 856 1161
856 1161 2411
1161 856 2411
1923 1286 2704
2704 1286 1923
1286 1923 2704
939 574 1655
574 939 1655
1655 574 939
2763 1495 2276
2276 1495 2763
1495 2276 2763
1742 1092 1895
1092 1742 1895
1895 1092 1742
2566 279 496
279 496 2566
496 279 2566
297 702 1051
1051 297 702
702 297 1051
1812 2106 2576
2576 1812 2106
2106 1812 2576
338 235 1475
1475 235 338
235 338 1475
2277 1112 1123
1112 1123 2277
1123 1112 2277
355 1723 2118
1723 355 2118
2118 355 1723
2667 1225 2982
2982 1225 2667
1225 2667 2982
2485 2258 2594
2258 2485 2594
2594 2258 2485
446 356 1070
356 446 1070
1070 356 446
2465 2136 2927
2136 2465 2927
2927 2136 2465
2283 538 1373
1373 538 2283
538 1373 2283
730 173 471
173 471 730
471 173 730
1744 739 1524
739 1524 1744
1524 739 1744
865 1604 2726
2726 865 1604
1604 865 2726
2040 1068 2574
2574 1068 2040
1068 2040 2574
667 563 1741
563 667 1741
1741 563 667
410 2980 2990
2980 410 2990
2990 410 2980
1075 65 1197
1197 65 1075
65 1075 1197
544 996 2061
2061 544 996
996 544 2061
290 666 2903
666 290 2903
2903 290 666
1675 127 2948
2948 127 1675
127 1675 2948
2246 1648 2956
2956 1648 2246
1648 2246 2956
81 243 2745
2745 81 243
243 81 2745
1280 455 1423
455 1280 1423
1423 455 1280
1239 1344 1925
1925 1239 1344
1344 1239 1925
2414 120 1457
1457 120 2414
120 1457 2414
403 1080 2013
1080 403 2013
2013 403 1080
1154 184 2236
184 1154 2236
2236 184 1154
1795 835 1686
1686 835 1795
835 1686 1795
2354 115 633
115 633 2354
633 115 2354
28 623 895
895 28 623
623 28 895
317 348 2470
2470 317 348
348 317 2470
2123 2539 2824
2539 2123 2824
2824 2123 2539
779 614 2157
2157 614 779
614 779 2157
1863 1561 2149
1561 1863 2149
2149 1561 1863
957 2035 2694
2694 957 2035
2035 957 2694
198 1909 2841
2841 198 1909
1909 198 2841
152 1115 1152
1115 152 1152
1152 152 1115
2725 419 2388
419 2388 2725
2388 419 2725
1375 2170 2429
2429 1375 2170
2170 1375 2429
643 761 803
761 643 803
803 643 761
1663 1583 2327
1583 1663 2327
2327 1583 1663
2479 1213 2710
1213 2479 2710
2710 1213 2479
2379 726 1173
1173 726 2379
726 1173 2379
2923 859 1352
1352 859 2923
859 1352 2923
1046 1825 2162
1825 1046 2162
2162 1046 1825
1706 1835 2747
2747 1706 1835
1835 1706 2747
2086 1838 2430
1838 2086 2430
2430 1838 2086
1977 653 2573
2573 653 1977
653 1977 2573
2048 46 555
555 46 2048
46 555 2048
1272 858 2518
2518 858 1272
858 1272 2518
2397 2288 2589
2288 2397 2589
2589 2288 2397
2298 2066 2069
2069 2066 2298
2066 2069 2298
1905 765 1539
1539 765 1905
765 1539 1905
1630 2360 2505
2505 1630 2360
2360 1630 2505
2032 528 2468
528 2032 2468
2468 528 2032
1219 251 2469
2469 251 1219
251 1219 2469
924 769 2171
2171 769 924
769 924 2171
1188 74 1750
74 1188 1750
1750 74 1188
922 1645 1747
1747 922 1645
1645 922 1747
2100 896 1430
896 1430 2100
1430 896 2100
113 1001 1191
1001 113 1191
1191 113 1001
2481 483 2402
2402 483 2481
483 2402 2481
430 975 1615
1615 430 975
975 430 1615
1128 580 2842
2842 580 1128
580 1128 2842
906 312 2421
312 906 2421
2421 312 906
609 554 1587
1587 554 609
554 609 1587
2174 814 918
918 814 2174
814 918 2174
960 997 2114
997 960 2114
2114 960 997
2202 1688 2244
1688 2202 2244
2244 1688 2202
1707 1736 2398
2398 1707 1736
1736 1707 2398
1748 52 493
52 493 1748
493 52 1748
2139 445 452
452 445 2139
445 452 2139
591 2251 2784
2251 591 2784
2784 591 2251
2026 380 1279
1279 380 2026
380 1279 2026
1840 573 2385
573 1840 2385
2385 573 1840
135 1395 2652
1395 135 2652
2652 135 1395
174 212 2280
212 174 2280
2280 174 212
2728 271 1627
271 1627 2728
1627 271 2728
1674 378 1101
378 1101 1674
1101 378 1674
1945 1053 2937
2937 1053 1945
1053 1945 2937
815 991 1271
991 815 1271
1271 815 991
1353 853 2458
2458 853 1353
853 1353 2458
1520 1683 2197
2197 1520 1683
1683 1520 2197
2084 2617 2638
2617 2084 2638
2638 2084 2617
621 1564 2942
2942 621 1564
1564 621 2942
438 926 1767
1767 438 926
926 438 1767
59 415 1879
1879 59 415
415 59 1879
1361 1144 1368
1368 1144 1361
1144 1361 1368
1992 1605 1884
1884 1605 1992
1605 1884 1992
2425 923 1196
923 1196 2425
1196 923 2425
989 900 1513
900 989 1513
1513 900 989
2794 15 148
148 15 2794
15 148 2794
1458 2081 2542
2542 1458 2081
2081 1458 2542
2275 1985 2807
1985 2275 2807
2807 1985 2275
432 999 2677
2677 432 999
999 432 2677
1514 1521 2894
2894 1514 1521
1521 1514 2894
650 849 2895
2895 650 849
849 650 2895
1387 707 837
707 837 1387
837 707 1387
388 277 2866
277 388 2866
2866 277 388
1054 1217 1607
1607 1054 1217
1217 1054 1607
2973 1612 2627
2627 1612 2973
1612 2627 2973
877 448 2717
2717 448 877
448 877 2717
1581 242 2064
242 1581 2064
2064 242 1581
503 351 1619
1619 351 503
351 503 1619
2831 711 1756
711 1756 2831
1756 711 2831
2690 1575 2678
2678 1575 2690
1575 2678 2690
2218 486 942
486 942 2218
942 486 2218
2873 76 1493
76 1493 2873
1493 76 2873
798 1142 2599
1142 798 2599
2599 798 1142
1897 1558 1743
1558 1743 1897
1743 1558 1897
350 255 2879
255 350 2879
2879 255 350
1195 2581 2733
2581 1195 2733
2733 1195 2581
140 2021 2347
2347 140 2021
2021 140 2347
956 687 741
687 741 956
741 687 956
2466 257 2578
2578 257 2466
257 2466 2578
1952 38 1459
38 1459 1952
1459 38 1952
373 1784 1821
1821 373 1784
1784 373 1821
387 2804 2914
2914 387 2804
2804 387 2914
693 1788 1903
1788 693 1903
1903 693 1788
1551 159 1779
1779 159 1551
159 1551 1779
2263 1193 2912
2912 1193 2263
1193 2263 2912
2695 1335 2994
1335 2695 2994
2994 1335 2695
2405 675 2023
675 2023 2405
2023 675 2405
439 1255 1766
1255 439 1766
1766 439 1255
1850 1224 1997
1224 1850 1997
1997 1224 1850
979 1100 1614
1100 979 1614
1614 979 1100
2401 1930 2082
1930 2082 2401
2082 1930 2401
2664 1531 2741
1531 2664 2741
2741 1531 2664
2328 2758 2790
2758 2328 2790
2790 2328 2758
357 651 1662
1662 357 651
651 357 1662
313 880 1189
880 313 1189
1189 313 880
1318 197 1968
1968 197 1318
197 1318 1968
1437 2022 2140
2022 1437 2140
2140 1437 2022
1948 289 1413
289 1413 1948
1413 289 1948
2382 1032 2406
2406 1032 2382
1032 2382 2406
2182 89 1786
89 1786 2182
1786 89 2182
2519 1145 1644
1644 1145 2519
1145 1644 2519
381 1259 1556
1259 381 1556
1556 381 1259
2183 1038 2002
2002 1038 2183
1038 2002 2183
2266 347 379
347 379 2266
379 347 2266
1137 1311 2339
1311 1137 2339
2339 1137 1311
1155 1962 2836
1962 1155 2836
2836 1155 1962
2164 463 2163
2163 463 2164
463 2163 2164
107 122 2709
122 107 2709
2709 107 122
2752 421 792
421 792 2752
792 421 2752
2006 974 2641
974 2006 2641
2641 974 2006
1823 736 1987
736 1823 1987
1987 736 1823
1308 139 2596
139 1308 2596
2596 139 1308
2235 2565 2888
2888 2235 2565
2565 2235 2888
826 1136 2868
1136 826 2868
2868 826 1136
820 218 1447
218 820 1447
1447 218 820
2141 264 1711
264 1711 2141
1711 264 2141
799 1636 2092
1636 799 2092
2092 799 1636
2193 1746 1971
1746 1971 2193
1971 1746 2193
2797 1385 1506
1385 1506 2797
1506 1385 2797
1589 1804 2521
1804 1589 2521
2521 1589 1804
499 1339 3000
3000 499 1339
1339 499 3000
1867 1174 1549
1549 1174 1867
1174 1549 1867
833 372 2358
2358 372 833
372 833 2358
1461 291 1370
291 1370 1461
1370 291 1461
625 2270 2433
2433 625 2270
2270 625 2433
2918 1652 2920
2920 1652 2918
1652 2918 2920
1187 1486 2240
1486 1187 2240
2240 1187 1486
2561 1415 2727
2727 1415 2561
1415 2561 2727
1639 1293 1331
1293 1331 1639
1331 1293 1639
2636 652 2654
652 2636 2654
2654 652 2636
2204 553 1995
1995 553 2204
553 1995 2204
809 6 941
6 809 941
941 6 809
1125 1485 1637
1637 1125 1485
1485 1125 1637
1023 1169 2547
2547 1023 1169
1169 1023 2547
162 414 577
414 162 577
577 162 414
2124 1309 2947
2947 1309 2124
1309 2124 2947
2445 565 1330
1330 565 2445
565 1330 2445
2750 2225 2447
2225 2447 2750
2447 2225 2750
1258 168 2557
2557 168 1258
168 1258 2557
2668 434 747
747 434 2668
434 747 2668
802 543 2316
543 802 2316
2316 543 802
1480 1537 1708
1708 1480 1537
1537 1480 1708
2815 1211 2063
2063 1211 2815
1211 2063 2815
1988 1340 2188
2188 1340 1988
1340 1988 2188
2243 102 884
102 884 2243
884 102 2243
1983 648 1328
648 1328 1983
1328 648 1983
1760 2345 2498
2498 1760 2345
2345 1760 2498
2467 1021 2952
2952 1021 2467
1021 2467 2952
39 1498 2945
2945 39 1498
1498 39 2945
1190 1851 2847
1851 1190 2847
2847 1190 1851
206 1366 2910
1366 206 2910
2910 206 1366
2552 49 1281
49 1281 2552
1281 49 2552
1376 915 1886
915 1376 1886
1886 915 1376
130 1843 2577
1843 130 2577
2577 130 1843
2486 390 1685
390 1685 2486
1685 390 2486
524 189 1717
1717 189 524
189 524 1717
2089 1396 1677
1677 1396 2089
1396 1677 2089
2965 2060 2586
2060 2586 2965
2586 2060 2965
2403 1931 2271
1931 2271 2403
2271 1931 2403
2475 443 2707
443 2475 2707
2707 443 2475
188 829 2085
2085 188 829
829 188 2085
1811 1721 2043
1721 1811 2043
2043 1721 1811
2238 156 234
156 234 2238
234 156 2238
2845 302 1873
302 1873 2845
1873 302 2845
57 872 962
872 57 962
962 57 872
1993 230 733
230 733 1993
733 230 1993
1008 546 2420
2420 546 1008
546 1008 2420
1845 1955 2643
2643 1845 1955
1955 1845 2643
796 1544 2813
1544 796 2813
2813 796 1544
1929 401 893
893 401 1929
401 893 1929
2320 436 1435
436 1435 2320
1435 436 2320
986 764 2448
764 986 2448
2448 764 986
934 2158 2851
2158 934 2851
2851 934 2158
2161 1120 1490
1490 1120 2161
1120 1490 2161
2228 630 2648
630 2228 2648
2648 630 2228
423 1954 2175
1954 423 2175
2175 423 1954
1 66 363
363 1 66
66 1 363
395 1547 2493
2493 395 1547
1547 395 2493
1135 2179 2582
2582 1135 2179
2179 1135 2582
873 51 949
949 51 873
51 873 949
1616 2346 2443
2443 1616 2346
2346 1616 2443
2720 208 582
208 582 2720
582 208 2720
2029 100 807
807 100 2029
100 807 2029
2233 699 1584
699 1584 2233
1584 699 2233
1837 1553 2176
2176 1553 1837
1553 1837 2176
1143 1230 2172
2172 1143 1230
1230 1143 2172
1854 660 1669
660 1669 1854
1669 660 1854
1267 1010 2858
2858 1010 1267
1010 1267 2858
1153 158 413
413 158 1153
158 413 1153
227 1450 2925
1450 227 2925
2925 227 1450
1421 494 532
532 494 1421
494 532 1421
409 10 2939
2939 10 409
10 409 2939
2199 674 2396
2396 674 2199
674 2199 2396
2839 497 2742
497 2742 2839
2742 497 2839
2200 2607 2686
2607 2200 2686
2686 2200 2607
1262 2074 2511
2074 1262 2511
2511 1262 2074
1228 17 2928
17 1228 2928
2928 17 1228
2483 176 557
176 557 2483
557 176 2483
2604 14 1201
14 1201 2604
1201 14 2604
485 1692 2489
2489 485 1692
1692 485 2489
178 1302 1667
1667 178 1302
1302 178 1667
2377 547 871
547 871 2377
871 547 2377
2979 119 488
119 488 2979
488 119 2979
567 536 1033
536 567 1033
1033 536 567
1878 307 889
307 889 1878
889 307 1878
1350 1463 2087
1463 1350 2087
2087 1350 1463
882 782 2687
2687 782 882
782 882 2687
40 586 1761
1761 40 586
586 40 1761
2117 1831 2129
2129 1831 2117
1831 2117 2129
1763 2515 2876
2876 1763 2515
2515 1763 2876
1775 418 1377
1377 418 1775
418 1377 1775
787 676 738
676 738 787
738 676 787
181 2753 2917
2753 181 2917
2917 181 2753
1131 169 1456
1456 169 1131
169 1131 1456
1918 1586 2187
2187 1586 1918
1586 1918 2187
995 442 2488
2488 442 995
442 995 2488
1841 1650 2418
1650 1841 2418
2418 1650 1841
2436 1072 1310
1072 1310 2436
1310 1072 2436
2890 1731 2152
1731 2152 2890
2152 1731 2890
2630 1762 2996
2996 1762 2630
1762 2630 2996
240 1494 1705
1705 240 1494
1494 240 1705
145 2501 2696
2501 145 2696
2696 145 2501
301 1973 2972
1973 301 2972
2972 301 1973
2711 96 1807
96 1807 2711
1807 96 2711
314 2802 2870
2870 314 2802
2802 314 2870
475 111 2541
2541 111 475
111 475 2541
2901 316 2369
316 2369 2901
2369 316 2901
1133 684 2564
2564 684 1133
684 1133 2564
759 1273 1333
1333 759 1273
1273 759 1333
2024 831 1026
1026 831 2024
831 1026 2024
2516 569 2545
569 2516 2545
2545 569 2516
2647 2731 2860
2860 2647 2731
2731 2647 2860
1168 1452 2285
1452 1168 2285
2285 1168 1452
2778 862 1220
862 1220 2778
1220 862 2778
1102 1343 1454
1454 1102 1343
1343 1102 1454
685 288 2286
288 685 2286
2286 288 685
1649 32 2460
32 1649 2460
2460 32 1649
1078 611 1113
1113 611 1078
611 1078 1113
27 300 2663
2663 27 300
300 27 2663
2368 175 1204
175 1204 2368
1204 175 2368
2027 857 1243
1243 857 2027
857 1243 2027
596 1626 2373
1626 596 2373
2373 596 1626
161 1892 2550
1892 161 2550
2550 161 1892
937 688 1805
1805 688 937
688 937 1805
1732 424 2826
2826 424 1732
424 1732 2826
2623 1323 2439
2439 1323 2623
1323 2439 2623
170 1629 2071
1629 170 2071
2071 170 1629
954 88 1576
1576 88 954
88 954 1576
215 433 2693
433 215 2693
2693 215 433
345 1591 2478
1591 345 2478
2478 345 1591
2126 705 1665
1665 705 2126
705 1665 2126
2985 2070 2330
2070 2330 2985
2330 2070 2985
559 371 440
440 371 559
371 440 559
2393 867 1505
867 1505 2393
1505 867 2393
2527 482 819
482 819 2527
819 482 2527
2331 2295 2471
2295 2331 2471
2471 2295 2331
1984 1275 2482
1275 1984 2482
2482 1275 1984
2897 1107 1672
1672 1107 2897
1107 1672 2897
728 639 1083
639 728 1083
1083 639 728
1792 1965 2267
1965 1792 2267
2267 1792 1965
709 318 2699
318 709 2699
2699 318 709
2221 332 1860
1860 332 2221
332 1860 2221
2309 33 751
751 33 2309
33 751 2309
1704 1695 1986
1986 1695 1704
1695 1704 1986
2356 581 2230
2230 581 2356
581 2230 2356
2591 31 2093
2093 31 2591
31 2093 2591
961 2341 2534
2341 961 2534
2534 961 2341
248 228 1118
1118 228 248
228 248 1118
30 1103 1572
1572 30 1103
1103 30 1572
204 1337 1859
1337 204 1859
1859 204 1337
2684 973 1290
1290 973 2684
973 1290 2684
593 2009 2556
2556 593 2009
2009 593 2556
1541 1048 2510
1048 1541 2510
2510 1048 1541
2963 275 888
275 888 2963
888 275 2963
1597 278 657
657 278 1597
278 657 1597
2891 1110 2650
1110 2650 2891
2650 1110 2891
84 1022 2338
2338 84 1022
1022 84 2338
1106 1861 2773
2773 1106 1861
1861 1106 2773
994 1177 1470
1177 994 1470
1470 994 1177
1530 766 1209
1209 766 1530
766 1209 1530
800 910 2057
910 800 2057
2057 800 910
1439 1826 2936
1826 1439 2936
2936 1439 1826
58 250 1904
250 58 1904
1904 58 250
1700 125 1785
125 1700 1785
1785 125 1700
425 1676 1941
1941 425 1676
1676 425 1941
2190 1487 2019
1487 2019 2190
2019 1487 2190
408 1247 1477
1477 408 1247
1247 408 1477
615 183 400
183 400 615
400 183 615
2919 1507 2075
2075 1507 2919
1507 2075 2919
2290 1393 1501
1501 1393 2290
1393 1501 2290
1847 1478 2423
2423 1478 1847
1478 1847 2423
599 2234 2477
2234 599 2477
2477 599 2234
2957 1595 1817
1595 1817 2957
1817 1595 2957
661 262 534
262 534 661
534 262 661
2792 598 785
598 785 2792
785 598 2792
151 2657 2775
2775 151 2657
2657 151 2775
2307 1394 2039
2039 1394 2307
1394 2039 2307
2300 1241 2111
1241 2111 2300
2111 1241 2300
894 365 465
465 365 894
365 465 894
1848 319 1790
1790 319 1848
319 1790 1848
467 861 1064
861 467 1064
1064 467 861
1479 2344 2874
2874 1479 2344
2344 1479 2874
744 104 1096
1096 104 744
104 744 1096
1291 1088 2025
2025 1088 1291
1088 1291 2025
1596 1975 2801
1975 1596 2801
2801 1596 1975
2180 220 742
220 742 2180
742 220 2180
1218 1403 2861
1403 1218 2861
2861 1218 1403
2416 1317 1369
1369 1317 2416
1317 1369 2416
1030 2052 2978
2052 1030 2978
2978 1030 2052
805 386 1158
386 805 1158
1158 386 805
1631 2220 2651
2651 1631 2220
2220 1631 2651
601 2769 2805
2769 601 2805
2805 601 2769
2739 94 545
94 545 2739
545 94 2739
1303 1184 2875
2875 1184 1303
1184 1303 2875
1726 890 1481
1481 890 1726
890 1481 1726
1853 1715 2986
1715 1853 2986
2986 1715 1853
2791 1791 2822
2822 1791 2791
1791 2791 2822
1777 1598 2929
1598 1777 2929
2929 1598 1777
2080 1320 1625
1320 1625 2080
1625 1320 2080
2601 902 2837
902 2601 2837
2837 902 2601
2592 1294 2067
2067 1294 2592
1294 2067 2592
2054 165 441
441 165 2054
165 441 2054
1150 461 793
793 461 1150
461 793 1150
457 909 2492
909 457 2492
2492 457 909
2869 692 2005
2005 692 2869
692 2005 2869
878 287 1855
1855 287 878
287 878 1855
2605 634 1216
634 1216 2605
1216 634 2605
746 734 1887
1887 734 746
734 746 1887
606 638 1334
1334 606 638
638 606 1334
321 492 2811
2811 321 492
492 321 2811
2619 716 1443
1443 716 2619
716 1443 2619
34 192 2787
192 34 2787
2787 34 192
640 816 1087
1087 640 816
816 640 1087
1794 216 2549
216 1794 2549
2549 216 1794
333 794 1183
794 333 1183
1183 333 794
2777 98 1025
98 1025 2777
1025 98 2777
458 2800 2862
2862 458 2800
2800 458 2862
153 69 1147
1147 69 153
69 153 1147
1472 1036 2375
1036 1472 2375
2375 1036 1472
473 479 1215
1215 473 479
479 473 1215
2538 1967 2970
2970 1967 2538
1967 2538 2970
29 1167 2426
1167 29 2426
2426 29 1167
352 1246 1632
1632 352 1246
1246 352 1632
604 64 2407
64 604 2407
2407 64 604
1752 992 2274
992 1752 2274
2274 992 1752
632 1349 2249
2249 632 1349
1349 632 2249
2653 1504 2079
2079 1504 2653
1504 2079 2653
1139 595 2144
595 1139 2144
2144 595 1139
2306 507 2959
2959 507 2306
507 2306 2959
977 428 535
535 428 977
428 535 977
752 1004 2376
2376 752 1004
1004 752 2376
839 330 1134
1134 330 839
330 839 1134
366 77 508
77 366 508
508 77 366
427 1689 2825
1689 427 2825
2825 427 1689
2105 978 2859
978 2105 2859
2859 978 2105
806 26 1297
1297 26 806
26 806 1297
146 376 2192
376 146 2192
2192 146 376
2371 1314 1363
1314 1363 2371
1363 1314 2371
274 512 2523
2523 274 512
512 274 2523
2609 892 2145
2145 892 2609
892 2145 2609
2264 959 1994
1994 959 2264
959 1994 2264
1474 2384 2843
2843 1474 2384
2384 1474 2843
600 2310 2612
2612 600 2310
2310 600 2612
2504 1140 2302
1140 2302 2504
2302 1140 2504
2315 500 1963
500 1963 2315
1963 500 2315
195 654 1445
1445 195 654
654 195 1445
334 60 2297
60 334 2297
2297 60 334
1609 770 2885
2885 770 1609
770 1609 2885
1011 2216 2461
2461 1011 2216
2216 1011 2461
627 2336 2880
2880 627 2336
2336 627 2880
1277 1780 2287
2287 1277 1780
1780 1277 2287
2606 1527 1548
1548 1527 2606
1527 1548 2606
2239 597 1526
1526 597 2239
597 1526 2239
1552 1712 2367
1712 1552 2367
2367 1552 1712
123 1365 1699
1699 123 1365
1365 123 1699
2882 63 1091
1091 63 2882
63 1091 2882
980 2383 2635
2383 980 2635
2635 980 2383
1658 987 2127
987 1658 2127
2127 987 1658
823 1356 2259
2259 823 1356
1356 823 2259
1065 224 1866
1866 224 1065
224 1065 1866
1671 664 2097
664 1671 2097
2097 664 1671
832 194 757
757 194 832
194 757 832
2256 431 840
431 840 2256
840 431 2256
1522 1956 2795
2795 1522 1956
1956 1522 2795
157 533 689
689 157 533
533 157 689
1081 402 1441
402 1081 1441
1441 402 1081
166 172 1725
1725 166 172
172 166 1725
5 1210 2671
1210 5 2671
2671 5 1210
548 2104 2107
2107 548 2104
2104 548 2107
921 774 2332
774 921 2332
2332 774 921
2169 70 2004
70 2004 2169
2004 70 2169
210 299 393
393 210 299
299 210 393
2881 745 1754
745 1754 2881
1754 745 2881
1900 359 2110
359 1900 2110
2110 359 1900
1751 391 2143
2143 391 1751
391 1751 2143
1601 454 2593
454 1601 2593
2593 454 1601
505 1460 2378
1460 505 2378
2378 505 1460
665 272 619
272 619 665
619 272 665
852 1989 2922
1989 852 2922
2922 852 1989
1542 1035 1351
1035 1351 1542
1351 1035 1542
1264 1798 2036
1798 1264 2036
2036 1264 1798
223 523 1727
1727 223 523
523 223 1727
1834 1016 1642
1642 1016 1834
1016 1642 1834
1885 213 753
213 753 1885
753 213 1885
1260 303 480
480 303 1260
303 480 1260
1618 1268 2237
1268 1618 2237
2237 1268 1618
2941 374 1109
374 1109 2941
1109 374 2941
2166 629 2014
2014 629 2166
629 2014 2166
1534 449 1221
1221 449 1534
449 1221 1534
1774 1076 1913
1913 1076 1774
1076 1774 1913
1433 1165 1809
1165 1433 1809
1809 1165 1433
187 2056 2931
2056 187 2931
2931 187 2056
647 517 2116
517 647 2116
2116 517 647
1713 364 850
364 850 1713
850 364 1713
1466 509 2818
509 1466 2818
2818 509 1466
1745 637 1783
637 1745 1783
1783 637 1745
47 86 296
296 47 86
86 47 296
2584 1935 1978
1978 1935 2584
1935 1978 2584
2872 531 1753
531 1753 2872
1753 531 2872
2926 576 1842
1842 576 2926
576 1842 2926
2408 2317 2622
2317 2408 2622
2622 2317 2408
1214 93 1682
93 1214 1682
1682 93 1214
2966 1327 2597
1327 2597 2966
2597 1327 2966
1899 1932 1969
1969 1899 1932
1932 1899 1969
389 1325 2000
1325 389 2000
2000 389 1325
1402 56 781
781 56 1402
56 781 1402
1157 2245 2729
2245 1157 2729
2729 1157 2245
1491 1085 1911
1911 1085 1491
1085 1491 1911
99 1832 2374
1832 99 2374
2374 99 1832
946 182 249
182 249 946
249 182 946
808 344 1830
1830 344 808
344 808 1830
1512 1730 2848
1730 1512 2848
2848 1512 1730
610 1664 1940
1940 610 1664
1664 610 1940
44 1574 2624
1574 44 2624
2624 44 1574
2722 2633 2762
2633 2722 2762
2762 2633 2722
1301 1007 1902
1007 1301 1902
1902 1007 1301
740 772 2661
2661 740 772
772 740 2661
1254 236 866
866 236 1254
236 866 1254
1382 677 1003
1003 677 1382
677 1003 1382
2506 97 2450
2450 97 2506
97 2450 2506
2613 1182 1305
1182 1305 2613
1305 1182 2613
2214 911 2830
911 2214 2830
2830 911 2214
950 1515 1543
1515 950 1543
1543 950 1515
1126 1012 1758
1012 1126 1758
1758 1012 1126
263 2365 2712
2365 263 2712
2712 263 2365
2281 887 945
887 945 2281
945 887 2281
2186 901 1781
1781 901 2186
901 1781 2186
592 1416 2938
1416 592 2938
2938 592 1416
354 2355 2987
2987 354 2355
2355 354 2987
703 368 1926
1926 368 703
368 703 1926
965 2227 2563
2563 965 2227
2227 965 2563
2329 1871 2044
2044 1871 2329
1871 2044 2329
361 502 899
502 361 899
899 361 502
669 735 1953
1953 669 735
735 669 1953
2217 556 700
556 700 2217
700 556 2217
2 447 2512
2512 2 447
447 2 2512
126 2562 2992
2992 126 2562
2562 126 2992
1889 2796 2823
2796 1889 2823
2823 1889 2796
2821 1733 2142
2142 1733 2821
1733 2142 2821
2312 876 933
933 876 2312
876 933 2312
1613 883 1116
883 1116 1613
1116 883 1613
1401 1722 2535
2535 1401 1722
1722 1401 2535
2010 2662 2817
2662 2010 2817
2817 2010 2662
1386 1476 2016
2016 1386 1476
1476 1386 2016
1844 1263 2205
1263 1844 2205
2205 1263 1844
2705 1380 1738
1380 1738 2705
1738 1380 2705
710 1129 2646
1129 710 2646
2646 710 1129
1127 811 1846
1846 811 1127
811 1127 1846
1194 2041 2735
2041 1194 2735
2735 1194 2041
1901 656 1876
656 1876 1901
1876 656 1901
1701 491 558
491 558 1701
558 491 1701
1231 691 1728
691 1231 1728
1728 691 1231
1411 61 1163
61 1163 1411
1163 61 1411
1015 948 1071
1071 948 1015
948 1015 1071
2473 718 1771
718 1771 2473
1771 718 2473
2846 231 697
231 697 2846
697 231 2846
628 114 1865
1865 114 628
114 628 1865
293 1536 2551
1536 293 2551
2551 293 1536
2497 602 2737
2737 602 2497
602 2497 2737
521 1870 2410
2410 521 1870
1870 521 2410
1872 1050 1555
1050 1555 1872
1555 1050 1872
221 349 2058
349 221 2058
2058 221 349
626 1593 2749
2749 626 1593
1593 626 2749
1284 1910 2997
1910 1284 2997
2997 1284 1910
358 304 444
304 358 444
444 304 358
2893 1610 2046
1610 2046 2893
2046 1610 2893
682 80 1554
1554 80 682
80 682 1554
1768 984 1097
984 1097 1768
1097 984 1768
1687 506 2716
2716 506 1687
506 1687 2716
1623 252 762
252 762 1623
762 252 1623
1594 142 855
142 855 1594
855 142 1594
2394 1171 2008
2008 1171 2394
1171 2008 2394
2279 658 936
936 658 2279
658 936 2279
2135 85 790
790 85 2135
85 790 2135
2412 1400 1690
1400 1690 2412
1690 1400 2412
2462 2850 2951
2951 2462 2850
2850 2462 2951
2357 101 2849
101 2357 2849
2849 101 2357
1164 616 1938
616 1164 1938
1938 616 1164
2680 919 1288
919 1288 2680
1288 919 2680
795 1342 2278
1342 795 2278
2278 795 1342
767 25 1250
25 767 1250
1250 25 767
2554 1162 1360
1360 1162 2554
1162 1360 2554
244 1922 2999
1922 244 2999
2999 244 1922
1703 261 1464
1464 261 1703
261 1464 1703
2529 1451 2269
1451 2269 2529
2269 1451 2529
870 932 1346
1346 870 932
932 870 1346
2533 384 2587
384 2533 2587
2587 384 2533
964 394 2325
394 964 2325
2325 394 964
1056 36 2155
2155 36 1056
36 1056 2155
1269 87 1611
1611 87 1269
87 1269 1611
944 468 2313
2313 468 944
468 944 2313
1073 679 1796
679 1073 1796
1796 679 1073
2665 510 1709
510 1709 2665
1709 510 2665
