29004 7099 8410
7099 8410 29004
8410 7099 29004
22795 20896 23437
23437 20896 22795
20896 22795 23437
29445 19108 29054
29054 19108 29445
19108 29054 29445
22565 15663 29578
15663 22565 29578
29578 15663 22565
7839 14595 18221
14595 7839 18221
18221 7839 14595
14887 5722 27490
5722 14887 27490
27490 5722 14887
7957 6250 17678
17678 6250 7957
6250 7957 17678
19628 22659 28523
22659 19628 28523
28523 19628 22659
18067 6975 10686
10686 6975 18067
6975 10686 18067
1096 10227 21871
21871 1096 10227
10227 1096 21871
21767 2451 21467
2451 21467 21767
21467 2451 21767
7922 5706 13745
5706 7922 13745
13745 5706 7922
9159 16332 19841
16332 9159 19841
19841 9159 16332
8144 5137 22145
5137 8144 22145
22145 5137 8144
2682 21929 25402
25402 2682 21929
21929 2682 25402
21733 19807 24420
19807 21733 24420
24420 19807 21733
22558 242 24974
24974 242 22558
242 22558 24974
8005 1478 25644
25644 1478 8005
1478 8005 25644
25191 3330 22263
3330 22263 25191
22263 3330 25191
22714 17492 29533
29533 17492 22714
17492 22714 29533
2398 4356 24525
4356 2398 24525
24525 2398 4356
24878 951 27452
27452 951 24878
951 24878 27452
28837 3536 5746
5746 3536 28837
3536 5746 28837
3157 830 22716
830 3157 22716
22716 830 3157
28509 12231 14222
14222 12231 28509
12231 14222 28509
11517 4019 6482
4019 6482 11517
6482 4019 11517
27179 1639 18586
1639 18586 27179
18586 1639 27179
20548 4776 18867
4776 18867 20548
18867 4776 20548
18706 11357 13872
13872 11357 18706
11357 13872 18706
10827 15391 22509
22509 10827 15391
15391 10827 22509
18146 3358 16480
16480 3358 18146
3358 16480 18146
1118 15140 21985
21985 1118 15140
15140 1118 21985
4000 21137 22441
21137 4000 22441
22441 4000 21137
22868 3402 29119
29119 3402 22868
3402 22868 29119
11628 7400 19342
19342 7400 11628
7400 11628 19342
18789 18030 27621
27621 18030 18789
18030 18789 27621
13959 13029 21749
21749 13029 13959
13029 13959 21749
20715 10185 10243
10185 10243 20715
10243 10185 20715
16973 14574 26140
14574 16973 26140
26140 14574 16973
2094 16246 26141
26141 2094 16246
16246 2094 26141
17404 3263 3610
3610 3263 17404
3263 3610 17404
13332 3230 19055
3230 13332 19055
19055 3230 13332
16581 9281 26735
26735 9281 16581
9281 16581 26735
22682 9357 12847
12847 9357 22682
9357 12847 22682
18420 8752 22256
8752 18420 22256
22256 8752 18420
4647 14242 16146
14242 4647 16146
16146 4647 14242
12102 4600 26626
26626 4600 12102
4600 12102 26626
18279 27059 27955
27059 18279 27955
27955 18279 27059
21220 5871 9936
5871 9936 21220
9936 5871 21220
21976 6272 8606
8606 6272 21976
6272 8606 21976
6345 19641 20058
20058 6345 19641
19641 6345 20058
26706 17041 24689
17041 24689 26706
24689 17041 26706
7729 5903 9472
9472 5903 7729
5903 7729 9472
26969 7683 8740
7683 8740 26969
8740 7683 26969
25949 4274 19069
4274 19069 25949
19069 4274 25949
24231 12768 15541
12768 15541 24231
15541 12768 24231
9651 18642 29621
29621 9651 18642
18642 9651 29621
28440 220 14916
14916 220 28440
220 14916 28440
7727 502 28688
28688 502 7727
502 7727 28688
734 22368 24652
24652 734 22368
22368 734 24652
13499 13928 21178
21178 13499 13928
13928 13499 21178
2375 15459 28633
15459 2375 28633
28633 2375 15459
5991 10013 14434
14434 5991 10013
10013 5991 14434
18490 18787 29652
29652 18490 18787
18787 18490 29652
9894 26334 27756
27756 9894 26334
26334 9894 27756
20120 17253 20118
20118 17253 20120
17253 20118 20120
15203 22838 28490
28490 15203 22838
22838 15203 28490
14249 12276 23553
23553 12276 14249
12276 14249 23553
29514 25271 26271
25271 26271 29514
26271 25271 29514
26859 17229 26276
17229 26276 26859
26276 17229 26859
8650 11837 16554
16554 8650 11837
11837 8650 16554
8510 6795 25312
6795 8510 25312
25312 6795 8510
26068 3455 4492
3455 4492 26068
4492 3455 26068
17693 4480 9796
4480 9796 17693
9796 4480 17693
5287 11509 22584
11509 5287 22584
22584 5287 11509
18583 1361 29916
1361 18583 29916
29916 1361 18583
1768 15707 19472
15707 1768 19472
19472 1768 15707
20380 10377 27342
10377 20380 27342
27342 10377 20380
2989 15069 27168
27168 2989 15069
15069 2989 27168
3576 12529 15490
12529 3576 15490
15490 3576 12529
5884 2695 14090
2695 5884 14090
14090 2695 5884
10052 12965 23017
23017 10052 12965
12965 10052 23017
1823 18520 29997
29997 1823 18520
18520 1823 29997
23159 14467 28839
14467 23159 28839
28839 14467 23159
27856 8490 21654
21654 8490 27856
8490 21654 27856
22218 5300 13572
5300 13572 22218
13572 5300 22218
22711 20667 24830
20667 22711 24830
24830 20667 22711
16806 7082 11853
7082 11853 16806
11853 7082 16806
17213 15926 18639
15926 17213 18639
18639 15926 17213
16743 22444 25607
25607 16743 22444
22444 16743 25607
3492 12568 17623
12568 3492 17623
17623 3492 12568
9056 7243 12194
12194 7243 9056
7243 9056 12194
13662 16106 21235
21235 13662 16106
16106 13662 21235
7000 12352 29772
12352 7000 29772
29772 7000 12352
16081 14832 18170
14832 16081 18170
18170 14832 16081
8768 2332 29959
29959 2332 8768
2332 8768 29959
11002 6016 15759
15759 6016 11002
6016 11002 15759
22096 721 20924
721 20924 22096
20924 721 22096
6542 8725 23764
23764 6542 8725
8725 6542 23764
13221 17660 18495
17660 13221 18495
18495 13221 17660
29775 14560 15673
14560 15673 29775
15673 14560 29775
14661 22879 27410
22879 14661 27410
27410 14661 22879
11234 1513 4401
4401 1513 11234
1513 4401 11234
12330 18788 27475
27475 12330 18788
18788 12330 27475
23607 3972 6447
6447 3972 23607
3972 6447 23607
25763 21721 26651
21721 25763 26651
26651 21721 25763
2685 6374 7593
7593 2685 6374
6374 2685 7593
13933 3365 12712
3365 12712 13933
12712 3365 13933
23818 6010 19316
19316 6010 23818
6010 19316 23818
3511 26600 29853
29853 3511 26600
26600 3511 29853
17652 23299 28115
23299 17652 28115
28115 17652 23299
4888 17586 29122
17586 4888 29122
29122 4888 17586
1040 10915 20419
10915 1040 20419
20419 1040 10915
27944 9400 12731
12731 9400 27944
9400 12731 27944
23563 28736 28850
28736 23563 28850
28850 23563 28736
24407 1719 28442
1719 24407 28442
28442 1719 24407
8409 18694 23222
18694 8409 23222
23222 8409 18694
21796 5089 23481
5089 21796 23481
23481 5089 21796
10902 15984 29859
15984 10902 29859
29859 10902 15984
93 3119 9426
9426 93 3119
3119 93 9426
4967 13583 27461
27461 4967 13583
13583 4967 27461
17579 3996 29935
3996 17579 29935
29935 3996 17579
7446 90 15450
15450 90 7446
90 7446 15450
20403 4504 16510
4504 16510 20403
16510 4504 20403
18177 1144 17714
17714 1144 18177
1144 17714 18177
8440 10567 28579
28579 8440 10567
10567 8440 28579
29710 14945 22466
22466 14945 29710
14945 22466 29710
1390 11643 25887
11643 1390 25887
25887 1390 11643
25101 9258 25132
25132 9258 25101
9258 25101 25132
20400 3778 8046
3778 8046 20400
8046 3778 20400
911 12309 21880
12309 911 21880
21880 911 12309
22013 17861 25418
25418 17861 22013
17861 22013 25418
26916 3522 5034
5034 3522 26916
3522 5034 26916
19709 2823 16994
2823 16994 19709
16994 2823 19709
8407 3802 23670
3802 8407 23670
23670 3802 8407
18578 10546 11141
11141 10546 18578
10546 11141 18578
16347 19433 27658
27658 16347 19433
19433 16347 27658
4319 23874 27765
27765 4319 23874
23874 4319 27765
17948 11800 15974
15974 11800 17948
11800 15974 17948
22991 2833 17574
17574 2833 22991
2833 17574 22991
25057 3047 23625
3047 23625 25057
23625 3047 25057
6613 6301 17174
17174 6301 6613
6301 6613 17174
11126 786 11444
786 11126 11444
11444 786 11126
18502 13700 23592
23592 13700 18502
13700 18502 23592
20598 1153 3644
3644 1153 20598
1153 3644 20598
21844 15796 17080
17080 15796 21844
15796 17080 21844
10445 14101 14790
14790 10445 14101
14101 10445 14790
16304 1814 29670
29670 1814 16304
1814 16304 29670
29581 19415 21303
19415 21303 29581
21303 19415 29581
10503 10390 22793
10390 10503 22793
22793 10390 10503
19026 28332 29427
28332 19026 29427
29427 19026 28332
8878 18775 21731
18775 8878 21731
21731 8878 18775
3381 27125 28302
27125 3381 28302
28302 3381 27125
20406 11491 28352
28352 11491 20406
11491 20406 28352
666 4518 25025
4518 666 25025
25025 666 4518
22705 17854 29881
17854 22705 29881
29881 17854 22705
25647 1848 26409
26409 1848 25647
1848 25647 26409
25180 2515 22055
2515 22055 25180
22055 2515 25180
16573 12064 22965
12064 16573 22965
22965 12064 16573
10631 7620 29736
7620 10631 29736
29736 7620 10631
25934 12299 27509
27509 12299 25934
12299 25934 27509
1983 1470 23823
1470 1983 23823
23823 1470 1983
29037 15953 21994
21994 15953 29037
15953 21994 29037
24863 2475 18894
2475 18894 24863
18894 2475 24863
29896 8753 28146
28146 8753 29896
8753 28146 29896
28741 9037 10634
10634 9037 28741
9037 10634 28741
12101 9445 24912
9445 12101 24912
24912 9445 12101
1661 22794 29453
29453 1661 22794
22794 1661 29453
18594 5988 21806
5988 18594 21806
21806 5988 18594
3641 15748 17444
17444 3641 15748
15748 3641 17444
11729 4568 13869
4568 11729 13869
13869 4568 11729
20798 2591 16932
16932 2591 20798
2591 16932 20798
22431 21568 29499
21568 22431 29499
29499 21568 22431
7338 15832 28797
15832 7338 28797
28797 7338 15832
643 7046 18363
7046 643 18363
18363 643 7046
17945 13474 21470
13474 17945 21470
21470 13474 17945
27025 7327 26705
7327 26705 27025
26705 7327 27025
12043 14900 16469
14900 12043 16469
16469 12043 14900
12070 375 8913
8913 375 12070
375 8913 12070
4834 5596 9520
5596 4834 9520
9520 4834 5596
8589 5299 10942
10942 5299 8589
5299 8589 10942
3806 18986 19833
19833 3806 18986
18986 3806 19833
26667 15865 19180
15865 19180 26667
19180 15865 26667
2461 17485 17866
17866 2461 17485
17485 2461 17866
1283 2330 14430
14430 1283 2330
2330 1283 14430
21879 8269 19586
8269 19586 21879
19586 8269 21879
5301 15110 16968
15110 5301 16968
16968 5301 15110
28531 11712 14417
14417 11712 28531
11712 14417 28531
20071 7892 13994
7892 13994 20071
13994 7892 20071
21389 205 13565
13565 205 21389
205 13565 21389
10840 6123 12451
6123 10840 12451
12451 6123 10840
14643 2774 4218
2774 4218 14643
4218 2774 14643
28252 13510 25930
25930 13510 28252
13510 25930 28252
16401 229 8103
229 8103 16401
8103 229 16401
24233 23506 29124
29124 23506 24233
23506 24233 29124
2255 10414 23512
10414 2255 23512
23512 2255 10414
9209 113 25412
113 9209 25412
25412 113 9209
25717 148 13402
148 13402 25717
13402 148 25717
12673 3929 13105
13105 3929 12673
3929 12673 13105
27786 9804 19104
19104 9804 27786
9804 19104 27786
16513 9575 15776
9575 15776 16513
15776 9575 16513
25225 22058 23168
23168 22058 25225
22058 23168 25225
15135 18220 21908
18220 15135 21908
21908 15135 18220
18328 3279 20742
3279 18328 20742
20742 3279 18328
24744 15179 16755
16755 15179 24744
15179 16755 24744
24443 5183 20405
5183 20405 24443
20405 5183 24443
2169 6724 8350
8350 2169 6724
6724 2169 8350
5704 2310 24624
2310 5704 24624
24624 2310 5704
13922 5037 22735
22735 5037 13922
5037 13922 22735
13527 21089 21248
21089 13527 21248
21248 13527 21089
654 3955 10487
3955 654 10487
10487 654 3955
21933 18524 20219
18524 20219 21933
20219 18524 21933
3061 2990 17156
17156 2990 3061
2990 3061 17156
5315 13484 21737
13484 5315 21737
21737 5315 13484
22394 1319 22731
22731 1319 22394
1319 22394 22731
27981 14979 26885
14979 26885 27981
26885 14979 27981
26715 22316 25422
25422 22316 26715
22316 25422 26715
23593 14978 29283
14978 23593 29283
29283 14978 23593
19016 28073 29945
29945 19016 28073
28073 19016 29945
29517 235 20571
235 20571 29517
20571 235 29517
7282 8123 19820
8123 7282 19820
19820 7282 8123
13014 12068 29807
29807 12068 13014
12068 13014 29807
22251 3291 22996
22996 3291 22251
3291 22251 22996
24751 5469 8446
5469 8446 24751
8446 5469 24751
1363 17248 22871
17248 1363 22871
22871 1363 17248
21738 270 3067
3067 270 21738
270 3067 21738
5757 11472 19527
11472 5757 19527
19527 5757 11472
8664 3461 23756
3461 8664 23756
23756 3461 8664
21778 20083 22190
22190 20083 21778
20083 21778 22190
21299 6650 12472
12472 6650 21299
6650 12472 21299
3684 2088 8461
2088 3684 8461
8461 2088 3684
2447 13607 25633
13607 2447 25633
25633 2447 13607
861 20899 21938
21938 861 20899
20899 861 21938
6040 4421 10544
10544 4421 6040
4421 6040 10544
323 18305 25845
18305 323 25845
25845 323 18305
17836 13246 21589
21589 13246 17836
13246 17836 21589
29716 7367 17396
7367 17396 29716
17396 7367 29716
456 6850 28470
6850 456 28470
28470 456 6850
16112 4087 4787
4087 4787 16112
4787 4087 16112
23500 24487 29667
29667 23500 24487
24487 23500 29667
6765 9646 14134
14134 6765 9646
9646 6765 14134
9689 20229 29527
29527 9689 20229
20229 9689 29527
23601 4762 5042
4762 5042 23601
5042 4762 23601
22743 20679 24286
24286 20679 22743
20679 22743 24286
9203 12948 20044
20044 9203 12948
12948 9203 20044
20113 16220 21622
21622 16220 20113
16220 20113 21622
12954 9221 29419
29419 9221 12954
9221 12954 29419
8615 15622 23878
23878 8615 15622
15622 8615 23878
16314 10813 27471
27471 10813 16314
10813 16314 27471
20503 3517 20264
3517 20264 20503
20264 3517 20503
5155 7685 20074
20074 5155 7685
7685 5155 20074
14276 471 25826
471 14276 25826
25826 471 14276
1701 1887 8522
1887 1701 8522
8522 1701 1887
3148 13525 19622
19622 3148 13525
13525 3148 19622
13289 2283 20151
2283 13289 20151
20151 2283 13289
16593 23431 24377
23431 16593 24377
24377 16593 23431
25534 8904 27837
8904 25534 27837
27837 8904 25534
14812 8450 23164
8450 14812 23164
23164 8450 14812
3503 1508 17028
1508 3503 17028
17028 1508 3503
4100 637 7984
7984 637 4100
637 4100 7984
6484 18242 27921
27921 6484 18242
18242 6484 27921
28121 13189 16965
16965 13189 28121
13189 16965 28121
3692 8814 13673
8814 3692 13673
13673 3692 8814
10037 10562 22547
10562 10037 22547
22547 10037 10562
29878 10838 18960
10838 18960 29878
18960 10838 29878
26963 1959 11597
1959 11597 26963
11597 1959 26963
28238 21307 28664
28664 21307 28238
21307 28238 28664
21526 8559 23455
8559 21526 23455
23455 8559 21526
5086 123 1218
1218 123 5086
123 1218 5086
19606 894 13475
894 13475 19606
13475 894 19606
23045 12423 16598
16598 12423 23045
12423 16598 23045
8492 10955 17029
10955 8492 17029
17029 8492 10955
28995 1226 3655
3655 1226 28995
1226 3655 28995
1073 10910 13431
10910 1073 13431
13431 1073 10910
22686 4453 16561
16561 4453 22686
4453 16561 22686
23790 12592 13352
12592 13352 23790
13352 12592 23790
21400 2360 7672
7672 2360 21400
2360 7672 21400
8803 13526 14601
13526 8803 14601
14601 8803 13526
15568 11993 26354
26354 11993 15568
11993 15568 26354
12960 15348 26155
15348 12960 26155
26155 12960 15348
9155 11889 17368
11889 9155 17368
17368 9155 11889
19684 6451 25652
25652 6451 19684
6451 19684 25652
17811 12639 22719
12639 17811 22719
22719 12639 17811
4823 5834 14727
14727 4823 5834
5834 4823 14727
21363 1861 20685
1861 20685 21363
20685 1861 21363
5560 23519 24078
24078 5560 23519
23519 5560 24078
26458 2083 9977
2083 9977 26458
9977 2083 26458
12819 840 15595
840 12819 15595
15595 840 12819
11899 4354 21899
4354 11899 21899
21899 4354 11899
9267 6194 16509
6194 9267 16509
16509 6194 9267
3287 14495 16272
16272 3287 14495
14495 3287 16272
16299 6810 16136
6810 16136 16299
16136 6810 16299
6575 6406 17935
17935 6406 6575
6406 6575 17935
22183 16607 22356
22356 16607 22183
16607 22183 22356
10591 10008 19010
10008 10591 19010
19010 10008 10591
28245 15380 18684
18684 15380 28245
15380 18684 28245
29900 6626 7976
6626 7976 29900
7976 6626 29900
28991 11246 26106
11246 26106 28991
26106 11246 28991
3586 14763 24592
14763 3586 24592
24592 3586 14763
5145 17285 27047
27047 5145 17285
17285 5145 27047
27582 4743 11442
4743 11442 27582
11442 4743 27582
21965 12676 23123
23123 12676 21965
12676 21965 23123
9843 26713 27367
26713 9843 27367
27367 9843 26713
25176 12343 21015
21015 12343 25176
12343 21015 25176
18941 9878 24814
9878 18941 24814
24814 9878 18941
23582 2555 7544
7544 2555 23582
2555 7544 23582
6823 5058 12240
12240 5058 6823
5058 6823 12240
15421 877 22319
22319 877 15421
877 15421 22319
22585 23633 26524
23633 22585 26524
26524 22585 23633
6874 1468 8148
1468 6874 8148
8148 1468 6874
1435 5968 13902
5968 1435 13902
13902 1435 5968
384 18823 19925
19925 384 18823
18823 384 19925
1963 119 14931
119 1963 14931
14931 119 1963
9960 19205 23441
19205 9960 23441
23441 9960 19205
4937 18440 27694
27694 4937 18440
18440 4937 27694
28283 5245 15702
5245 15702 28283
15702 5245 28283
14253 610 28749
610 14253 28749
28749 610 14253
18828 3973 19822
19822 3973 18828
3973 18828 19822
14995 10772 15499
15499 10772 14995
10772 14995 15499
991 745 10319
10319 745 991
745 991 10319
9134 10469 22335
10469 9134 22335
22335 9134 10469
10436 4668 27244
27244 4668 10436
4668 10436 27244
23324 16326 29790
29790 16326 23324
16326 23324 29790
29764 6071 9948
6071 9948 29764
9948 6071 29764
27405 16917 21385
16917 21385 27405
21385 16917 27405
19397 4842 16404
4842 16404 19397
16404 4842 19397
8421 4332 15560
15560 4332 8421
4332 8421 15560
28438 4177 26096
4177 26096 28438
26096 4177 28438
23824 24338 27650
24338 23824 27650
27650 23824 24338
2556 18996 27835
27835 2556 18996
18996 2556 27835
442 671 13584
13584 442 671
671 442 13584
29857 12651 27576
27576 12651 29857
12651 27576 29857
14592 3749 25922
25922 3749 14592
3749 14592 25922
9615 8330 26022
8330 9615 26022
26022 8330 9615
9054 13104 17357
13104 9054 17357
17357 9054 13104
16852 11625 21973
11625 16852 21973
21973 11625 16852
9983 26176 28018
28018 9983 26176
26176 9983 28018
4179 4514 23057
23057 4179 4514
4514 4179 23057
7988 320 29913
29913 320 7988
320 7988 29913
29531 7028 13826
7028 13826 29531
13826 7028 29531
19041 16668 26734
26734 16668 19041
16668 19041 26734
2441 3072 19315
19315 2441 3072
3072 2441 19315
24573 3603 19151
19151 3603 24573
3603 19151 24573
17554 15511 29355
15511 17554 29355
29355 15511 17554
4029 9741 12212
12212 4029 9741
9741 4029 12212
17013 3490 15810
15810 3490 17013
3490 15810 17013
17582 4077 6328
4077 6328 17582
6328 4077 17582
17168 8864 14545
14545 8864 17168
8864 14545 17168
25964 22450 28482
22450 25964 28482
28482 22450 25964
9033 4685 16269
4685 9033 16269
16269 4685 9033
4800 3338 9482
9482 3338 4800
3338 4800 9482
5307 8102 29331
8102 5307 29331
29331 5307 8102
5292 1846 26549
1846 5292 26549
26549 1846 5292
29454 1726 4741
1726 4741 29454
4741 1726 29454
1536 3538 28061
28061 1536 3538
3538 1536 28061
14235 9565 27532
9565 14235 27532
27532 9565 14235
27973 6055 22939
22939 6055 27973
6055 22939 27973
8252 1106 10624
10624 1106 8252
1106 8252 10624
6189 22953 22959
22959 6189 22953
22953 6189 22959
26410 19651 20834
19651 20834 26410
20834 19651 26410
26361 15817 25507
15817 25507 26361
25507 15817 26361
11833 14017 25706
14017 11833 25706
25706 11833 14017
1736 1464 15994
15994 1464 1736
1464 1736 15994
28452 12389 20780
20780 12389 28452
12389 20780 28452
20177 25282 26949
25282 20177 26949
26949 20177 25282
29239 11690 14864
14864 11690 29239
11690 14864 29239
19459 12107 13945
12107 13945 19459
13945 12107 19459
26580 9737 22607
9737 22607 26580
22607 9737 26580
17699 6821 19974
6821 17699 19974
19974 6821 17699
7571 24832 27749
27749 7571 24832
24832 7571 27749
12027 8418 20476
8418 12027 20476
20476 8418 12027
26679 18274 23654
18274 23654 26679
23654 18274 26679
5504 2866 12224
2866 5504 12224
12224 2866 5504
27625 1325 13127
13127 1325 27625
1325 13127 27625
17242 15703 21297
21297 15703 17242
15703 17242 21297
12994 16690 21848
21848 12994 16690
16690 12994 21848
11516 11302 13515
13515 11302 11516
11302 11516 13515
11978 10622 17765
10622 11978 17765
17765 10622 11978
8472 10946 24011
10946 8472 24011
24011 8472 10946
23558 7342 20063
20063 7342 23558
7342 20063 23558
15843 24118 26182
24118 15843 26182
26182 15843 24118
26975 12527 20318
12527 20318 26975
20318 12527 26975
16517 2497 23784
2497 16517 23784
23784 2497 16517
28615 21406 24393
24393 21406 28615
21406 24393 28615
1811 812 18296
812 1811 18296
18296 812 1811
3281 22194 27683
27683 3281 22194
22194 3281 27683
3872 11621 24034
11621 3872 24034
24034 3872 11621
19644 20340 29759
20340 19644 29759
29759 19644 20340
29805 6472 29185
6472 29185 29805
29185 6472 29805
2469 12130 14551
12130 2469 14551
14551 2469 12130
6700 10190 15540
15540 6700 10190
10190 6700 15540
21998 18871 28082
28082 18871 21998
18871 21998 28082
10087 17820 19457
17820 10087 19457
19457 10087 17820
4258 5498 29025
5498 4258 29025
29025 4258 5498
475 591 22008
22008 475 591
591 475 22008
5602 994 12375
994 5602 12375
12375 994 5602
23301 21244 28378
28378 21244 23301
21244 23301 28378
8844 7701 22901
22901 7701 8844
7701 8844 22901
18472 9927 17803
17803 9927 18472
9927 17803 18472
13719 1048 2649
1048 2649 13719
2649 1048 13719
17245 10134 21877
10134 17245 21877
21877 10134 17245
26687 16075 24170
16075 24170 26687
24170 16075 26687
21729 15606 20968
20968 15606 21729
15606 20968 21729
15807 14378 20850
14378 15807 20850
20850 14378 15807
3391 2894 13529
13529 2894 3391
2894 3391 13529
8426 11455 27720
27720 8426 11455
11455 8426 27720
11130 24378 27365
27365 11130 24378
24378 11130 27365
22786 2306 9421
9421 2306 22786
2306 9421 22786
1245 13570 27655
27655 1245 13570
13570 1245 27655
4883 62 2903
62 2903 4883
2903 62 4883
21584 8060 22297
8060 21584 22297
22297 8060 21584
4303 635 10958
10958 635 4303
635 4303 10958
19401 14796 29323
29323 14796 19401
14796 19401 29323
16118 2887 20661
2887 16118 20661
20661 2887 16118
24423 2793 15206
15206 2793 24423
2793 15206 24423
8091 10274 12272
12272 8091 10274
10274 8091 12272
3652 20712 24366
24366 3652 20712
20712 3652 24366
27163 1934 5665
5665 1934 27163
1934 5665 27163
19618 12221 13754
12221 13754 19618
13754 12221 19618
8705 3712 24210
3712 8705 24210
24210 3712 8705
3588 10078 11290
11290 3588 10078
10078 3588 11290
5831 1099 26966
26966 1099 5831
1099 5831 26966
17650 4050 28825
4050 17650 28825
28825 4050 17650
12369 2686 4827
2686 4827 12369
4827 2686 12369
21506 26261 27388
27388 21506 26261
26261 21506 27388
12862 8354 16250
8354 12862 16250
16250 8354 12862
3719 7647 18864
7647 3719 18864
18864 3719 7647
13426 5226 21892
21892 5226 13426
5226 13426 21892
4476 4129 7285
7285 4129 4476
4129 4476 7285
19566 8497 10532
10532 8497 19566
8497 10532 19566
20752 8111 12957
8111 12957 20752
12957 8111 20752
2538 9618 22499
9618 2538 22499
22499 2538 9618
4131 3897 14504
3897 4131 14504
14504 3897 4131
14400 9859 11040
9859 11040 14400
11040 9859 14400
17593 15350 19038
19038 15350 17593
15350 17593 19038
2846 5922 9787
5922 2846 9787
9787 2846 5922
25646 11511 14080
11511 14080 25646
14080 11511 25646
1054 5114 17824
5114 1054 17824
17824 1054 5114
24220 15059 20014
20014 15059 24220
15059 20014 24220
6581 8263 27068
27068 6581 8263
8263 6581 27068
26688 5600 23120
23120 5600 26688
5600 23120 26688
15660 4751 22605
22605 4751 15660
4751 15660 22605
19590 12470 23623
12470 19590 23623
23623 12470 19590
6005 17663 26221
26221 6005 17663
17663 6005 26221
12038 7748 10844
7748 10844 12038
10844 7748 12038
7816 16266 29083
29083 7816 16266
16266 7816 29083
26013 19673 21762
19673 21762 26013
21762 19673 26013
29812 6342 25149
6342 25149 29812
25149 6342 29812
9644 21098 26389
21098 9644 26389
26389 9644 21098
12337 22540 22849
22849 12337 22540
22540 12337 22849
27982 15456 20724
20724 15456 27982
15456 20724 27982
6549 973 19432
19432 973 6549
973 6549 19432
22380 11239 24270
24270 11239 22380
11239 22380 24270
6174 14041 27054
27054 6174 14041
14041 6174 27054
16202 7652 25190
7652 16202 25190
25190 7652 16202
27652 1485 26898
26898 1485 27652
1485 26898 27652
2724 7819 22944
22944 2724 7819
7819 2724 22944
24928 6 18143
18143 6 24928
6 18143 24928
28059 11886 29389
29389 11886 28059
11886 28059 29389
2073 722 5801
722 2073 5801
5801 722 2073
15471 58 20299
58 15471 20299
20299 58 15471
2164 11430 16805
16805 2164 11430
11430 2164 16805
14596 15846 22912
22912 14596 15846
15846 14596 22912
11732 4780 9891
9891 4780 11732
4780 9891 11732
18134 2033 3608
2033 3608 18134
3608 2033 18134
18989 4098 22063
4098 18989 22063
22063 4098 18989
12744 8789 19351
8789 12744 19351
19351 8789 12744
5979 18519 23121
18519 5979 23121
23121 5979 18519
18164 28773 29713
29713 18164 28773
28773 18164 29713
15434 2918 22135
22135 2918 15434
2918 15434 22135
15574 10911 29360
29360 10911 15574
10911 15574 29360
20507 26913 29170
26913 20507 29170
29170 20507 26913
20105 3481 22035
22035 3481 20105
3481 20105 22035
3376 22734 24972
24972 3376 22734
22734 3376 24972
7608 12781 14920
12781 7608 14920
14920 7608 12781
25504 797 22386
22386 797 25504
797 22386 25504
6302 17148 18638
18638 6302 17148
17148 6302 18638
3252 15326 18292
15326 3252 18292
18292 3252 15326
895 99 10627
99 895 10627
10627 99 895
3589 15305 28942
15305 3589 28942
28942 3589 15305
5109 6928 14457
6928 5109 14457
14457 5109 6928
11249 6289 25561
6289 11249 25561
25561 6289 11249
20365 3073 19705
19705 3073 20365
3073 19705 20365
28864 7044 9264
9264 7044 28864
7044 9264 28864
972 25981 28466
28466 972 25981
25981 972 28466
25805 3190 17227
3190 17227 25805
17227 3190 25805
17400 1387 26925
26925 1387 17400
1387 17400 26925
29307 3628 19100
19100 3628 29307
3628 19100 29307
1202 3876 26395
26395 1202 3876
3876 1202 26395
20987 13423 14633
13423 14633 20987
14633 13423 20987
24008 1776 26849
26849 1776 24008
1776 24008 26849
10828 20750 28424
28424 10828 20750
20750 10828 28424
12978 3971 24109
24109 3971 12978
3971 12978 24109
22833 15912 24243
15912 22833 24243
24243 15912 22833
15472 20576 29339
29339 15472 20576
20576 15472 29339
4754 10976 11896
11896 4754 10976
10976 4754 11896
21555 21901 23161
23161 21555 21901
21901 21555 23161
5188 6323 15896
15896 5188 6323
6323 5188 15896
15552 8630 23065
23065 8630 15552
8630 15552 23065
9247 2807 22694
22694 2807 9247
2807 9247 22694
7084 20597 24178
24178 7084 20597
20597 7084 24178
7380 7336 7341
7336 7341 7380
7341 7336 7380
28627 6771 25288
25288 6771 28627
6771 25288 28627
19311 14203 20900
20900 14203 19311
14203 19311 20900
25452 3019 29016
3019 25452 29016
29016 3019 25452
3747 5260 26014
26014 3747 5260
5260 3747 26014
21891 19571 22887
19571 21891 22887
22887 19571 21891
4845 16985 18339
18339 4845 16985
16985 4845 18339
11023 6378 22033
6378 11023 22033
22033 6378 11023
28256 13660 26942
13660 26942 28256
26942 13660 28256
17956 12787 27733
27733 12787 17956
12787 17956 27733
8099 1909 10455
10455 1909 8099
1909 8099 10455
29826 2249 10086
10086 2249 29826
2249 10086 29826
16198 3725 25844
25844 3725 16198
3725 16198 25844
20128 5481 5955
5955 5481 20128
5481 5955 20128
16546 11932 16918
11932 16546 16918
16918 11932 16546
18103 16606 24671
16606 18103 24671
24671 16606 18103
28477 149 29918
149 28477 29918
29918 149 28477
13734 9349 12024
12024 9349 13734
9349 12024 13734
28129 1359 14787
1359 14787 28129
14787 1359 28129
7579 6752 9752
6752 7579 9752
9752 6752 7579
18770 15610 16614
15610 16614 18770
16614 15610 18770
17640 13871 23392
23392 13871 17640
13871 17640 23392
100 8187 16453
16453 100 8187
8187 100 16453
18573 9964 22818
9964 18573 22818
22818 9964 18573
27827 8966 24182
24182 8966 27827
8966 24182 27827
15165 9984 13260
13260 9984 15165
9984 13260 15165
10258 249 19979
249 10258 19979
19979 249 10258
26275 4528 21621
21621 4528 26275
4528 21621 26275
20161 13724 26260
26260 13724 20161
13724 20161 26260
22911 14833 23850
14833 22911 23850
23850 14833 22911
5630 5041 21779
21779 5041 5630
5041 5630 21779
12290 2185 4231
2185 4231 12290
4231 2185 12290
5455 25813 26095
25813 5455 26095
26095 5455 25813
22150 10986 28492
28492 10986 22150
10986 22150 28492
5592 360 11594
360 5592 11594
11594 360 5592
16140 15263 25442
25442 15263 16140
15263 16140 25442
20861 22750 27326
22750 20861 27326
27326 20861 22750
13943 14293 27779
14293 13943 27779
27779 13943 14293
16594 10115 21635
21635 10115 16594
10115 16594 21635
15573 7288 14542
14542 7288 15573
7288 14542 15573
7495 11162 29917
29917 7495 11162
11162 7495 29917
24478 10957 28524
28524 10957 24478
10957 24478 28524
17405 4463 22949
4463 17405 22949
22949 4463 17405
22619 15319 27130
15319 22619 27130
27130 15319 22619
29739 21196 27033
21196 27033 29739
27033 21196 29739
28738 39 20056
39 20056 28738
20056 39 28738
14530 19094 25115
25115 14530 19094
19094 14530 25115
5328 3142 21291
21291 3142 5328
3142 5328 21291
4730 14936 25626
14936 4730 25626
25626 4730 14936
9953 12046 26060
26060 9953 12046
12046 9953 26060
15995 18663 28046
28046 15995 18663
18663 15995 28046
4215 18261 26806
18261 4215 26806
26806 4215 18261
6294 5829 10387
10387 5829 6294
5829 6294 10387
28122 6696 20694
20694 6696 28122
6696 20694 28122
8739 2925 26690
2925 8739 26690
26690 2925 8739
28145 10681 27433
27433 10681 28145
10681 27433 28145
29481 2081 3642
2081 3642 29481
3642 2081 29481
5859 10700 14891
14891 5859 10700
10700 5859 14891
21665 11291 11794
11794 11291 21665
11291 11794 21665
5521 9865 27124
27124 5521 9865
9865 5521 27124
21734 15399 24299
15399 21734 24299
24299 15399 21734
15041 15080 15478
15478 15041 15080
15080 15041 15478
14227 12018 24579
24579 12018 14227
12018 14227 24579
11036 28023 28906
28906 11036 28023
28023 11036 28906
23266 5883 8782
5883 8782 23266
8782 5883 23266
10489 451 4320
451 4320 10489
4320 451 10489
5055 16322 19102
19102 5055 16322
16322 5055 19102
21158 10713 18122
10713 18122 21158
18122 10713 21158
20779 1720 20226
20226 1720 20779
1720 20226 20779
18293 7053 8895
7053 8895 18293
8895 7053 18293
21238 12584 28303
12584 21238 28303
28303 12584 21238
1721 5962 22609
22609 1721 5962
5962 1721 22609
26287 4907 5604
4907 5604 26287
5604 4907 26287
1194 6551 9110
9110 1194 6551
6551 1194 9110
16305 2364 11475
2364 11475 16305
11475 2364 16305
20462 4947 6468
4947 6468 20462
6468 4947 20462
9423 16371 17257
16371 9423 17257
17257 9423 16371
21590 11262 28132
11262 21590 28132
28132 11262 21590
11779 11927 25950
25950 11779 11927
11927 11779 25950
18090 2904 21304
2904 18090 21304
21304 2904 18090
29410 7871 26229
26229 7871 29410
7871 26229 29410
12992 6139 14792
14792 6139 12992
6139 12992 14792
11197 11277 27584
11277 11197 27584
27584 11197 11277
22440 5426 23444
5426 22440 23444
23444 5426 22440
14657 1504 24668
1504 14657 24668
24668 1504 14657
15174 11759 23101
11759 15174 23101
23101 11759 15174
13382 4548 16833
16833 4548 13382
4548 13382 16833
27900 13007 25040
25040 13007 27900
13007 25040 27900
3465 13910 17491
17491 3465 13910
13910 3465 17491
4169 13921 16237
16237 4169 13921
13921 4169 16237
10289 12702 27624
12702 10289 27624
27624 10289 12702
27518 25093 25138
25093 25138 27518
25138 25093 27518
6961 24519 28616
24519 6961 28616
28616 6961 24519
14262 21293 25629
25629 14262 21293
21293 14262 25629
28841 4389 13150
4389 13150 28841
13150 4389 28841
25810 5723 28485
5723 25810 28485
28485 5723 25810
2029 5048 22039
5048 2029 22039
22039 2029 5048
14804 13567 17127
17127 13567 14804
13567 14804 17127
24219 5326 19301
19301 5326 24219
5326 19301 24219
20672 4753 18199
18199 4753 20672
4753 18199 20672
21889 18120 18400
18120 18400 21889
18400 18120 21889
26661 22133 26886
26886 22133 26661
22133 26661 26886
13446 7771 18696
18696 7771 13446
7771 13446 18696
15597 26417 28654
28654 15597 26417
26417 15597 28654
28947 12852 28032
12852 28032 28947
28032 12852 28947
25283 7361 18716
7361 18716 25283
18716 7361 25283
4544 21914 25666
21914 4544 25666
25666 4544 21914
17273 2266 28808
2266 17273 28808
28808 2266 17273
458 10516 21038
21038 458 10516
10516 458 21038
29275 3297 23769
23769 3297 29275
3297 23769 29275
4636 187 23833
187 4636 23833
23833 187 4636
2359 23278 28351
23278 2359 28351
28351 2359 23278
8399 1205 22534
22534 1205 8399
1205 8399 22534
3 9633 21530
21530 3 9633
9633 3 21530
12617 15683 22498
15683 12617 22498
22498 12617 15683
23061 23225 25937
23225 23061 25937
25937 23061 23225
8621 5846 25119
25119 5846 8621
5846 8621 25119
8785 10889 22011
22011 8785 10889
10889 8785 22011
12900 2574 10324
2574 10324 12900
10324 2574 12900
13059 10783 22232
10783 13059 22232
22232 10783 13059
22089 2683 29931
2683 22089 29931
29931 2683 22089
28055 13702 18239
13702 18239 28055
18239 13702 28055
28105 11384 20424
20424 11384 28105
11384 20424 28105
15620 2731 9858
2731 9858 15620
9858 2731 15620
24662 4607 6098
6098 4607 24662
4607 6098 24662
12669 6013 23543
23543 6013 12669
6013 12669 23543
13175 6916 29070
6916 13175 29070
29070 6916 13175
10041 6936 29002
29002 6936 10041
6936 10041 29002
23494 88 26875
26875 88 23494
88 23494 26875
6100 11059 23668
23668 6100 11059
11059 6100 23668
1395 8476 12438
8476 1395 12438
12438 1395 8476
939 18095 21613
18095 939 21613
21613 939 18095
26133 1133 2991
1133 2991 26133
2991 1133 26133
12844 4041 5316
4041 5316 12844
5316 4041 12844
8416 10343 24988
24988 8416 10343
10343 8416 24988
15675 5758 20806
5758 15675 20806
20806 5758 15675
16448 1564 21551
1564 16448 21551
21551 1564 16448
25590 3305 10925
10925 3305 25590
3305 10925 25590
21748 8868 25881
25881 8868 21748
8868 21748 25881
12696 2648 8998
8998 2648 12696
2648 8998 12696
3348 13710 27397
13710 3348 27397
27397 3348 13710
6962 20363 22784
22784 6962 20363
20363 6962 22784
16997 79 5566
79 5566 16997
5566 79 16997
13727 9380 13970
13970 9380 13727
9380 13727 13970
29865 22383 24461
24461 22383 29865
22383 24461 29865
12342 19558 25364
25364 12342 19558
19558 12342 25364
7916 27728 27750
27750 7916 27728
27728 7916 27750
27136 2317 12925
12925 2317 27136
2317 12925 27136
27069 7540 28578
7540 27069 28578
28578 7540 27069
17310 20504 27108
20504 17310 27108
27108 17310 20504
28356 2155 12596
2155 12596 28356
12596 2155 28356
15512 21202 24320
24320 15512 21202
21202 15512 24320
9468 4277 23602
23602 4277 9468
4277 9468 23602
9358 16369 28197
28197 9358 16369
16369 9358 28197
16813 3614 16476
16476 3614 16813
3614 16476 16813
25377 561 11259
561 11259 25377
11259 561 25377
24474 1231 28366
1231 24474 28366
28366 1231 24474
18483 5011 23976
23976 5011 18483
5011 18483 23976
27708 16265 21264
21264 16265 27708
16265 21264 27708
25395 11666 22122
22122 11666 25395
11666 22122 25395
14958 5726 7882
7882 5726 14958
5726 7882 14958
835 12426 21320
21320 835 12426
12426 835 21320
28047 8808 24012
24012 8808 28047
8808 24012 28047
3827 5111 10712
10712 3827 5111
5111 3827 10712
19087 15782 18247
15782 18247 19087
18247 15782 19087
10360 5529 19279
5529 10360 19279
19279 5529 10360
11062 23653 24249
23653 11062 24249
24249 11062 23653
696 1189 10478
10478 696 1189
1189 696 10478
23412 14330 26529
26529 14330 23412
14330 23412 26529
14922 7145 26746
7145 14922 26746
26746 7145 14922
10122 17534 23898
17534 10122 23898
23898 10122 17534
8702 9224 21245
9224 8702 21245
21245 8702 9224
6276 6942 27045
6942 6276 27045
27045 6276 6942
21025 1554 20820
1554 20820 21025
20820 1554 21025
3009 8755 11542
8755 3009 11542
11542 3009 8755
6290 28287 28450
28287 6290 28450
28450 6290 28287
9157 12124 12586
12586 9157 12124
12124 9157 12586
15127 2570 18323
2570 15127 18323
18323 2570 15127
494 6885 25007
6885 494 25007
25007 494 6885
6556 14785 26611
14785 6556 26611
26611 6556 14785
15347 8697 29362
8697 15347 29362
29362 8697 15347
25891 18191 26266
18191 25891 26266
26266 18191 25891
17872 24541 26648
24541 17872 26648
26648 17872 24541
699 519 27814
519 699 27814
27814 519 699
18255 22651 23919
22651 18255 23919
23919 18255 22651
14165 9166 27323
9166 14165 27323
27323 9166 14165
3505 19029 19956
19956 3505 19029
19029 3505 19956
25572 2651 3791
2651 3791 25572
3791 2651 25572
5224 12366 19682
12366 5224 19682
19682 5224 12366
658 1452 5807
1452 658 5807
5807 658 1452
8494 23996 29824
29824 8494 23996
23996 8494 29824
1905 260 20674
20674 260 1905
260 1905 20674
5536 15258 23763
23763 5536 15258
15258 5536 23763
10281 10802 26588
26588 10281 10802
10802 10281 26588
10504 20732 27878
27878 10504 20732
20732 10504 27878
21229 5181 22314
5181 21229 22314
22314 5181 21229
29818 17143 19634
19634 17143 29818
17143 19634 29818
19891 10579 16670
10579 16670 19891
16670 10579 19891
17372 6872 12551
6872 12551 17372
12551 6872 17372
7169 16063 26208
26208 7169 16063
16063 7169 26208
14528 7436 25655
25655 7436 14528
7436 14528 25655
16388 13153 18192
18192 13153 16388
13153 16388 18192
26522 27171 29513
29513 26522 27171
27171 26522 29513
8563 16556 22867
16556 8563 22867
22867 8563 16556
11053 14401 25210
14401 11053 25210
25210 11053 14401
1571 3908 26874
3908 1571 26874
26874 1571 3908
10751 9720 20326
9720 10751 20326
20326 9720 10751
6741 5474 29324
5474 6741 29324
29324 5474 6741
21007 13509 25411
13509 21007 25411
25411 13509 21007
13232 27029 27358
27029 13232 27358
27358 13232 27029
13999 3884 8944
8944 3884 13999
3884 8944 13999
15068 26426 28917
28917 15068 26426
26426 15068 28917
12336 7238 26045
26045 7238 12336
7238 12336 26045
20665 2292 18574
2292 18574 20665
18574 2292 20665
23805 9386 22030
22030 9386 23805
9386 22030 23805
5028 10945 11531
10945 5028 11531
11531 5028 10945
2586 13610 15147
13610 2586 15147
15147 2586 13610
11468 13413 20009
20009 11468 13413
13413 11468 20009
16370 2232 11313
11313 2232 16370
2232 11313 16370
23418 14646 22449
22449 14646 23418
14646 22449 23418
27138 1169 14138
1169 14138 27138
14138 1169 27138
21859 6515 21465
21465 6515 21859
6515 21465 21859
10803 10232 25096
10232 10803 25096
25096 10232 10803
18332 5980 22045
22045 5980 18332
5980 18332 22045
27785 14130 15584
14130 15584 27785
15584 14130 27785
16765 13039 13308
13039 13308 16765
13308 13039 16765
8945 2111 14639
2111 8945 14639
14639 2111 8945
21093 1567 25265
25265 1567 21093
1567 21093 25265
13693 18142 19092
18142 13693 19092
19092 13693 18142
10781 20710 27567
20710 10781 27567
27567 10781 20710
1705 17239 17415
17239 1705 17415
17415 1705 17239
3475 2473 8930
2473 3475 8930
8930 2473 3475
13968 5031 23586
23586 5031 13968
5031 13968 23586
20708 5470 27225
5470 20708 27225
27225 5470 20708
8805 7418 28809
28809 7418 8805
7418 8805 28809
22785 6026 14231
6026 14231 22785
14231 6026 22785
18133 8921 29708
8921 18133 29708
29708 8921 18133
1579 27616 28996
28996 1579 27616
27616 1579 28996
1816 1896 2740
2740 1816 1896
1896 1816 2740
15897 743 28852
743 15897 28852
28852 743 15897
4216 13304 14689
13304 4216 14689
14689 4216 13304
11586 20607 29006
20607 11586 29006
29006 11586 20607
22206 13731 23819
23819 13731 22206
13731 22206 23819
3688 11150 18739
18739 3688 11150
11150 3688 18739
20963 896 26053
896 20963 26053
26053 896 20963
5762 21986 26232
26232 5762 21986
21986 5762 26232
22151 22898 27747
27747 22151 22898
22898 22151 27747
25938 18036 18880
18036 18880 25938
18880 18036 25938
11673 3329 19131
3329 11673 19131
19131 3329 11673
9260 6972 17585
17585 6972 9260
6972 9260 17585
4830 10811 29827
10811 4830 29827
29827 4830 10811
11069 947 14795
947 11069 14795
14795 947 11069
9547 14014 14391
14014 9547 14391
14391 9547 14014
19687 4801 14641
14641 4801 19687
4801 14641 19687
5750 16139 20211
20211 5750 16139
16139 5750 20211
11366 2406 3645
2406 3645 11366
3645 2406 11366
12791 16053 19996
19996 12791 16053
16053 12791 19996
19542 4237 12233
12233 4237 19542
4237 12233 19542
23050 4927 28888
28888 4927 23050
4927 23050 28888
19976 15859 16315
16315 15859 19976
15859 16315 19976
19658 10003 25254
25254 10003 19658
10003 19658 25254
23250 8393 23981
8393 23250 23981
23981 8393 23250
21454 17536 20220
20220 17536 21454
17536 20220 21454
6398 6214 9738
6214 6398 9738
9738 6214 6398
15161 3669 29572
3669 15161 29572
29572 3669 15161
14239 1767 15689
1767 14239 15689
15689 1767 14239
22417 13746 19446
13746 19446 22417
19446 13746 22417
3788 1071 18015
18015 1071 3788
1071 3788 18015
12746 3694 12348
12348 3694 12746
3694 12348 12746
14640 16316 21368
16316 14640 21368
21368 14640 16316
26591 13873 25219
25219 13873 26591
13873 25219 26591
45 19776 27418
19776 45 27418
27418 45 19776
1763 14873 28086
28086 1763 14873
14873 1763 28086
21685 4272 20907
4272 20907 21685
20907 4272 21685
15373 22123 26548
22123 15373 26548
26548 15373 22123
12867 8191 19837
19837 8191 12867
8191 12867 19837
24498 6317 17132
17132 6317 24498
6317 17132 24498
16103 13249 16650
13249 16103 16650
16650 13249 16103
3167 20216 24842
24842 3167 20216
20216 3167 24842
21592 2549 7658
7658 2549 21592
2549 7658 21592
5864 12597 12939
12939 5864 12597
12597 5864 12939
24165 4986 13936
4986 13936 24165
13936 4986 24165
4151 9829 25473
25473 4151 9829
9829 4151 25473
17950 13303 15246
15246 13303 17950
13303 15246 17950
27858 14755 23853
23853 14755 27858
14755 23853 27858
7723 9105 29695
9105 7723 29695
29695 7723 9105
18012 2936 22933
