196 139 218
139 196 218
218 139 196
271 223 288
288 223 271
223 271 288
191 44 219
219 44 191
44 191 219
291 8 115
8 115 291
115 8 291
211 5 253
5 211 253
253 5 211
150 42 274
42 150 274
274 42 150
215 158 182
182 158 215
158 182 215
284 96 109
96 109 284
109 96 284
239 75 166
75 166 239
166 75 239
132 106 142
142 106 132
106 132 142
31 216 294
216 31 294
294 31 216
248 49 179
49 179 248
179 49 248
254 29 183
29 183 254
183 29 254
213 82 92
82 92 213
92 82 213
205 88 101
101 88 205
88 101 205
22 71 156
71 22 156
156 22 71
80 147 242
242 80 147
147 80 242
255 64 138
138 64 255
64 138 255
41 19 269
269 19 41
19 41 269
122 72 256
256 72 122
72 122 256
192 39 149
39 149 192
149 39 192
295 46 222
46 222 295
222 46 295
131 1 184
184 1 131
1 131 184
265 37 113
113 37 265
37 113 265
163 151 240
240 151 163
151 163 240
188 197 262
262 188 197
197 188 262
83 208 286
286 83 208
208 83 286
117 135 177
177 117 135
135 117 177
103 7 18
18 7 103
7 18 103
129 3 76
76 3 129
3 76 129
54 233 258
233 54 258
258 54 233
127 175 292
292 127 175
175 127 292
249 34 112
112 34 249
34 112 249
11 185 206
185 11 206
206 11 185
51 144 169
169 51 144
144 51 169
190 4 266
266 4 190
4 190 266
207 124 227
124 207 227
227 124 207
130 111 200
200 111 130
111 130 200
285 86 245
86 245 285
245 86 285
204 40 267
40 204 267
267 40 204
73 9 220
9 73 220
220 9 73
102 32 181
32 102 181
181 32 102
24 58 104
104 24 58
58 24 104
128 10 36
36 10 128
10 36 128
241 78 246
78 241 246
246 78 241
63 98 141
141 63 98
98 63 141
263 178 201
178 201 263
201 178 263
277 26 276
26 276 277
276 26 277
94 87 299
87 94 299
299 87 94
162 61 148
148 61 162
61 148 162
264 43 93
93 43 264
43 93 264
228 194 297
194 228 297
297 194 228
280 45 217
45 217 280
217 45 280
272 65 79
65 79 272
79 65 272
27 25 252
252 25 27
25 27 252
172 81 95
81 95 172
95 81 172
134 105 290
105 134 290
290 105 134
209 21 100
100 21 209
21 100 209
251 14 226
226 14 251
14 226 251
66 121 287
287 66 121
121 66 287
23 16 35
16 23 35
35 16 23
247 89 203
203 89 247
89 203 247
173 70 257
70 173 257
257 70 173
159 120 221
221 120 159
120 159 221
259 199 279
199 259 279
279 199 259
52 107 195
107 52 195
195 52 107
260 186 210
186 210 260
210 186 260
114 84 152
152 84 114
84 114 152
77 67 237
237 67 77
67 77 237
68 187 224
224 68 187
187 68 224
174 167 298
298 167 174
167 174 298
146 2 281
281 2 146
2 146 281
55 180 243
180 55 243
243 55 180
53 161 238
161 53 238
238 53 161
123 74 282
74 123 282
282 74 123
13 50 125
50 13 125
125 13 50
164 261 268
261 164 268
268 164 261
232 225 231
231 225 232
225 231 232
202 47 62
62 47 202
47 62 202
85 15 116
15 85 116
116 15 85
126 155 193
193 126 155
155 126 193
38 69 145
69 38 145
145 38 69
118 60 91
91 60 118
60 91 118
30 59 140
59 30 140
140 30 59
33 137 244
137 33 244
244 33 137
133 235 278
278 133 235
235 133 278
119 110 300
300 110 119
110 119 300
214 12 212
12 212 214
212 12 214
283 143 171
143 171 283
171 143 283
28 153 296
296 28 153
153 28 296
236 154 168
154 168 236
168 154 236
57 56 198
56 57 198
198 56 57
6 97 160
97 6 160
160 6 97
20 157 234
234 20 157
157 20 234
229 17 293
293 17 229
17 229 293
136 99 250
250 99 136
99 136 250
230 189 270
189 230 270
270 189 230
273 108 165
108 165 273
165 108 273
176 170 289
170 176 289
289 170 176
275 48 90
90 48 275
48 90 275
