274 258 283
283 258 274
258 274 283
291 169 235
235 169 291
169 235 291
295 12 143
143 12 295
12 143 295
196 31 262
262 31 196
31 196 262
223 144 177
144 177 223
177 144 223
106 206 298
298 106 206
206 106 298
287 20 68
68 20 287
20 68 287
127 293 296
296 127 293
293 127 296
215 128 151
151 128 215
128 151 215
117 136 284
136 117 284
284 117 136
137 25 65
65 25 137
25 65 137
113 56 78
56 78 113
78 56 113
210 34 86
86 34 210
34 86 210
94 91 292
292 91 94
91 94 292
159 115 266
266 115 159
115 159 266
252 11 132
11 132 252
132 11 252
105 92 119
92 105 119
119 92 105
146 129 255
129 146 255
255 129 146
139 10 46
10 46 139
46 10 139
5 155 276
155 5 276
276 5 155
261 122 221
221 122 261
122 221 261
243 195 244
244 195 243
195 243 244
111 168 232
232 111 168
168 111 232
166 49 241
49 166 241
241 49 166
107 116 142
116 107 142
142 107 116
81 51 217
217 51 81
51 81 217
297 226 259
259 226 297
226 259 297
193 28 95
95 28 193
28 95 193
203 83 89
89 83 203
83 89 203
170 7 162
162 7 170
7 162 170
225 138 145
138 145 225
145 138 225
60 230 263
230 60 263
263 60 230
183 24 135
135 24 183
24 135 183
100 62 126
126 62 100
62 100 126
74 212 234
212 74 234
234 74 212
79 77 192
77 79 192
192 77 79
299 184 280
184 280 299
280 184 299
211 23 130
23 130 211
130 23 211
208 64 207
64 207 208
207 64 208
75 45 267
267 45 75
45 75 267
17 33 245
33 17 245
245 17 33
253 29 214
214 29 253
29 214 253
13 164 231
164 13 231
231 13 164
240 73 88
73 88 240
88 73 240
30 237 269
269 30 237
237 30 269
36 80 279
279 36 80
80 36 279
85 39 76
76 39 85
39 76 85
188 172 270
270 172 188
172 188 270
8 178 227
178 8 227
227 8 178
160 108 171
108 160 171
171 108 160
9 134 158
134 9 158
158 9 134
32 156 187
187 32 156
156 32 187
238 198 222
222 198 238
198 222 238
163 35 63
63 35 163
35 63 163
72 103 197
103 72 197
197 72 103
300 125 220
220 125 300
125 220 300
121 71 257
71 121 257
257 71 121
99 152 248
248 99 152
152 99 248
120 3 37
37 3 120
3 37 120
228 2 15
15 2 228
2 15 228
249 149 201
201 149 249
149 201 249
70 16 150
150 16 70
16 70 150
112 148 216
148 112 216
216 112 148
90 286 288
286 90 288
288 90 286
26 67 124
67 26 124
124 26 67
141 104 256
104 141 256
256 104 141
118 140 290
140 118 290
290 118 140
271 40 275
40 271 275
275 40 271
18 21 61
21 18 61
61 18 21
204 6 186
186 6 204
6 186 204
153 133 278
278 133 153
133 153 278
43 157 200
157 43 200
200 43 157
147 38 246
38 147 246
246 38 147
109 110 281
110 109 281
281 109 110
254 87 97
87 97 254
97 87 254
98 82 236
82 98 236
236 82 98
154 229 273
229 154 273
273 154 229
54 84 179
84 54 179
179 54 84
4 176 294
294 4 176
176 4 294
114 101 289
289 101 114
101 114 289
242 233 277
277 233 242
233 242 277
47 181 190
190 47 181
181 47 190
123 167 202
167 123 202
202 123 167
205 66 268
268 66 205
66 205 268
247 22 57
22 57 247
57 22 247
260 53 224
53 224 260
224 53 260
96 239 250
239 96 250
250 96 239
44 48 52
48 44 52
52 44 48
59 69 251
251 59 69
69 59 251
161 19 185
19 161 185
185 19 161
58 175 218
175 58 218
218 58 175
282 180 191
191 180 282
180 191 282
173 42 102
42 102 173
102 42 173
93 50 194
194 50 93
50 93 194
14 272 285
285 14 272
272 14 285
189 165 264
165 189 264
264 165 189
27 182 219
182 27 219
219 27 182
174 131 199
131 174 199
199 131 174
55 209 213
209 55 213
213 55 209
41 1 265
1 41 265
265 1 41
