11008 1284 8490
8490 1284 11008
1284 8490 11008
16572 491 9193
9193 491 16572
491 9193 16572
10528 26835 27292
26835 10528 27292
27292 10528 26835
28731 3083 7503
7503 3083 28731
3083 7503 28731
3632 9734 22125
9734 3632 22125
22125 3632 9734
5047 16318 28830
28830 5047 16318
16318 5047 28830
27160 3048 22794
22794 3048 27160
3048 22794 27160
14757 15293 19519
15293 14757 19519
19519 14757 15293
22475 14265 19967
14265 19967 22475
19967 14265 22475
8032 9753 11601
11601 8032 9753
9753 8032 11601
14501 2076 14432
2076 14432 14501
14432 2076 14501
20948 21731 27855
27855 20948 21731
21731 20948 27855
16019 11138 16990
11138 16019 16990
16990 11138 16019
21972 17483 22107
22107 17483 21972
17483 21972 22107
6662 4586 26633
4586 6662 26633
26633 4586 6662
23020 4696 27108
27108 4696 23020
4696 23020 27108
2007 14656 24305
24305 2007 14656
14656 2007 24305
3382 2932 20542
2932 3382 20542
20542 2932 3382
6510 2977 6308
2977 6308 6510
6308 2977 6510
13588 17261 19110
19110 13588 17261
17261 13588 19110
20509 18784 28658
18784 20509 28658
28658 18784 20509
24601 16868 20559
16868 20559 24601
20559 16868 24601
2556 2337 14784
14784 2337 2556
2337 2556 14784
28708 2575 16165
2575 16165 28708
16165 2575 28708
24565 1213 23239
1213 23239 24565
23239 1213 24565
3596 17296 22183
17296 3596 22183
22183 3596 17296
9668 13905 29385
13905 9668 29385
29385 9668 13905
3030 19937 21339
19937 3030 21339
21339 3030 19937
617 24413 28899
28899 617 24413
24413 617 28899
10154 7026 24194
7026 10154 24194
24194 7026 10154
21120 5033 7710
5033 7710 21120
7710 5033 21120
8124 6086 29478
6086 8124 29478
29478 6086 8124
20953 8246 26183
8246 20953 26183
26183 8246 20953
19902 11659 19373
11659 19373 19902
19373 11659 19902
17438 7834 15387
15387 7834 17438
7834 15387 17438
27609 17814 19932
19932 17814 27609
17814 19932 27609
8347 11595 26210
26210 8347 11595
11595 8347 26210
9042 16875 29842
29842 9042 16875
16875 9042 29842
9282 12791 29140
29140 9282 12791
12791 9282 29140
23451 13489 21920
21920 13489 23451
13489 21920 23451
24927 9182 13007
9182 13007 24927
13007 9182 24927
12143 12721 20909
20909 12143 12721
12721 12143 20909
9246 27818 28065
27818 9246 28065
28065 9246 27818
23783 2689 28745
2689 23783 28745
28745 2689 23783
28566 19047 24488
24488 19047 28566
19047 24488 28566
28923 8898 17727
17727 8898 28923
8898 17727 28923
21547 2452 17741
17741 2452 21547
2452 17741 21547
6945 16673 18894
18894 6945 16673
16673 6945 18894
23049 3055 7827
3055 7827 23049
7827 3055 23049
2471 1891 2105
2105 1891 2471
1891 2105 2471
28913 28078 29859
29859 28078 28913
28078 28913 29859
12171 11494 24742
11494 12171 24742
24742 11494 12171
1097 9183 23681
9183 1097 23681
23681 1097 9183
14146 14889 19655
14889 14146 19655
19655 14146 14889
25184 10029 27113
27113 10029 25184
10029 25184 27113
14158 21161 24472
24472 14158 21161
21161 14158 24472
13319 1854 25141
25141 1854 13319
1854 13319 25141
26032 12889 22468
22468 12889 26032
12889 22468 26032
24594 3495 19804
19804 3495 24594
3495 19804 24594
24769 13034 15937
13034 15937 24769
15937 13034 24769
14953 3476 15698
15698 3476 14953
3476 14953 15698
14105 4968 5117
5117 4968 14105
4968 5117 14105
5303 14820 27565
27565 5303 14820
14820 5303 27565
25794 10881 28861
28861 10881 25794
10881 25794 28861
14406 72 7562
72 7562 14406
7562 72 14406
23174 4142 10235
10235 4142 23174
4142 10235 23174
10939 8321 11386
8321 10939 11386
11386 8321 10939
25236 7876 15853
7876 15853 25236
15853 7876 25236
14530 4902 24494
24494 4902 14530
4902 14530 24494
23457 5755 21232
5755 21232 23457
21232 5755 23457
20878 4624 10243
10243 4624 20878
4624 10243 20878
16795 12589 20078
12589 16795 20078
20078 12589 16795
29443 10949 25658
10949 25658 29443
25658 10949 29443
20289 1770 28013
28013 1770 20289
1770 20289 28013
21499 15709 26162
15709 21499 26162
26162 15709 21499
28510 9304 18272
9304 18272 28510
18272 9304 28510
267 9726 26244
26244 267 9726
9726 267 26244
24461 14582 25435
25435 14582 24461
14582 24461 25435
13371 6959 22550
6959 13371 22550
22550 6959 13371
16045 24800 26315
24800 16045 26315
26315 16045 24800
14747 17628 28474
17628 14747 28474
28474 14747 17628
27663 2352 29817
2352 27663 29817
29817 2352 27663
23276 28358 29467
29467 23276 28358
28358 23276 29467
19467 3687 24327
3687 19467 24327
24327 3687 19467
10192 4498 6843
4498 6843 10192
6843 4498 10192
9553 8979 9549
9549 8979 9553
8979 9549 9553
29071 4237 21898
4237 21898 29071
21898 4237 29071
13512 9074 17532
17532 9074 13512
9074 13512 17532
5978 953 25554
953 5978 25554
25554 953 5978
15682 6768 24900
24900 6768 15682
6768 15682 24900
10547 10483 22736
10483 10547 22736
22736 10483 10547
19469 4118 14334
4118 14334 19469
14334 4118 19469
11938 5638 10650
5638 10650 11938
10650 5638 11938
8667 23265 23594
23594 8667 23265
23265 8667 23594
8856 8785 18262
18262 8785 8856
8785 8856 18262
3459 14130 27082
14130 3459 27082
27082 3459 14130
6283 4125 11564
4125 6283 11564
11564 4125 6283
6408 3470 6080
3470 6080 6408
6080 3470 6408
6401 5382 29915
5382 6401 29915
29915 5382 6401
8813 1408 20163
1408 8813 20163
20163 1408 8813
23191 4661 18069
4661 18069 23191
18069 4661 23191
1165 4890 16455
4890 1165 16455
16455 1165 4890
22895 5059 11733
5059 11733 22895
11733 5059 22895
14867 22338 28245
22338 14867 28245
28245 14867 22338
22485 8311 23141
8311 22485 23141
23141 8311 22485
29555 2832 24109
24109 2832 29555
2832 24109 29555
3957 29881 29964
29881 3957 29964
29964 3957 29881
25948 1388 17237
1388 17237 25948
17237 1388 25948
20338 3441 20151
3441 20151 20338
20151 3441 20338
17234 28430 29048
29048 17234 28430
28430 17234 29048
17172 2478 17236
17236 2478 17172
2478 17172 17236
6171 17465 20872
17465 6171 20872
20872 6171 17465
24881 13167 26195
26195 13167 24881
13167 24881 26195
18042 3582 19499
3582 18042 19499
19499 3582 18042
13607 3911 4289
3911 4289 13607
4289 3911 13607
1739 9383 17847
17847 1739 9383
9383 1739 17847
11066 9715 24542
24542 9715 11066
9715 11066 24542
15112 4934 19640
19640 4934 15112
4934 15112 19640
13499 2864 11610
11610 2864 13499
2864 11610 13499
20240 11591 16295
16295 11591 20240
11591 16295 20240
17334 10627 24241
24241 10627 17334
10627 17334 24241
15351 10421 28924
28924 10421 15351
10421 15351 28924
16656 4727 25598
4727 16656 25598
25598 4727 16656
1849 3901 10542
10542 1849 3901
3901 1849 10542
3693 5845 14016
5845 3693 14016
14016 3693 5845
26933 16546 26705
26705 16546 26933
16546 26705 26933
29318 10930 29649
29649 10930 29318
10930 29318 29649
26781 8619 22154
8619 22154 26781
22154 8619 26781
14010 1350 9385
9385 1350 14010
1350 9385 14010
25695 16926 25528
16926 25528 25695
25528 16926 25695
20485 1568 17858
1568 17858 20485
17858 1568 20485
1233 607 6363
6363 607 1233
607 1233 6363
14519 11421 18797
18797 11421 14519
11421 14519 18797
1265 8519 28647
28647 1265 8519
8519 1265 28647
27075 7352 27026
27026 7352 27075
7352 27026 27075
13695 12497 24449
12497 13695 24449
24449 12497 13695
21788 928 20313
928 20313 21788
20313 928 21788
26579 2433 22241
2433 22241 26579
22241 2433 26579
259 3416 17614
3416 259 17614
17614 259 3416
17337 17933 24325
17933 17337 24325
24325 17337 17933
13921 27799 28317
27799 13921 28317
28317 13921 27799
15719 23248 23979
23979 15719 23248
23248 15719 23979
28937 24044 26611
26611 24044 28937
24044 26611 28937
21253 3184 15062
3184 15062 21253
15062 3184 21253
7402 4100 25897
4100 7402 25897
25897 4100 7402
15855 1238 18831
1238 15855 18831
18831 1238 15855
2002 2128 5794
5794 2002 2128
2128 2002 5794
21881 13079 16079
13079 16079 21881
16079 13079 21881
20646 1749 16690
1749 16690 20646
16690 1749 20646
27379 2683 27157
2683 27157 27379
27157 2683 27379
18798 22421 26774
26774 18798 22421
22421 18798 26774
14092 4123 4569
4123 4569 14092
4569 4123 14092
21819 2161 24468
24468 2161 21819
2161 21819 24468
23319 11685 29457
11685 23319 29457
29457 11685 23319
14062 1616 17085
1616 14062 17085
17085 1616 14062
11711 13178 18597
18597 11711 13178
13178 11711 18597
5017 11917 22305
11917 5017 22305
22305 5017 11917
12910 5969 18339
18339 5969 12910
5969 12910 18339
10520 3115 26236
3115 10520 26236
26236 3115 10520
2472 5041 20413
5041 2472 20413
20413 2472 5041
23726 9691 10827
9691 10827 23726
10827 9691 23726
16538 3758 10006
10006 3758 16538
3758 10006 16538
10438 4225 24110
4225 10438 24110
24110 4225 10438
12699 7120 14552
14552 7120 12699
7120 12699 14552
5667 11979 23210
23210 5667 11979
11979 5667 23210
7481 3661 3847
3661 3847 7481
3847 3661 7481
10765 13327 22320
13327 10765 22320
22320 10765 13327
20928 7415 21258
21258 7415 20928
7415 20928 21258
17703 20211 21992
20211 17703 21992
21992 17703 20211
7018 5964 29956
5964 7018 29956
29956 5964 7018
17385 7715 12081
7715 12081 17385
12081 7715 17385
4368 5434 17992
17992 4368 5434
5434 4368 17992
25460 92 1771
92 1771 25460
1771 92 25460
20814 9949 15385
9949 15385 20814
15385 9949 20814
6087 15264 21309
15264 6087 21309
21309 6087 15264
1022 13836 16237
13836 1022 16237
16237 1022 13836
27340 27894 28715
28715 27340 27894
27894 27340 28715
5836 11652 17596
17596 5836 11652
11652 5836 17596
2544 1274 10212
1274 2544 10212
10212 1274 2544
25426 4450 16806
4450 16806 25426
16806 4450 25426
18396 2299 15634
2299 15634 18396
15634 2299 18396
24936 17957 19007
17957 19007 24936
19007 17957 24936
20581 8064 21599
21599 8064 20581
8064 20581 21599
6639 11927 28824
28824 6639 11927
11927 6639 28824
12868 16037 25988
16037 12868 25988
25988 12868 16037
20468 17808 26296
17808 20468 26296
26296 17808 20468
2020 11100 11292
11100 2020 11292
11292 2020 11100
7306 1701 13771
13771 1701 7306
1701 7306 13771
27275 18578 21173
21173 18578 27275
18578 21173 27275
28005 21426 26593
21426 26593 28005
26593 21426 28005
14309 6769 16367
16367 6769 14309
6769 14309 16367
27462 2100 20161
2100 20161 27462
20161 2100 27462
11900 21933 25620
25620 11900 21933
21933 11900 25620
27888 3100 19757
3100 19757 27888
19757 3100 27888
17437 26311 26993
26993 17437 26311
26311 17437 26993
14644 20018 20955
20955 14644 20018
20018 14644 20955
12884 3449 13724
3449 12884 13724
13724 3449 12884
1105 946 21126
21126 946 1105
946 1105 21126
3887 24792 29044
29044 3887 24792
24792 3887 29044
7811 1142 29142
1142 7811 29142
29142 1142 7811
611 5734 13096
13096 611 5734
5734 611 13096
14546 4278 9076
4278 9076 14546
9076 4278 14546
20226 10960 20797
10960 20226 20797
20797 10960 20226
11270 2966 15452
15452 2966 11270
2966 11270 15452
648 5988 25553
25553 648 5988
5988 648 25553
21317 5659 17660
17660 5659 21317
5659 17660 21317
20332 132 4986
4986 132 20332
132 4986 20332
26256 5873 16900
5873 16900 26256
16900 5873 26256
9591 7326 22619
7326 9591 22619
22619 7326 9591
15215 2467 10302
10302 2467 15215
2467 10302 15215
4605 12071 24686
12071 4605 24686
24686 4605 12071
20053 12289 29458
29458 12289 20053
12289 20053 29458
25739 7582 19440
7582 19440 25739
19440 7582 25739
7543 15604 19747
15604 7543 19747
19747 7543 15604
28428 5494 9198
5494 9198 28428
9198 5494 28428
23280 16224 28499
28499 16224 23280
16224 23280 28499
26381 4959 16923
4959 16923 26381
16923 4959 26381
15877 2626 23515
23515 2626 15877
2626 15877 23515
24970 21342 29365
29365 21342 24970
21342 24970 29365
14571 12864 29482
29482 12864 14571
12864 14571 29482
14064 59 8161
8161 59 14064
59 8161 14064
29403 18852 28084
28084 18852 29403
18852 28084 29403
25264 852 16832
16832 852 25264
852 16832 25264
11186 3593 20269
20269 3593 11186
3593 11186 20269
15298 4601 22921
22921 4601 15298
4601 15298 22921
28344 939 18393
18393 939 28344
939 18393 28344
27911 5745 14493
14493 5745 27911
5745 14493 27911
29695 1785 13430
13430 1785 29695
1785 13430 29695
5929 8285 24930
8285 5929 24930
24930 5929 8285
4274 10455 28844
28844 4274 10455
10455 4274 28844
3833 4687 11858
4687 3833 11858
11858 3833 4687
24662 19115 21105
19115 21105 24662
21105 19115 24662
15100 1916 17325
1916 15100 17325
17325 1916 15100
10500 6648 11831
6648 10500 11831
11831 6648 10500
21759 6922 15147
6922 15147 21759
15147 6922 21759
21985 21291 25368
21291 21985 25368
25368 21291 21985
12401 9689 10630
10630 9689 12401
9689 10630 12401
26582 3971 18212
3971 18212 26582
18212 3971 26582
28852 9532 20345
20345 9532 28852
9532 20345 28852
13599 13252 16761
16761 13252 13599
13252 13599 16761
21390 15050 15758
15050 15758 21390
15758 15050 21390
27925 18964 20689
18964 20689 27925
20689 18964 27925
22256 14792 17839
14792 17839 22256
17839 14792 22256
7626 6761 24830
24830 6761 7626
6761 7626 24830
15022 4329 20481
20481 4329 15022
4329 15022 20481
23899 7716 24642
24642 7716 23899
7716 23899 24642
26010 13098 20034
20034 13098 26010
13098 20034 26010
16464 16110 17069
17069 16110 16464
16110 16464 17069
1171 4738 14369
14369 1171 4738
4738 1171 14369
26557 12534 25646
25646 12534 26557
12534 25646 26557
5853 3843 28168
3843 5853 28168
28168 3843 5853
17241 7181 15804
7181 15804 17241
15804 7181 17241
14954 5209 14993
14993 5209 14954
5209 14954 14993
2077 9971 15986
9971 2077 15986
15986 2077 9971
12155 9740 22553
9740 12155 22553
22553 9740 12155
17874 25977 27792
25977 17874 27792
27792 17874 25977
20657 7871 20626
7871 20626 20657
20626 7871 20657
765 7317 21994
21994 765 7317
7317 765 21994
22511 753 22110
753 22110 22511
22110 753 22511
19966 11687 17040
17040 11687 19966
11687 17040 19966
22332 13762 25486
13762 22332 25486
25486 13762 22332
29397 1719 3234
3234 1719 29397
1719 3234 29397
5886 10902 17449
17449 5886 10902
10902 5886 17449
3213 3842 19157
19157 3213 3842
3842 3213 19157
21147 15299 21697
15299 21147 21697
21697 15299 21147
10618 4044 22676
4044 10618 22676
22676 4044 10618
23155 2862 7606
2862 7606 23155
7606 2862 23155
15180 12509 28325
12509 15180 28325
28325 12509 15180
12844 3761 4130
4130 3761 12844
3761 4130 12844
3217 9735 27556
9735 3217 27556
27556 3217 9735
24093 4479 9685
4479 9685 24093
9685 4479 24093
12270 5007 24560
24560 5007 12270
5007 12270 24560
10349 6031 27357
27357 6031 10349
6031 10349 27357
13823 11059 20889
20889 11059 13823
11059 13823 20889
14516 3421 10557
3421 10557 14516
10557 3421 14516
20532 15392 16733
15392 16733 20532
16733 15392 20532
12913 2023 14004
14004 2023 12913
2023 12913 14004
24591 8105 16345
16345 8105 24591
8105 16345 24591
22021 5143 7624
5143 7624 22021
7624 5143 22021
29336 27861 29375
29375 27861 29336
27861 29336 29375
17384 14018 23383
14018 17384 23383
23383 14018 17384
16584 5284 12728
5284 12728 16584
12728 5284 16584
15670 897 22532
897 15670 22532
22532 897 15670
22418 15362 28772
15362 22418 28772
28772 15362 22418
28523 2272 3554
2272 3554 28523
3554 2272 28523
965 4158 7631
7631 965 4158
4158 965 7631
19082 17044 22522
17044 19082 22522
22522 17044 19082
24795 14193 27030
27030 14193 24795
14193 24795 27030
808 1801 12030
12030 808 1801
1801 808 12030
1863 21837 25565
21837 1863 25565
25565 1863 21837
2365 17537 21035
17537 2365 21035
21035 2365 17537
1792 6893 12825
12825 1792 6893
6893 1792 12825
15742 4690 9480
4690 9480 15742
9480 4690 15742
25012 14351 29052
29052 14351 25012
14351 25012 29052
2405 11336 28028
11336 2405 28028
28028 2405 11336
25169 2895 8732
8732 2895 25169
2895 8732 25169
29570 20918 27551
27551 20918 29570
20918 27551 29570
12845 6606 20323
6606 12845 20323
20323 6606 12845
8923 454 22692
22692 454 8923
454 8923 22692
18659 4392 8236
8236 4392 18659
4392 8236 18659
4141 142 4519
4519 142 4141
142 4141 4519
2600 9326 12655
12655 2600 9326
9326 2600 12655
24205 5708 9769
5708 9769 24205
9769 5708 24205
27369 23325 24088
23325 24088 27369
24088 23325 27369
28259 381 3018
381 3018 28259
3018 381 28259
3925 10191 24424
24424 3925 10191
10191 3925 24424
16118 14807 26493
14807 16118 26493
26493 14807 16118
15356 8269 14636
8269 14636 15356
14636 8269 15356
21958 11476 25878
11476 21958 25878
25878 11476 21958
21826 12674 16680
16680 12674 21826
12674 16680 21826
21609 15806 29903
29903 15806 21609
15806 21609 29903
4614 1396 19615
19615 1396 4614
1396 4614 19615
8610 9825 29291
9825 8610 29291
29291 8610 9825
24470 16840 17873
17873 16840 24470
16840 17873 24470
13682 14833 17667
17667 13682 14833
14833 13682 17667
19525 1540 6311
1540 6311 19525
6311 1540 19525
13233 7225 24077
24077 7225 13233
7225 13233 24077
29557 6329 10258
10258 6329 29557
6329 10258 29557
26257 5831 28004
5831 26257 28004
28004 5831 26257
22653 4156 27673
4156 22653 27673
27673 4156 22653
15130 4884 21552
21552 4884 15130
4884 15130 21552
18514 18676 20521
18676 18514 20521
20521 18514 18676
11536 89 27790
27790 89 11536
89 11536 27790
3336 12034 26223
26223 3336 12034
12034 3336 26223
6322 6960 29305
6960 6322 29305
29305 6322 6960
10332 12542 16377
16377 10332 12542
12542 10332 16377
20841 24761 27313
27313 20841 24761
24761 20841 27313
13950 1655 28832
28832 1655 13950
1655 13950 28832
824 8157 20120
20120 824 8157
8157 824 20120
4206 17576 23136
17576 4206 23136
23136 4206 17576
27850 10431 14720
14720 10431 27850
10431 14720 27850
24361 889 9592
889 9592 24361
9592 889 24361
4708 9404 20994
9404 4708 20994
20994 4708 9404
3699 19842 24724
19842 3699 24724
24724 3699 19842
15053 19754 27428
19754 15053 27428
27428 15053 19754
25267 23059 29682
29682 23059 25267
23059 25267 29682
14277 15721 22602
22602 14277 15721
15721 14277 22602
4295 19528 27640
27640 4295 19528
19528 4295 27640
12308 318 9573
9573 318 12308
318 9573 12308
19761 4797 16896
16896 4797 19761
4797 16896 19761
6812 385 24232
24232 385 6812
385 6812 24232
10345 10595 20156
10595 10345 20156
20156 10345 10595
12957 7073 8637
7073 8637 12957
8637 7073 12957
20627 9352 14270
14270 9352 20627
9352 14270 20627
17 5350 19612
5350 17 19612
19612 17 5350
25305 1140 28016
28016 1140 25305
1140 25305 28016
14697 12912 26875
26875 12912 14697
12912 14697 26875
22342 10474 12501
12501 10474 22342
10474 12501 22342
14063 2582 16473
16473 2582 14063
2582 14063 16473
2813 19334 25103
19334 2813 25103
25103 2813 19334
14743 8197 28483
28483 8197 14743
8197 14743 28483
7930 13084 13509
13509 7930 13084
13084 7930 13509
391 2045 7367
2045 391 7367
7367 391 2045
1207 8379 25262
25262 1207 8379
8379 1207 25262
4219 22752 24752
22752 4219 24752
24752 4219 22752
25214 11098 14679
11098 14679 25214
14679 11098 25214
484 7781 9863
9863 484 7781
7781 484 9863
10876 10137 25781
10137 10876 25781
25781 10137 10876
24097 13102 17685
17685 13102 24097
13102 17685 24097
3801 11134 11683
11134 3801 11683
11683 3801 11134
15703 24837 25230
25230 15703 24837
24837 15703 25230
5237 17538 27007
27007 5237 17538
17538 5237 27007
19577 4982 10031
4982 10031 19577
10031 4982 19577
3007 19321 21396
19321 3007 21396
21396 3007 19321
27238 3061 9927
9927 3061 27238
3061 9927 27238
18990 8987 28561
28561 8987 18990
8987 18990 28561
21822 11052 19594
11052 19594 21822
19594 11052 21822
14485 13087 17443
17443 13087 14485
13087 14485 17443
5976 15269 18316
18316 5976 15269
15269 5976 18316
7749 1461 27858
1461 7749 27858
27858 1461 7749
2939 6170 23058
6170 2939 23058
23058 2939 6170
5840 14642 24547
24547 5840 14642
14642 5840 24547
5523 25266 29938
25266 5523 29938
29938 5523 25266
282 4546 21606
4546 282 21606
21606 282 4546
9259 4517 19685
19685 4517 9259
4517 9259 19685
10413 4102 19350
4102 10413 19350
19350 4102 10413
15924 1288 5825
5825 1288 15924
1288 5825 15924
16235 9821 16718
16718 9821 16235
9821 16235 16718
16515 7665 29488
7665 16515 29488
29488 7665 16515
3331 18383 18970
18970 3331 18383
18383 3331 18970
10095 9469 16695
16695 9469 10095
9469 10095 16695
8440 21619 21896
21619 8440 21896
21896 8440 21619
26831 19378 27581
27581 19378 26831
19378 26831 27581
2840 14324 25541
25541 2840 14324
14324 2840 25541
29805 10799 18509
18509 10799 29805
10799 18509 29805
19223 2733 22983
2733 19223 22983
22983 2733 19223
1667 20503 23048
23048 1667 20503
20503 1667 23048
27801 14851 18154
14851 18154 27801
18154 14851 27801
20255 12180 22573
22573 12180 20255
12180 20255 22573
1324 5244 20586
20586 1324 5244
5244 1324 20586
6740 18507 21753
18507 6740 21753
21753 6740 18507
14190 1230 19718
1230 14190 19718
19718 1230 14190
22063 9530 18176
18176 9530 22063
9530 18176 22063
22425 14386 24717
24717 14386 22425
14386 22425 24717
653 9886 17401
17401 653 9886
9886 653 17401
28363 10435 17267
17267 10435 28363
10435 17267 28363
15460 11334 26739
11334 15460 26739
26739 11334 15460
18082 1415 28456
28456 1415 18082
1415 18082 28456
11344 19278 23215
23215 11344 19278
19278 11344 23215
26661 5400 10642
10642 5400 26661
5400 10642 26661
13928 1363 20737
20737 1363 13928
1363 13928 20737
15510 1690 28579
1690 15510 28579
28579 1690 15510
22972 16665 20946
16665 20946 22972
20946 16665 22972
7673 6731 16928
16928 6731 7673
6731 7673 16928
5896 14694 29536
29536 5896 14694
14694 5896 29536
17686 25904 28652
25904 17686 28652
28652 17686 25904
25939 2934 13779
2934 13779 25939
13779 2934 25939
4412 2823 29199
29199 2823 4412
2823 4412 29199
8776 22011 25670
22011 8776 25670
25670 8776 22011
2693 5053 15643
5053 2693 15643
15643 2693 5053
21668 2971 11224
2971 11224 21668
11224 2971 21668
18889 14787 18428
14787 18428 18889
18428 14787 18889
12425 16415 27049
16415 12425 27049
27049 12425 16415
9081 7142 20160
7142 9081 20160
20160 7142 9081
8409 3437 19784
3437 8409 19784
19784 3437 8409
24999 11095 12442
11095 12442 24999
12442 11095 24999
21703 850 28398
28398 850 21703
850 21703 28398
16081 11799 16205
16205 11799 16081
11799 16081 16205
26480 9317 27950
9317 26480 27950
27950 9317 26480
6757 17240 29674
17240 6757 29674
29674 6757 17240
11777 18973 23592
18973 11777 23592
23592 11777 18973
24186 2990 28310
28310 2990 24186
2990 24186 28310
10879 3444 23423
23423 3444 10879
3444 10879 23423
19185 9222 16339
16339 9222 19185
9222 16339 19185
25655 12157 25311
12157 25311 25655
25311 12157 25655
26188 9624 23440
23440 9624 26188
9624 23440 26188
20596 6194 9785
9785 6194 20596
6194 9785 20596
13900 2193 3778
3778 2193 13900
2193 3778 13900
29437 10802 16256
10802 16256 29437
16256 10802 29437
18 9366 25668
25668 18 9366
9366 18 25668
5519 8701 9046
9046 5519 8701
8701 5519 9046
25603 4607 6345
4607 6345 25603
6345 4607 25603
5302 16158 18207
16158 5302 18207
18207 5302 16158
8702 14974 25189
14974 8702 25189
25189 8702 14974
20439 12045 12251
12251 12045 20439
12045 12251 20439
27326 19095 22457
22457 19095 27326
19095 22457 27326
27129 4405 21504
4405 21504 27129
21504 4405 27129
28701 12842 15218
12842 15218 28701
15218 12842 28701
21274 18033 28229
28229 18033 21274
18033 21274 28229
26094 2262 6060
6060 2262 26094
2262 6060 26094
17876 3173 17159
17159 3173 17876
3173 17159 17876
16707 7638 30000
30000 7638 16707
7638 16707 30000
16712 2623 11826
11826 2623 16712
2623 11826 16712
697 1753 15488
1753 697 15488
15488 697 1753
27898 7118 7836
7836 7118 27898
7118 7836 27898
23800 17656 19359
19359 17656 23800
17656 19359 23800
26140 2126 21776
21776 2126 26140
2126 21776 26140
26660 11518 22029
11518 22029 26660
22029 11518 26660
4748 2964 22085
22085 2964 4748
2964 4748 22085
22699 22092 28297
28297 22092 22699
22092 22699 28297
21039 2522 7238
7238 2522 21039
2522 7238 21039
4854 13417 25654
13417 4854 25654
25654 4854 13417
7030 17100 20057
17100 7030 20057
20057 7030 17100
1166 7561 29331
7561 1166 29331
29331 1166 7561
5003 9639 29229
29229 5003 9639
9639 5003 29229
12474 18398 20934
18398 12474 20934
20934 12474 18398
22891 5470 20140
20140 5470 22891
5470 20140 22891
18493 486 11947
486 11947 18493
11947 486 18493
12447 12777 19538
12777 12447 19538
19538 12447 12777
10463 7321 17921
7321 10463 17921
17921 7321 10463
18274 5893 9169
5893 9169 18274
9169 5893 18274
27217 19274 28251
19274 27217 28251
28251 19274 27217
9954 5525 21855
21855 5525 9954
5525 9954 21855
19724 26455 27171
26455 19724 27171
27171 19724 26455
28200 16827 23411
23411 16827 28200
16827 23411 28200
20204 22273 26886
26886 20204 22273
22273 20204 26886
12637 11726 12221
11726 12221 12637
12221 11726 12637
12258 4039 22379
22379 4039 12258
4039 12258 22379
1664 6390 11340
6390 1664 11340
11340 1664 6390
26934 2797 14177
2797 14177 26934
14177 2797 26934
12853 18222 27451
27451 12853 18222
18222 12853 27451
22651 463 26206
26206 463 22651
463 22651 26206
24252 20449 25004
25004 20449 24252
20449 24252 25004
8335 9859 12636
12636 8335 9859
9859 8335 12636
29321 535 15468
535 15468 29321
15468 535 29321
7513 8063 29301
29301 7513 8063
8063 7513 29301
13089 14259 25074
25074 13089 14259
14259 13089 25074
14069 6563 7376
6563 7376 14069
7376 6563 14069
15191 1923 15420
15420 1923 15191
1923 15191 15420
26371 2694 9238
9238 2694 26371
2694 9238 26371
22821 7058 28354
28354 7058 22821
7058 22821 28354
11379 4116 20957
20957 4116 11379
4116 11379 20957
27448 14648 19339
14648 19339 27448
19339 14648 27448
27080 14620 20979
20979 14620 27080
14620 20979 27080
28024 12124 28834
12124 28024 28834
28834 12124 28024
22971 8415 20455
20455 8415 22971
8415 20455 22971
21413 139 7740
7740 139 21413
139 7740 21413
24364 1109 25075
25075 1109 24364
1109 24364 25075
4872 13474 16173
13474 4872 16173
16173 4872 13474
1672 1527 28156
1527 1672 28156
28156 1527 1672
2938 5296 5542
5296 2938 5542
5542 2938 5296
8638 17116 29646
17116 8638 29646
29646 8638 17116
21043 7544 21944
21944 7544 21043
7544 21043 21944
8411 5817 20278
20278 5817 8411
5817 8411 20278
8507 16491 20669
16491 8507 20669
20669 8507 16491
21921 1950 23810
23810 1950 21921
1950 21921 23810
12896 3804 18120
3804 12896 18120
18120 3804 12896
29785 3106 29679
29679 3106 29785
3106 29679 29785
4129 16576 27728
27728 4129 16576
16576 4129 27728
13959 16129 26367
26367 13959 16129
16129 13959 26367
15260 21156 25035
21156 15260 25035
25035 15260 21156
29583 14131 24937
24937 14131 29583
14131 24937 29583
7954 22140 23875
22140 7954 23875
23875 7954 22140
12102 18187 22249
22249 12102 18187
18187 12102 22249
1773 8663 18188
8663 1773 18188
18188 1773 8663
16192 10135 26704
26704 10135 16192
10135 16192 26704
7557 21200 28625
21200 7557 28625
28625 7557 21200
19174 5772 17983
5772 17983 19174
17983 5772 19174
818 3740 12488
3740 818 12488
12488 818 3740
6256 12738 13664
13664 6256 12738
12738 6256 13664
13362 8790 9017
9017 8790 13362
8790 9017 13362
27177 3145 22878
3145 22878 27177
22878 3145 27177
18142 8251 26274
26274 8251 18142
8251 18142 26274
13412 2782 21423
2782 13412 21423
21423 2782 13412
25824 21422 21474
21474 21422 25824
21422 21474 25824
7950 10165 18315
18315 7950 10165
10165 7950 18315
27044 8722 23454
8722 23454 27044
23454 8722 27044
12380 15317 25392
15317 12380 25392
25392 12380 15317
19619 3077 20063
3077 19619 20063
20063 3077 19619
28372 18391 21844
21844 18391 28372
18391 21844 28372
19398 2789 10533
2789 10533 19398
10533 2789 19398
223 16084 16747
16747 223 16084
16084 223 16747
10464 5006 22554
22554 5006 10464
5006 10464 22554
28555 15042 16488
16488 15042 28555
15042 16488 28555
5843 3094 12554
12554 3094 5843
3094 5843 12554
18517 1747 23863
23863 1747 18517
1747 18517 23863
17168 71 13696
71 13696 17168
13696 71 17168
28011 6348 26220
6348 26220 28011
26220 6348 28011
9028 18665 21304
18665 9028 21304
21304 9028 18665
16580 5562 16826
16826 5562 16580
5562 16580 16826
16280 18337 25796
25796 16280 18337
18337 16280 25796
29063 16390 19672
19672 16390 29063
16390 19672 29063
16183 5477 24840
5477 16183 24840
24840 5477 16183
11034 754 7576
754 7576 11034
7576 754 11034
21973 13593 17606
13593 17606 21973
17606 13593 21973
22748 7926 25282
7926 22748 25282
25282 7926 22748
25471 12964 25648
25648 12964 25471
12964 25471 25648
26145 27282 27665
27665 26145 27282
27282 26145 27665
21406 25504 28908
25504 21406 28908
28908 21406 25504
7944 13379 14262
14262 7944 13379
13379 7944 14262
9667 18364 22738
18364 9667 22738
22738 9667 18364
6184 1336 12890
1336 6184 12890
12890 1336 6184
13123 6105 12705
6105 12705 13123
12705 6105 13123
17495 770 18764
18764 770 17495
770 17495 18764
29685 8144 11749
8144 11749 29685
11749 8144 29685
19522 2828 11846
11846 2828 19522
2828 11846 19522
28197 1538 28327
1538 28197 28327
28327 1538 28197
6989 5702 24322
24322 5702 6989
5702 6989 24322
17005 10584 21543
10584 17005 21543
21543 10584 17005
10315 8207 23895
8207 10315 23895
23895 8207 10315
18276 6987 23360
23360 6987 18276
6987 18276 23360
25476 9459 20419
9459 20419 25476
20419 9459 25476
14290 640 21707
21707 640 14290
640 14290 21707
13892 1861 6418
1861 6418 13892
6418 1861 13892
28116 817 27555
27555 817 28116
817 27555 28116
19882 1016 22392
22392 1016 19882
1016 19882 22392
4087 6791 27527
27527 4087 6791
6791 4087 27527
26998 14150 20695
14150 20695 26998
20695 14150 26998
5179 738 5484
5484 738 5179
738 5179 5484
24223 2197 5876
2197 5876 24223
5876 2197 24223
18344 185 4621
185 4621 18344
4621 185 18344
23483 19341 29471
29471 19341 23483
19341 23483 29471
23368 1032 7922
1032 7922 23368
7922 1032 23368
755 3809 19304
19304 755 3809
3809 755 19304
24802 18917 29114
18917 24802 29114
29114 18917 24802
24475 12098 23417
23417 12098 24475
12098 23417 24475
1748 8457 18229
18229 1748 8457
8457 1748 18229
18487 12784 26359
26359 12784 18487
12784 18487 26359
23674 5785 15029
5785 15029 23674
15029 5785 23674
15672 12367 27782
12367 15672 27782
27782 12367 15672
10381 7941 21878
7941 10381 21878
21878 7941 10381
25497 373 29661
29661 373 25497
373 25497 29661
7107 4262 24029
24029 4262 7107
4262 7107 24029
25248 2961 11120
2961 11120 25248
11120 2961 25248
6320 10277 25691
25691 6320 10277
10277 6320 25691
18833 15548 20482
15548 18833 20482
20482 15548 18833
3141 29120 29567
29120 3141 29567
29567 3141 29120
19119 4527 23488
4527 19119 23488
23488 4527 19119
24445 7350 8003
7350 8003 24445
8003 7350 24445
15767 13603 16070
13603 15767 16070
16070 13603 15767
19810 27660 29292
27660 19810 29292
29292 19810 27660
8394 12316 14810
14810 8394 12316
12316 8394 14810
28012 5354 14342
14342 5354 28012
5354 14342 28012
18565 4399 7613
4399 7613 18565
7613 4399 18565
28021 175 20462
20462 175 28021
175 20462 28021
28175 1958 16159
1958 16159 28175
16159 1958 28175
6073 4570 27639
27639 4570 6073
4570 6073 27639
9979 17265 25314
17265 9979 25314
25314 9979 17265
2141 7091 14121
7091 2141 14121
14121 2141 7091
10439 3301 19146
19146 3301 10439
3301 10439 19146
26143 14543 29461
14543 26143 29461
29461 14543 26143
19790 6683 15494
6683 15494 19790
15494 6683 19790
1646 21843 21963
21963 1646 21843
21843 1646 21963
22150 17341 26972
26972 17341 22150
17341 22150 26972
16567 9039 13131
13131 9039 16567
9039 13131 16567
16122 12354 14565
12354 14565 16122
14565 12354 16122
21171 12220 28992
12220 21171 28992
28992 12220 21171
27784 18079 22239
22239 18079 27784
18079 22239 27784
11574 7729 29766
7729 11574 29766
29766 7729 11574
16909 10808 11063
11063 10808 16909
10808 11063 16909
24139 12778 15097
15097 12778 24139
12778 15097 24139
15377 7742 27246
7742 15377 27246
27246 7742 15377
24596 6597 9853
9853 6597 24596
6597 9853 24596
25456 2784 9305
9305 2784 25456
2784 9305 25456
17229 11442 14687
14687 11442 17229
11442 14687 17229
6704 19595 21362
19595 6704 21362
21362 6704 19595
3478 1240 17562
17562 1240 3478
1240 3478 17562
20244 7773 26299
7773 20244 26299
26299 7773 20244
10869 4385 10303
10303 4385 10869
4385 10303 10869
16240 1290 27504
1290 16240 27504
27504 1290 16240
17486 23340 27876
23340 17486 27876
27876 17486 23340
803 13060 22470
13060 803 22470
22470 803 13060
10570 17916 19415
19415 10570 17916
17916 10570 19415
12058 7270 9805
7270 9805 12058
9805 7270 12058
192 14304 16945
16945 192 14304
14304 192 16945
1698 17774 20365
17774 1698 20365
20365 1698 17774
22568 2804 9058
9058 2804 22568
2804 9058 22568
6546 3433 7160
7160 3433 6546
3433 6546 7160
6589 11240 21363
21363 6589 11240
11240 6589 21363
28290 10220 10507
10220 10507 28290
10507 10220 28290
8565 8916 21496
21496 8565 8916
8916 8565 21496
16028 6150 9277
6150 9277 16028
9277 6150 16028
23627 1391 26598
26598 1391 23627
1391 23627 26598
20718 12395 16958
16958 12395 20718
12395 16958 20718
14349 505 28064
505 14349 28064
28064 505 14349
7177 10663 11026
10663 7177 11026
11026 7177 10663
23977 25906 29402
29402 23977 25906
25906 23977 29402
1549 3525 4364
3525 1549 4364
4364 1549 3525
21473 3439 13023
13023 3439 21473
3439 13023 21473
15985 2529 19987
19987 2529 15985
2529 15985 19987
22766 7697 16373
7697 16373 22766
16373 7697 22766
6774 17669 18184
17669 6774 18184
18184 6774 17669
14181 14808 26530
14808 14181 26530
26530 14181 14808
11568 682 7178
682 7178 11568
7178 682 11568
1619 15594 20401
15594 1619 20401
20401 1619 15594
7861 15739 15873
15739 7861 15873
15873 7861 15739
10169 172 18725
172 10169 18725
18725 172 10169
29610 9597 29930
9597 29610 29930
29930 9597 29610
31 8995 16778
16778 31 8995
8995 31 16778
1245 8880 25575
8880 1245 25575
25575 1245 8880
1984 6638 21283
6638 1984 21283
21283 1984 6638
17731 2854 18350
18350 2854 17731
2854 17731 18350
29787 25656 28287
25656 28287 29787
28287 25656 29787
28151 15305 17144
17144 15305 28151
15305 17144 28151
21261 2837 20995
20995 2837 21261
2837 20995 21261
10774 7528 28529
7528 10774 28529
28529 7528 10774
24323 15486 28892
28892 15486 24323
15486 24323 28892
12984 9541 14937
14937 9541 12984
9541 12984 14937
25707 1321 14057
1321 14057 25707
14057 1321 25707
7000 5514 25354
5514 7000 25354
25354 5514 7000
22002 2430 3140
3140 2430 22002
2430 3140 22002
10432 1955 12015
1955 10432 12015
12015 1955 10432
16904 5488 6503
5488 6503 16904
6503 5488 16904
18221 190 8287
8287 190 18221
190 8287 18221
11688 6470 16379
16379 6470 11688
6470 11688 16379
23153 2540 7129
7129 2540 23153
2540 7129 23153
21359 1297 17174
1297 17174 21359
17174 1297 21359
12009 14528 28130
28130 12009 14528
14528 12009 28130
9033 7196 24871
7196 9033 24871
24871 7196 9033
6450 115 7733
115 6450 7733
7733 115 6450
23710 22870 24856
24856 22870 23710
22870 23710 24856
25872 9945 11360
11360 9945 25872
9945 11360 25872
26656 4273 17177
4273 17177 26656
17177 4273 26656
17899 3789 26817
3789 17899 26817
26817 3789 17899
6202 2401 18457
2401 6202 18457
18457 2401 6202
17447 1448 6277
6277 1448 17447
1448 6277 17447
23787 22104 23816
22104 23787 23816
23816 22104 23787
3674 16985 22082
22082 3674 16985
16985 3674 22082
10941 21281 28403
21281 10941 28403
28403 10941 21281
20142 24906 24926
24906 20142 24926
24926 20142 24906
27111 1373 7288
1373 7288 27111
7288 1373 27111
4788 4495 25067
4495 4788 25067
25067 4495 4788
29550 56 2169
2169 56 29550
56 2169 29550
26112 17138 18208
17138 18208 26112
18208 17138 26112
22436 19716 25396
19716 22436 25396
25396 19716 22436
26747 13068 20191
20191 13068 26747
13068 20191 26747
4259 14159 16371
14159 4259 16371
16371 4259 14159
14712 3581 29740
29740 3581 14712
3581 14712 29740
23099 8539 9867
9867 8539 23099
8539 9867 23099
20788 17763 18960
17763 18960 20788
18960 17763 20788
15011 16478 26034
16478 15011 26034
26034 15011 16478
20663 141 28265
141 20663 28265
28265 141 20663
23272 1901 25869
25869 1901 23272
1901 23272 25869
6104 7034 11311
11311 6104 7034
7034 6104 11311
12234 6741 21123
6741 12234 21123
21123 6741 12234
20959 9065 10679
10679 9065 20959
9065 10679 20959
70 5435 24775
5435 70 24775
24775 70 5435
4357 6809 24631
6809 4357 24631
24631 4357 6809
8723 4681 25111
25111 4681 8723
4681 8723 25111
3363 15725 19465
15725 3363 19465
19465 3363 15725
3818 5185 16715
5185 3818 16715
16715 3818 5185
17266 4530 5996
5996 4530 17266
4530 5996 17266
13136 4414 28289
4414 13136 28289
28289 4414 13136
18576 13983 23225
13983 18576 23225
23225 13983 18576
14879 5999 7342
7342 5999 14879
5999 7342 14879
11112 1902 12024
12024 1902 11112
1902 11112 12024
4637 5462 8605
5462 4637 8605
8605 4637 5462
12274 7826 24387
24387 7826 12274
7826 12274 24387
7477 990 2753
990 2753 7477
2753 990 7477
12841 3104 21059
21059 3104 12841
3104 12841 21059
22429 565 796
796 565 22429
565 796 22429
16862 24574 25661
24574 16862 25661
25661 16862 24574
16866 14844 21980
21980 14844 16866
14844 16866 21980
24131 3970 5909
3970 5909 24131
5909 3970 24131
16139 4465 14821
14821 4465 16139
4465 14821 16139
1020 7343 25162
7343 1020 25162
25162 1020 7343
20531 15584 24845
15584 20531 24845
24845 15584 20531
14421 8209 14886
8209 14421 14886
14886 8209 14421
5263 4416 18714
4416 5263 18714
18714 4416 5263
17425 18568 25799
25799 17425 18568
18568 17425 25799
12580 433 12581
433 12580 12581
12581 433 12580
29001 12531 17171
12531 17171 29001
17171 12531 29001
27336 3103 24477
3103 24477 27336
24477 3103 27336
8769 17235 24034
24034 8769 17235
17235 8769 24034
26881 7731 9666
7731 9666 26881
9666 7731 26881
2911 16735 21111
16735 2911 21111
21111 2911 16735
17737 4096 12668
12668 4096 17737
4096 12668 17737
5635 14176 15668
15668 5635 14176
14176 5635 15668
14638 1329 5714
5714 1329 14638
1329 5714 14638
5089 13280 27503
13280 5089 27503
27503 5089 13280
2759 11286 23209
11286 2759 23209
23209 2759 11286
12829 13555 15919
13555 12829 15919
15919 12829 13555
26567 20725 21784
20725 21784 26567
21784 20725 26567
11843 29447 29993
29993 11843 29447
29447 11843 29993
28850 8050 29171
8050 28850 29171
29171 8050 28850
17793 1309 1815
1309 1815 17793
1815 1309 17793
22890 10789 15644
10789 15644 22890
15644 10789 22890
15685 7408 14585
14585 7408 15685
7408 14585 15685
3089 14655 18639
18639 3089 14655
14655 3089 18639
26358 19714 25664
19714 25664 26358
25664 19714 26358
16995 14877 21375
14877 16995 21375
21375 14877 16995
4650 11347 27407
27407 4650 11347
11347 4650 27407
110 13947 15803
13947 110 15803
15803 110 13947
19291 25613 25662
25662 19291 25613
25613 19291 25662
10470 10469 25697
10469 10470 25697
25697 10469 10470
4308 4313 6921
6921 4308 4313
4313 4308 6921
3916 6091 20021
20021 3916 6091
6091 3916 20021
4522 13236 28954
13236 4522 28954
28954 4522 13236
25146 13410 25306
13410 25146 25306
25306 13410 25146
28906 5305 28733
28733 5305 28906
5305 28733 28906
5056 13829 25788
25788 5056 13829
13829 5056 25788
23954 511 12659
511 12659 23954
12659 511 23954
24796 4740 18522
18522 4740 24796
4740 18522 24796
1899 11007 29590
29590 1899 11007
11007 1899 29590
8894 10624 28905
10624 8894 28905
28905 8894 10624
18015 5193 29790
5193 18015 29790
29790 5193 18015
12813 7999 28203
28203 7999 12813
7999 12813 28203
14372 7446 17232
7446 14372 17232
17232 7446 14372
12939 4311 8951
8951 4311 12939
4311 8951 12939
477 3725 12827
3725 477 12827
12827 477 3725
22415 14634 25166
25166 14634 22415
14634 22415 25166
274 22734 24929
22734 274 24929
24929 274 22734
234 3931 10678
10678 234 3931
3931 234 10678
16595 4781 25672
25672 4781 16595
4781 16595 25672
9035 22907 28700
22907 9035 28700
28700 9035 22907
1585 1831 2230
2230 1585 1831
1831 1585 2230
23148 6299 21196
21196 6299 23148
6299 21196 23148
23478 5065 27520
5065 23478 27520
27520 5065 23478
24347 21404 22515
21404 22515 24347
22515 21404 24347
14725 409 9823
409 9823 14725
9823 409 14725
15808 20337 28769
20337 15808 28769
28769 15808 20337
7975 5686 6621
6621 5686 7975
5686 6621 7975
21596 7699 28562
7699 21596 28562
28562 7699 21596
10948 12735 18159
12735 10948 18159
18159 10948 12735
6290 1922 15774
15774 1922 6290
1922 6290 15774
593 25719 29097
25719 593 29097
29097 593 25719
27680 8400 23504
8400 23504 27680
23504 8400 27680
15689 4526 20636
20636 4526 15689
4526 15689 20636
24279 14457 18146
18146 14457 24279
14457 18146 24279
24200 8998 14341
8998 14341 24200
14341 8998 24200
795 1058 15565
15565 795 1058
1058 795 15565
6669 3081 8999
3081 6669 8999
8999 3081 6669
28128 9858 22584
22584 9858 28128
9858 22584 28128
1726 3319 24623
24623 1726 3319
3319 1726 24623
9481 10209 22038
22038 9481 10209
10209 9481 22038
24867 13819 25919
13819 24867 25919
25919 13819 24867
18614 12080 18740
18740 12080 18614
12080 18614 18740
20043 4512 7953
7953 4512 20043
4512 7953 20043
27367 5061 5204
5061 5204 27367
5204 5061 27367
19384 2390 18097
2390 18097 19384
18097 2390 19384
26476 13528 28431
28431 13528 26476
13528 26476 28431
15665 24398 25671
25671 15665 24398
24398 15665 25671
28698 3251 4574
4574 3251 28698
3251 4574 28698
18682 15038 29524
15038 18682 29524
29524 15038 18682
21766 10299 19711
19711 10299 21766
10299 19711 21766
13995 1183 13736
1183 13736 13995
13736 1183 13995
7844 5835 10873
5835 7844 10873
10873 5835 7844
20811 7366 18179
7366 18179 20811
18179 7366 20811
22688 3871 19512
19512 3871 22688
3871 19512 22688
9265 24012 28856
