18693 3458 10631
3458 10631 18693
10631 3458 18693
25695 21765 21942
21765 21942 25695
21942 21765 25695
6563 7498 13950
13950 6563 7498
7498 6563 13950
24870 3957 8672
3957 8672 24870
8672 3957 24870
9015 356 11004
11004 356 9015
356 9015 11004
16134 20135 25649
25649 16134 20135
20135 16134 25649
6251 17511 19223
19223 6251 17511
17511 6251 19223
11475 17630 18133
17630 11475 18133
18133 11475 17630
23730 14240 19917
14240 19917 23730
19917 14240 23730
15928 11406 21054
21054 11406 15928
11406 15928 21054
19886 5462 17757
17757 5462 19886
5462 17757 19886
23711 14029 28161
14029 23711 28161
28161 14029 23711
12184 12858 19887
19887 12184 12858
12858 12184 19887
5996 12258 21294
12258 5996 21294
21294 5996 12258
28419 9260 24791
9260 24791 28419
24791 9260 28419
26963 8609 27608
27608 8609 26963
8609 26963 27608
6688 3479 27126
3479 6688 27126
27126 3479 6688
3050 6511 14598
14598 3050 6511
6511 3050 14598
2909 3358 12401
3358 2909 12401
12401 2909 3358
1830 6440 15759
15759 1830 6440
6440 1830 15759
12594 11168 23779
11168 12594 23779
23779 11168 12594
21900 6490 7220
6490 7220 21900
7220 6490 21900
7591 8884 19946
19946 7591 8884
8884 7591 19946
25768 28095 29285
29285 25768 28095
28095 25768 29285
12875 11161 26147
26147 11161 12875
11161 12875 26147
12794 26796 27870
27870 12794 26796
26796 12794 27870
14499 15513 28580
15513 14499 28580
28580 14499 15513
22811 2008 10346
10346 2008 22811
2008 10346 22811
12284 246 16334
16334 246 12284
246 12284 16334
15294 2482 28751
2482 15294 28751
28751 2482 15294
22849 14448 14518
14518 14448 22849
14448 14518 22849
1651 12991 18088
12991 1651 18088
18088 1651 12991
18902 4246 16866
16866 4246 18902
4246 16866 18902
1349 4845 26071
4845 1349 26071
26071 1349 4845
4078 472 27655
27655 472 4078
472 4078 27655
1548 20249 25970
20249 1548 25970
25970 1548 20249
20473 8537 12758
12758 8537 20473
8537 12758 20473
23612 2839 10181
2839 10181 23612
10181 2839 23612
28023 3373 23672
23672 3373 28023
3373 23672 28023
6767 6754 10171
6754 6767 10171
10171 6754 6767
22620 15865 22734
22734 15865 22620
15865 22620 22734
3903 5570 11032
11032 3903 5570
5570 3903 11032
12889 1056 17341
17341 1056 12889
1056 12889 17341
27440 1 17395
1 17395 27440
17395 1 27440
7870 4594 12530
12530 4594 7870
4594 7870 12530
23468 3650 23459
3650 23459 23468
23459 3650 23468
18578 1387 24555
1387 18578 24555
24555 1387 18578
29380 4405 16215
16215 4405 29380
4405 16215 29380
12233 14685 16101
14685 12233 16101
16101 12233 14685
4371 12580 14146
14146 4371 12580
12580 4371 14146
17096 5161 16124
5161 16124 17096
16124 5161 17096
18983 10717 16672
10717 16672 18983
16672 10717 18983
16523 15593 23573
23573 15593 16523
15593 16523 23573
9303 15458 19952
15458 9303 19952
19952 9303 15458
9313 21780 27212
27212 9313 21780
21780 9313 27212
15000 8053 22616
8053 15000 22616
22616 8053 15000
715 530 26256
530 715 26256
26256 530 715
16617 7336 14339
7336 14339 16617
14339 7336 16617
15109 12086 20250
12086 15109 20250
20250 12086 15109
25302 1269 5284
1269 5284 25302
5284 1269 25302
27533 6955 26023
26023 6955 27533
6955 26023 27533
25300 26729 29501
29501 25300 26729
26729 25300 29501
10736 7164 23143
7164 10736 23143
23143 7164 10736
17180 2442 14957
2442 14957 17180
14957 2442 17180
1240 10295 20507
10295 1240 20507
20507 1240 10295
3800 19138 22588
22588 3800 19138
19138 3800 22588
29249 3841 22063
22063 3841 29249
3841 22063 29249
17347 19333 24218
24218 17347 19333
19333 17347 24218
581 421 28814
421 581 28814
28814 421 581
5770 23826 26233
26233 5770 23826
23826 5770 26233
9740 3227 23107
23107 3227 9740
3227 9740 23107
3438 19603 28776
19603 3438 28776
28776 3438 19603
2878 10233 26010
10233 2878 26010
26010 2878 10233
14786 1513 14494
14494 1513 14786
1513 14494 14786
10236 7019 26830
26830 7019 10236
7019 10236 26830
26804 1566 17609
17609 1566 26804
1566 17609 26804
17731 7087 23151
7087 17731 23151
23151 7087 17731
1898 11870 18745
18745 1898 11870
11870 1898 18745
28492 12960 15535
15535 12960 28492
12960 15535 28492
26924 9569 14883
14883 9569 26924
9569 14883 26924
18507 9333 24022
9333 18507 24022
24022 9333 18507
10425 23433 29724
29724 10425 23433
23433 10425 29724
3494 12200 23598
12200 3494 23598
23598 3494 12200
2058 2331 12044
12044 2058 2331
2331 2058 12044
26006 22796 24910
24910 22796 26006
22796 24910 26006
22943 18065 23227
23227 18065 22943
18065 22943 23227
26587 7637 15437
15437 7637 26587
7637 15437 26587
16378 23430 23773
23773 16378 23430
23430 16378 23773
6131 104 15915
15915 104 6131
104 6131 15915
22319 7894 8141
8141 7894 22319
7894 8141 22319
24291 4502 29792
4502 24291 29792
29792 4502 24291
2095 9112 28458
9112 2095 28458
28458 2095 9112
5621 7605 14398
14398 5621 7605
7605 5621 14398
24048 16352 25921
16352 24048 25921
25921 16352 24048
21797 9970 26302
9970 21797 26302
26302 9970 21797
1383 11957 22474
11957 1383 22474
22474 1383 11957
29021 14806 19691
14806 19691 29021
19691 14806 29021
15213 6710 28516
28516 6710 15213
6710 15213 28516
3089 14169 19678
14169 3089 19678
19678 3089 14169
12054 22187 26467
26467 12054 22187
22187 12054 26467
11169 19702 29925
19702 11169 29925
29925 11169 19702
7090 6453 25108
6453 7090 25108
25108 6453 7090
17628 16587 27653
27653 16587 17628
16587 17628 27653
16917 15150 23994
23994 15150 16917
15150 16917 23994
29133 2000 17191
2000 17191 29133
17191 2000 29133
29651 7540 23554
23554 7540 29651
7540 23554 29651
6158 8081 25683
25683 6158 8081
8081 6158 25683
2986 8980 12059
12059 2986 8980
8980 2986 12059
28732 8147 25826
25826 8147 28732
8147 25826 28732
10744 229 16970
229 10744 16970
16970 229 10744
28183 10928 15120
15120 10928 28183
10928 15120 28183
5350 4370 7509
4370 5350 7509
7509 4370 5350
22707 7590 9688
7590 9688 22707
9688 7590 22707
28805 24536 27866
27866 24536 28805
24536 27866 28805
23760 852 17984
852 17984 23760
17984 852 23760
14113 2902 23350
2902 14113 23350
23350 2902 14113
3963 15304 29327
15304 3963 29327
29327 3963 15304
11394 14088 14444
14088 11394 14444
14444 11394 14088
20689 16457 16502
16502 16457 20689
16457 16502 20689
15577 20812 25762
20812 15577 25762
25762 15577 20812
28014 6799 29102
29102 6799 28014
6799 28014 29102
7919 8280 28527
8280 7919 28527
28527 7919 8280
17702 8040 8263
8263 8040 17702
8040 8263 17702
1739 15839 20312
20312 1739 15839
15839 1739 20312
27483 5065 25320
25320 5065 27483
5065 25320 27483
7946 4739 10927
4739 7946 10927
10927 4739 7946
25193 10433 11016
10433 11016 25193
11016 10433 25193
1794 4455 11977
11977 1794 4455
4455 1794 11977
17589 1905 27292
27292 1905 17589
1905 17589 27292
18442 1060 3863
1060 3863 18442
3863 1060 18442
25997 1894 19788
1894 19788 25997
19788 1894 25997
27961 8927 28632
8927 27961 28632
28632 8927 27961
27085 23325 26935
23325 26935 27085
26935 23325 27085
6685 9612 22049
9612 6685 22049
22049 6685 9612
5760 109 22641
22641 109 5760
109 5760 22641
16535 6355 9603
6355 9603 16535
9603 6355 16535
985 5740 25566
25566 985 5740
5740 985 25566
305 7789 7984
7984 305 7789
7789 305 7984
10440 16424 28133
16424 10440 28133
28133 10440 16424
6838 20019 22498
20019 6838 22498
22498 6838 20019
10218 7091 20482
7091 10218 20482
20482 7091 10218
26613 1228 10350
10350 1228 26613
1228 10350 26613
5788 6786 19246
6786 5788 19246
19246 5788 6786
803 17615 24064
24064 803 17615
17615 803 24064
12367 14948 29694
14948 12367 29694
29694 12367 14948
29969 9366 24742
24742 9366 29969
9366 24742 29969
23682 12187 23359
23359 12187 23682
12187 23359 23682
10391 19806 20831
19806 10391 20831
20831 10391 19806
7703 2891 8508
8508 2891 7703
2891 7703 8508
21853 6770 11675
6770 11675 21853
11675 6770 21853
16376 9276 12288
9276 12288 16376
12288 9276 16376
16539 1419 19658
19658 1419 16539
1419 16539 19658
8818 8641 12213
8641 8818 12213
12213 8641 8818
27080 14609 22264
22264 14609 27080
14609 22264 27080
249 9516 15483
15483 249 9516
9516 249 15483
6082 1820 17321
1820 6082 17321
17321 1820 6082
13512 17106 28833
28833 13512 17106
17106 13512 28833
16807 17496 26871
26871 16807 17496
17496 16807 26871
7950 15266 24917
24917 7950 15266
15266 7950 24917
1075 7704 13853
7704 1075 13853
13853 1075 7704
19541 4643 18425
18425 4643 19541
4643 18425 19541
18246 20792 25733
25733 18246 20792
20792 18246 25733
21236 13759 28442
28442 13759 21236
13759 21236 28442
22374 6076 8171
8171 6076 22374
6076 8171 22374
6739 13929 29080
29080 6739 13929
13929 6739 29080
3657 149 28558
149 3657 28558
28558 149 3657
21112 2976 11821
11821 2976 21112
2976 11821 21112
10956 12613 26784
12613 10956 26784
26784 10956 12613
16409 5473 6604
5473 6604 16409
6604 5473 16409
28536 2207 19204
2207 19204 28536
19204 2207 28536
27531 592 1346
592 1346 27531
1346 592 27531
27880 8432 13901
13901 8432 27880
8432 13901 27880
28223 5307 11235
11235 5307 28223
5307 11235 28223
18243 15013 18953
15013 18243 18953
18953 15013 18243
7800 9348 14094
9348 7800 14094
14094 7800 9348
26315 3086 9825
9825 3086 26315
3086 9825 26315
23311 22491 24331
24331 22491 23311
22491 23311 24331
24586 3123 28221
28221 3123 24586
3123 24586 28221
1151 15264 21397
21397 1151 15264
15264 1151 21397
8605 24300 27848
27848 8605 24300
24300 8605 27848
27822 15708 29484
29484 15708 27822
15708 27822 29484
7901 4082 24826
24826 4082 7901
4082 7901 24826
23097 13431 25084
13431 23097 25084
25084 13431 23097
16835 6715 22066
6715 16835 22066
22066 6715 16835
13941 16557 23738
16557 13941 23738
23738 13941 16557
6635 21338 24867
21338 6635 24867
24867 6635 21338
24993 19101 22579
19101 22579 24993
22579 19101 24993
28427 21479 25745
21479 25745 28427
25745 21479 28427
23712 7396 7529
7396 7529 23712
7529 7396 23712
16976 24738 26961
24738 16976 26961
26961 16976 24738
16983 7503 17740
17740 7503 16983
7503 16983 17740
12114 9097 11388
11388 9097 12114
9097 11388 12114
16746 979 13967
13967 979 16746
979 13967 16746
55 5325 12217
12217 55 5325
5325 55 12217
17078 7979 29976
29976 7979 17078
7979 17078 29976
4609 1858 25389
1858 4609 25389
25389 1858 4609
309 12476 15468
15468 309 12476
12476 309 15468
14516 21317 26062
21317 14516 26062
26062 14516 21317
4898 14572 29396
29396 4898 14572
14572 4898 29396
9316 4362 28578
4362 9316 28578
28578 4362 9316
29518 6726 28813
28813 6726 29518
6726 28813 29518
7206 9160 17292
9160 7206 17292
17292 7206 9160
21389 18790 27549
18790 21389 27549
27549 18790 21389
9839 7608 7954
7954 7608 9839
7608 7954 9839
19094 15027 22550
22550 15027 19094
15027 19094 22550
17991 3528 29906
3528 17991 29906
29906 3528 17991
26001 1132 27013
1132 26001 27013
27013 1132 26001
14796 8933 27963
8933 14796 27963
27963 8933 14796
2724 14817 19653
19653 2724 14817
14817 2724 19653
27061 8955 14941
14941 8955 27061
8955 14941 27061
7000 2677 11972
11972 2677 7000
2677 7000 11972
20356 2289 13893
13893 2289 20356
2289 13893 20356
10289 3686 12936
3686 10289 12936
12936 3686 10289
28392 11270 25349
11270 25349 28392
25349 11270 28392
7997 1746 27509
1746 7997 27509
27509 1746 7997
1711 6773 7193
6773 1711 7193
7193 1711 6773
2051 6102 7044
6102 2051 7044
7044 2051 6102
10505 3176 20034
20034 3176 10505
3176 10505 20034
5953 17428 18534
17428 5953 18534
18534 5953 17428
27777 18038 18300
18038 18300 27777
18300 18038 27777
15664 18862 26497
26497 15664 18862
18862 15664 26497
17935 3422 7878
7878 3422 17935
3422 7878 17935
13873 13050 22115
22115 13050 13873
13050 13873 22115
27373 20176 24310
24310 20176 27373
20176 24310 27373
2459 4777 23159
4777 2459 23159
23159 2459 4777
28556 4620 25124
25124 4620 28556
4620 25124 28556
16908 16401 17557
17557 16401 16908
16401 16908 17557
9296 3724 17746
17746 3724 9296
3724 9296 17746
9503 389 16626
16626 389 9503
389 9503 16626
29193 4812 8542
4812 8542 29193
8542 4812 29193
9432 7695 12569
7695 9432 12569
12569 7695 9432
1322 8194 20085
20085 1322 8194
8194 1322 20085
13806 7069 11548
11548 7069 13806
7069 11548 13806
5624 832 12425
832 5624 12425
12425 832 5624
23960 4622 13473
4622 13473 23960
13473 4622 23960
26430 4002 21470
4002 21470 26430
21470 4002 26430
26577 15433 20439
20439 15433 26577
15433 20439 26577
22489 20740 21035
20740 21035 22489
21035 20740 22489
22110 18007 20463
20463 18007 22110
18007 20463 22110
14892 9104 29814
29814 9104 14892
9104 14892 29814
18381 471 13471
13471 471 18381
471 13471 18381
20355 8638 20763
8638 20355 20763
20763 8638 20355
29895 10083 12749
12749 10083 29895
10083 12749 29895
22953 23855 24602
24602 22953 23855
23855 22953 24602
6711 10382 20422
10382 6711 20422
20422 6711 10382
22028 21897 28666
28666 21897 22028
21897 22028 28666
10813 7543 15618
15618 7543 10813
7543 10813 15618
26674 12056 25944
12056 25944 26674
25944 12056 26674
1526 3084 22346
3084 1526 22346
22346 1526 3084
16338 20975 29784
29784 16338 20975
20975 16338 29784
17865 5929 22373
5929 17865 22373
22373 5929 17865
12043 6620 25565
25565 6620 12043
6620 12043 25565
19843 11085 12461
11085 12461 19843
12461 11085 19843
18070 3710 20151
20151 3710 18070
3710 18070 20151
26927 13479 22825
22825 13479 26927
13479 22825 26927
25403 18613 21690
18613 21690 25403
21690 18613 25403
13052 3370 15946
3370 13052 15946
15946 3370 13052
28881 13796 20457
20457 13796 28881
13796 20457 28881
25653 14290 29646
29646 14290 25653
14290 25653 29646
25446 15541 28313
28313 15541 25446
15541 25446 28313
11409 11609 19415
19415 11409 11609
11609 11409 19415
22288 5861 27334
5861 22288 27334
27334 5861 22288
29094 6492 15646
6492 15646 29094
15646 6492 29094
129 8389 27453
27453 129 8389
8389 129 27453
4084 9275 20581
9275 4084 20581
20581 4084 9275
28900 5213 13216
13216 5213 28900
5213 13216 28900
1368 15026 27020
15026 1368 27020
27020 1368 15026
17111 27159 29226
29226 17111 27159
27159 17111 29226
18404 9264 16195
16195 9264 18404
9264 16195 18404
18898 6331 16328
6331 16328 18898
16328 6331 18898
5330 16574 24540
24540 5330 16574
16574 5330 24540
23208 13312 29774
13312 23208 29774
29774 13312 23208
22587 3982 28177
28177 3982 22587
3982 22587 28177
5805 11393 21029
11393 5805 21029
21029 5805 11393
18746 8894 21051
8894 18746 21051
21051 8894 18746
3835 6460 21277
21277 3835 6460
6460 3835 21277
12736 14834 29905
29905 12736 14834
14834 12736 29905
20751 16491 19936
16491 19936 20751
19936 16491 20751
7776 410 6480
6480 410 7776
410 6480 7776
22553 1681 23006
1681 22553 23006
23006 1681 22553
14022 878 10513
878 10513 14022
10513 878 14022
6475 21066 26073
21066 6475 26073
26073 6475 21066
6684 52 26891
52 6684 26891
26891 52 6684
20131 16977 24779
24779 16977 20131
16977 20131 24779
17806 20240 23174
23174 17806 20240
20240 17806 23174
28433 18966 20801
20801 18966 28433
18966 20801 28433
29042 9922 23897
9922 23897 29042
23897 9922 29042
21676 791 5802
5802 791 21676
791 5802 21676
23799 21373 23820
23820 21373 23799
21373 23799 23820
18993 78 417
78 417 18993
417 78 18993
13825 7612 16356
16356 7612 13825
7612 13825 16356
19768 3791 25572
3791 19768 25572
25572 3791 19768
6129 2427 14632
2427 6129 14632
14632 2427 6129
12002 7512 27850
27850 7512 12002
7512 12002 27850
29847 5921 26409
26409 5921 29847
5921 26409 29847
4582 19817 24944
24944 4582 19817
19817 4582 24944
7674 1401 23154
23154 1401 7674
1401 7674 23154
17745 19088 26511
26511 17745 19088
19088 17745 26511
705 6430 8829
6430 705 8829
8829 705 6430
29232 97 2868
97 2868 29232
2868 97 29232
4298 6149 13902
6149 4298 13902
13902 4298 6149
20060 11998 12943
12943 11998 20060
11998 12943 20060
16768 14387 20998
14387 16768 20998
20998 14387 16768
12714 9221 24693
9221 12714 24693
24693 9221 12714
4992 12959 17117
12959 4992 17117
17117 4992 12959
16381 21716 24539
24539 16381 21716
21716 16381 24539
27145 5146 20789
20789 5146 27145
5146 20789 27145
13919 5458 11014
11014 5458 13919
5458 11014 13919
29950 3469 18569
18569 3469 29950
3469 18569 29950
18733 1364 24243
24243 1364 18733
1364 18733 24243
6727 17545 18779
18779 6727 17545
17545 6727 18779
4355 2458 14139
2458 4355 14139
14139 2458 4355
29882 1753 7112
7112 1753 29882
1753 7112 29882
5431 10487 20733
20733 5431 10487
10487 5431 20733
19173 21711 22515
22515 19173 21711
21711 19173 22515
2197 6117 18500
18500 2197 6117
6117 2197 18500
1708 147 8809
8809 147 1708
147 1708 8809
24380 681 9522
9522 681 24380
681 9522 24380
98 15152 21970
15152 98 21970
21970 98 15152
28400 9901 10991
9901 10991 28400
10991 9901 28400
18358 9125 9165
9165 9125 18358
9125 9165 18358
1180 19 29745
29745 19 1180
19 1180 29745
25577 14971 27185
27185 14971 25577
14971 25577 27185
5612 17297 18637
17297 5612 18637
18637 5612 17297
18380 3413 22347
3413 18380 22347
22347 3413 18380
8488 922 16517
16517 922 8488
922 8488 16517
25603 13882 22864
13882 22864 25603
22864 13882 25603
22622 11114 26267
11114 22622 26267
26267 11114 22622
1842 16669 21939
16669 1842 21939
21939 1842 16669
16098 3127 14780
14780 3127 16098
3127 14780 16098
29435 23063 24034
23063 24034 29435
24034 23063 29435
1098 15937 15960
15937 1098 15960
15960 1098 15937
1473 28363 29453
29453 1473 28363
28363 1473 29453
15856 16997 23414
16997 15856 23414
23414 15856 16997
19748 16500 24201
24201 16500 19748
16500 19748 24201
28641 1725 8977
8977 1725 28641
1725 8977 28641
16275 11583 15387
11583 15387 16275
15387 11583 16275
1166 9832 19136
9832 1166 19136
19136 1166 9832
12531 7685 12549
7685 12531 12549
12549 7685 12531
25717 11889 27384
27384 11889 25717
11889 25717 27384
12324 1130 6660
6660 1130 12324
1130 6660 12324
16464 16822 20178
16822 16464 20178
20178 16464 16822
29556 13345 23669
13345 23669 29556
23669 13345 29556
8552 15066 17574
15066 8552 17574
17574 8552 15066
27635 6609 22294
22294 6609 27635
6609 22294 27635
6167 6150 27659
6150 6167 27659
27659 6150 6167
8381 18324 19775
19775 8381 18324
18324 8381 19775
5412 5539 6762
5539 5412 6762
6762 5412 5539
22037 15444 19418
15444 19418 22037
19418 15444 22037
22565 19382 26079
26079 19382 22565
19382 22565 26079
25130 6794 26247
6794 25130 26247
26247 6794 25130
8489 11195 17588
11195 8489 17588
17588 8489 11195
20844 11850 28391
11850 20844 28391
28391 11850 20844
20625 66 8439
8439 66 20625
66 8439 20625
14501 22921 29864
22921 14501 29864
29864 14501 22921
27305 13798 17000
17000 13798 27305
13798 17000 27305
26051 2644 20806
2644 20806 26051
20806 2644 26051
18520 18677 29772
29772 18520 18677
18677 18520 29772
863 14979 21194
14979 863 21194
21194 863 14979
11756 950 11637
950 11637 11756
11637 950 11756
14744 1376 25999
1376 14744 25999
25999 1376 14744
25445 11049 29771
29771 11049 25445
11049 25445 29771
18844 1128 21427
1128 18844 21427
21427 1128 18844
24170 11444 16138
11444 16138 24170
16138 11444 24170
5498 6883 13682
6883 5498 13682
13682 5498 6883
19900 9166 11829
9166 11829 19900
11829 9166 19900
12956 12617 14128
12617 12956 14128
14128 12617 12956
29072 2741 28928
2741 28928 29072
28928 2741 29072
22099 17219 22220
17219 22099 22220
22220 17219 22099
10354 4404 12864
4404 10354 12864
12864 4404 10354
22857 5301 29718
29718 5301 22857
5301 22857 29718
14961 12456 22894
22894 12456 14961
12456 14961 22894
15734 6207 11590
6207 11590 15734
11590 6207 15734
12514 14147 24376
14147 12514 24376
24376 12514 14147
15757 11983 16720
16720 11983 15757
11983 15757 16720
5991 8402 12201
12201 5991 8402
8402 5991 12201
1441 6328 7186
6328 1441 7186
7186 1441 6328
22769 7360 12621
7360 12621 22769
12621 7360 22769
24115 18219 26036
18219 24115 26036
26036 18219 24115
8490 9635 20292
20292 8490 9635
9635 8490 20292
10819 2787 12583
12583 2787 10819
2787 10819 12583
20739 2057 23232
23232 2057 20739
2057 20739 23232
3313 2559 9428
9428 2559 3313
2559 3313 9428
18752 6144 18955
18955 6144 18752
6144 18752 18955
29362 9249 17459
17459 9249 29362
9249 17459 29362
24106 905 7882
905 7882 24106
7882 905 24106
10074 1824 10145
1824 10074 10145
10145 1824 10074
19897 21879 27574
21879 19897 27574
27574 19897 21879
2639 17881 23603
17881 2639 23603
23603 2639 17881
18114 2397 29346
2397 18114 29346
29346 2397 18114
16171 21702 23383
21702 16171 23383
23383 16171 21702
6069 11106 23286
11106 6069 23286
23286 6069 11106
23903 14215 17975
17975 14215 23903
14215 17975 23903
4901 11879 13069
11879 4901 13069
13069 4901 11879
9068 6013 14993
14993 6013 9068
6013 9068 14993
25976 6830 15741
6830 15741 25976
15741 6830 25976
5260 5822 19714
5822 5260 19714
19714 5260 5822
23242 17318 27962
17318 23242 27962
27962 17318 23242
5070 18816 28222
28222 5070 18816
18816 5070 28222
1002 17224 23273
17224 1002 23273
23273 1002 17224
2541 396 18105
396 2541 18105
18105 396 2541
24569 18175 19611
19611 18175 24569
18175 19611 24569
23787 18274 19195
19195 18274 23787
18274 19195 23787
21695 17910 20985
17910 20985 21695
20985 17910 21695
617 9161 15353
9161 617 15353
15353 617 9161
18211 16643 25061
16643 18211 25061
25061 16643 18211
18508 6171 20421
20421 6171 18508
6171 18508 20421
12459 8767 27731
8767 12459 27731
27731 8767 12459
21435 22601 25640
25640 21435 22601
22601 21435 25640
25312 16867 29428
29428 16867 25312
16867 25312 29428
5548 10856 13808
10856 5548 13808
13808 5548 10856
9533 9121 17682
17682 9121 9533
9121 9533 17682
18696 5883 12106
5883 12106 18696
12106 5883 18696
23316 15963 22608
22608 15963 23316
15963 22608 23316
19053 20720 25306
25306 19053 20720
20720 19053 25306
12915 7115 13736
7115 12915 13736
13736 7115 12915
28590 10946 26942
26942 10946 28590
10946 26942 28590
19959 1255 7631
7631 1255 19959
1255 7631 19959
24263 1223 18866
1223 18866 24263
18866 1223 24263
10861 22919 28108
22919 10861 28108
28108 10861 22919
9565 1088 23681
23681 1088 9565
1088 9565 23681
21217 7106 14505
14505 7106 21217
7106 14505 21217
24616 15767 20339
15767 20339 24616
20339 15767 24616
26896 15822 17067
15822 17067 26896
17067 15822 26896
10232 677 16133
16133 677 10232
677 10232 16133
16582 10057 29156
29156 10057 16582
10057 16582 29156
4160 2314 2472
2314 2472 4160
2472 2314 4160
10938 1800 28770
28770 1800 10938
1800 10938 28770
7858 1690 7475
7475 1690 7858
1690 7475 7858
24253 928 6049
6049 928 24253
928 6049 24253
12413 1821 11051
11051 1821 12413
1821 11051 12413
18322 23881 24274
24274 18322 23881
23881 18322 24274
16585 4484 10934
4484 10934 16585
10934 4484 16585
9739 8029 23491
8029 9739 23491
23491 8029 9739
22155 2944 24906
24906 2944 22155
2944 22155 24906
13141 17210 19118
17210 13141 19118
19118 13141 17210
15849 3460 25040
3460 15849 25040
25040 3460 15849
12347 7886 10479
10479 7886 12347
7886 10479 12347
7284 856 2874
2874 856 7284
856 2874 7284
15760 12140 28876
12140 15760 28876
28876 12140 15760
6912 25783 27706
27706 6912 25783
25783 6912 27706
3711 19066 20636
20636 3711 19066
19066 3711 20636
2888 13306 27778
13306 2888 27778
27778 2888 13306
10854 15723 24780
15723 10854 24780
24780 10854 15723
20090 15110 26350
26350 15110 20090
15110 20090 26350
11339 3145 15081
3145 11339 15081
15081 3145 11339
8632 10339 27417
27417 8632 10339
10339 8632 27417
15977 20162 24869
20162 15977 24869
24869 15977 20162
26842 43 23809
43 23809 26842
23809 43 26842
9737 2077 2320
2320 2077 9737
2077 2320 9737
21399 1352 21040
21040 1352 21399
1352 21040 21399
16498 11355 28973
28973 11355 16498
11355 16498 28973
6237 14773 22767
14773 6237 22767
22767 6237 14773
29952 12883 21352
12883 21352 29952
21352 12883 29952
14568 14085 21312
14085 14568 21312
21312 14085 14568
22797 10092 20428
20428 10092 22797
10092 20428 22797
7468 17376 28721
17376 7468 28721
28721 7468 17376
21569 4600 4760
4760 4600 21569
4600 4760 21569
27399 3851 29135
29135 3851 27399
3851 27399 29135
5165 14995 21621
14995 5165 21621
21621 5165 14995
15365 15932 25713
25713 15365 15932
15932 15365 25713
23747 24210 25468
24210 23747 25468
25468 23747 24210
21672 2447 21083
21083 2447 21672
2447 21083 21672
20860 9037 20712
20712 9037 20860
9037 20712 20860
27620 5281 26883
26883 5281 27620
5281 26883 27620
10154 5509 27832
27832 5509 10154
5509 10154 27832
6802 11888 23894
23894 6802 11888
11888 6802 23894
6583 15729 26406
26406 6583 15729
15729 6583 26406
27095 17493 21555
21555 17493 27095
17493 21555 27095
6031 9938 18206
18206 6031 9938
9938 6031 18206
15801 2343 4625
4625 2343 15801
2343 4625 15801
23908 10442 28125
28125 10442 23908
10442 23908 28125
2810 2088 28111
2088 2810 28111
28111 2088 2810
7168 6351 12576
6351 7168 12576
12576 6351 7168
26719 11219 18900
18900 11219 26719
11219 18900 26719
26259 22773 24698
24698 22773 26259
22773 24698 26259
2374 3866 17076
3866 2374 17076
17076 2374 3866
18094 14316 26763
14316 18094 26763
26763 14316 18094
1642 7120 9692
9692 1642 7120
7120 1642 9692
8244 2712 20277
2712 8244 20277
20277 2712 8244
15112 2893 23993
2893 15112 23993
23993 2893 15112
14847 14471 22012
14471 14847 22012
22012 14471 14847
15249 3699 29129
3699 15249 29129
29129 3699 15249
10331 12279 17166
12279 10331 17166
17166 10331 12279
24359 13487 18620
13487 18620 24359
18620 13487 24359
29733 1304 8872
8872 1304 29733
1304 8872 29733
16776 6343 18883
6343 16776 18883
18883 6343 16776
2661 20627 23623
20627 2661 23623
23623 2661 20627
27858 2139 16834
2139 16834 27858
16834 2139 27858
25132 16152 23132
16152 23132 25132
23132 16152 25132
15494 2468 17438
17438 2468 15494
2468 15494 17438
3840 5131 13761
5131 3840 13761
13761 3840 5131
15401 2624 5292
5292 2624 15401
2624 5292 15401
27411 8043 11946
11946 8043 27411
8043 11946 27411
17164 6403 17138
6403 17138 17164
17138 6403 17164
15079 8742 15074
15074 8742 15079
8742 15074 15079
8807 10489 19747
10489 8807 19747
19747 8807 10489
8129 31 26007
31 8129 26007
26007 31 8129
11802 6239 26534
26534 6239 11802
6239 11802 26534
15054 22377 24888
24888 15054 22377
22377 15054 24888
11665 1619 20980
1619 11665 20980
20980 1619 11665
26113 10165 27201
10165 26113 27201
27201 10165 26113
13100 2616 4180
4180 2616 13100
2616 4180 13100
23727 15836 18374
15836 18374 23727
18374 15836 23727
3181 1297 16602
1297 3181 16602
16602 1297 3181
17518 4825 26174
4825 17518 26174
26174 4825 17518
5384 6864 24787
24787 5384 6864
6864 5384 24787
2026 13601 28292
13601 2026 28292
28292 2026 13601
482 11469 26743
11469 482 26743
26743 482 11469
3889 6325 29441
6325 3889 29441
29441 3889 6325
11794 9963 17538
17538 9963 11794
9963 11794 17538
25062 21984 28128
21984 25062 28128
28128 21984 25062
8386 9199 12874
12874 8386 9199
9199 8386 12874
22461 16 9945
16 9945 22461
9945 16 22461
2837 8050 10837
10837 2837 8050
8050 2837 10837
25574 1175 28884
28884 1175 25574
1175 25574 28884
13584 13664 23576
13664 13584 23576
23576 13584 13664
16898 13329 28942
28942 13329 16898
13329 16898 28942
29413 2947 26714
26714 2947 29413
2947 26714 29413
3077 19584 19708
19708 3077 19584
19584 3077 19708
23413 18859 20359
18859 20359 23413
20359 18859 23413
26336 8317 11768
11768 8317 26336
8317 11768 26336
11232 25471 26820
26820 11232 25471
25471 11232 26820
25930 2819 17057
17057 2819 25930
2819 17057 25930
20957 18540 19448
18540 19448 20957
19448 18540 20957
12039 15314 20610
20610 12039 15314
15314 12039 20610
18459 16809 23117
16809 18459 23117
23117 16809 18459
10160 10733 19828
19828 10160 10733
10733 10160 19828
27886 23547 24609
23547 24609 27886
24609 23547 27886
3505 14752 25399
14752 3505 25399
25399 3505 14752
8634 6702 6937
6937 6702 8634
6702 6937 8634
8517 6954 12001
12001 6954 8517
6954 8517 12001
1845 16923 24058
16923 1845 24058
24058 1845 16923
27717 9134 13339
13339 9134 27717
9134 13339 27717
5206 11779 29052
29052 5206 11779
11779 5206 29052
3955 7287 12986
12986 3955 7287
7287 3955 12986
12 9061 10169
10169 12 9061
9061 12 10169
9892 24338 27592
27592 9892 24338
24338 9892 27592
28500 2824 20989
20989 2824 28500
2824 20989 28500
20600 1057 18338
1057 18338 20600
18338 1057 20600
1236 2214 27745
27745 1236 2214
2214 1236 27745
7198 25914 25954
25954 7198 25914
25914 7198 25954
10446 4920 10882
4920 10446 10882
10882 4920 10446
18845 19659 22414
19659 18845 22414
22414 18845 19659
3330 24479 26031
26031 3330 24479
24479 3330 26031
7177 6907 17876
6907 7177 17876
17876 6907 7177
18560 623 18792
18792 623 18560
623 18560 18792
18591 11391 26585
11391 18591 26585
26585 11391 18591
24974 1761 4841
1761 4841 24974
4841 1761 24974
25938 2544 23500
23500 2544 25938
2544 23500 25938
10860 10150 13031
10150 10860 13031
13031 10150 10860
27081 3837 8994
3837 8994 27081
8994 3837 27081
3130 14175 24553
14175 3130 24553
24553 3130 14175
28998 7883 10926
10926 7883 28998
7883 10926 28998
932 17190 26522
26522 932 17190
17190 932 26522
15931 16879 20948
20948 15931 16879
16879 15931 20948
6295 491 29392
29392 491 6295
491 6295 29392
22846 16403 26635
16403 22846 26635
26635 16403 22846
221 4281 6832
6832 221 4281
4281 221 6832
2595 8707 20996
8707 2595 20996
20996 2595 8707
4226 22877 28614
22877 4226 28614
28614 4226 22877
18888 5722 22959
5722 18888 22959
22959 5722 18888
29467 6161 6981
6161 6981 29467
6981 6161 29467
11018 4478 21526
21526 4478 11018
4478 11018 21526
12099 15705 24565
15705 12099 24565
24565 12099 15705
3930 14114 22146
14114 3930 22146
22146 3930 14114
4336 16015 25137
25137 4336 16015
16015 4336 25137
29558 6439 19543
19543 6439 29558
6439 19543 29558
16547 1477 15672
1477 15672 16547
15672 1477 16547
15335 2325 7058
7058 2325 15335
2325 7058 15335
8660 2720 20483
20483 2720 8660
2720 8660 20483
20745 10792 23127
10792 20745 23127
23127 10792 20745
69 3822 15595
3822 69 15595
15595 69 3822
20861 21129 24206
24206 20861 21129
21129 20861 24206
11155 3235 11489
3235 11155 11489
11489 3235 11155
15623 14659 24476
14659 15623 24476
24476 14659 15623
13516 1061 29148
29148 1061 13516
1061 13516 29148
18774 3797 10190
3797 10190 18774
10190 3797 18774
1995 26466 26861
26466 1995 26861
26861 1995 26466
6855 20670 20951
20951 6855 20670
20670 6855 20951
12663 16649 27428
16649 12663 27428
27428 12663 16649
9728 10691 20119
10691 9728 20119
20119 9728 10691
18158 14060 23702
14060 18158 23702
23702 14060 18158
18964 19411 20065
20065 18964 19411
19411 18964 20065
20822 16578 16770
16578 16770 20822
16770 16578 20822
11216 799 21808
21808 799 11216
799 11216 21808
5269 7581 25047
25047 5269 7581
7581 5269 25047
28484 3116 27021
3116 27021 28484
27021 3116 28484
23104 1750 29227
29227 1750 23104
1750 23104 29227
3533 5825 15339
15339 3533 5825
5825 3533 15339
15347 12445 17624
12445 15347 17624
17624 12445 15347
5103 8202 20039
20039 5103 8202
8202 5103 20039
21421 6600 29146
29146 6600 21421
6600 21421 29146
24628 20808 24680
24680 20808 24628
20808 24628 24680
13787 6963 11954
6963 11954 13787
11954 6963 13787
151 7606 29798
7606 151 29798
29798 151 7606
18652 22642 23763
22642 18652 23763
23763 18652 22642
17766 22058 25896
22058 17766 25896
25896 17766 22058
27479 17952 27956
17952 27479 27956
27956 17952 27479
14149 8295 24198
8295 14149 24198
24198 8295 14149
13274 10175 19214
19214 10175 13274
10175 13274 19214
27365 539 26058
539 26058 27365
26058 539 27365
23221 10424 27261
27261 10424 23221
10424 23221 27261
15945 20685 27272
27272 15945 20685
20685 15945 27272
19979 1709 14668
14668 1709 19979
1709 14668 19979
25897 5092 8953
8953 5092 25897
5092 8953 25897
15522 16387 20554
16387 15522 20554
20554 15522 16387
12852 2589 11383
11383 2589 12852
2589 11383 12852
9372 3016 3700
3016 3700 9372
3700 3016 9372
9700 15469 18407
15469 9700 18407
18407 9700 15469
15411 13148 25336
13148 15411 25336
25336 13148 15411
8596 3179 9377
9377 3179 8596
3179 8596 9377
1680 5229 19839
5229 1680 19839
19839 1680 5229
19234 7323 7357
7357 7323 19234
7323 7357 19234
10294 11094 21931
21931 10294 11094
11094 10294 21931
17543 762 17853
17853 762 17543
762 17543 17853
14810 3872 11031
11031 3872 14810
3872 11031 14810
6789 19755 25535
25535 6789 19755
19755 6789 25535
11865 507 3135
3135 507 11865
507 3135 11865
3224 15125 17157
15125 3224 17157
17157 3224 15125
6180 2662 16315
2662 6180 16315
16315 2662 6180
5562 1083 3534
1083 3534 5562
3534 1083 5562
24233 4116 27541
27541 4116 24233
4116 24233 27541
15583 5910 23537
23537 5910 15583
5910 15583 23537
27378 19000 22948
22948 19000 27378
19000 22948 27378
10417 24960 25501
24960 10417 25501
25501 10417 24960
16259 8203 16907
8203 16259 16907
16907 8203 16259
9933 6011 16170
6011 9933 16170
16170 6011 9933
7021 6564 15559
15559 6564 7021
6564 7021 15559
13978 4094 10743
4094 10743 13978
10743 4094 13978
741 8650 29230
8650 741 29230
29230 741 8650
10437 2578 26874
2578 10437 26874
26874 2578 10437
2183 23226 27617
23226 2183 27617
27617 2183 23226
29204 6733 28051
28051 6733 29204
6733 28051 29204
8757 9385 23024
9385 8757 23024
23024 8757 9385
27764 5844 21862
21862 5844 27764
5844 21862 27764
28877 2146 20134
20134 2146 28877
2146 20134 28877
27214 11564 13217
11564 13217 27214
13217 11564 27214
12778 3392 21296
3392 12778 21296
21296 3392 12778
18800 14799 24690
24690 14799 18800
14799 18800 24690
19997 5241 15436
5241 15436 19997
15436 5241 19997
1258 2656 4533
4533 1258 2656
2656 1258 4533
3266 14473 23012
14473 3266 23012
23012 3266 14473
876 2464 14639
14639 876 2464
2464 876 14639
20283 1509 19496
1509 19496 20283
19496 1509 20283
15295 16107 24938
16107 15295 24938
24938 15295 16107
10678 11021 27580
27580 10678 11021
11021 10678 27580
21493 806 28510
28510 806 21493
806 21493 28510
24133 15059 23434
15059 23434 24133
23434 15059 24133
28564 15606 18489
15606 18489 28564
18489 15606 28564
14916 2094 9013
2094 9013 14916
9013 2094 14916
234 9782 20160
20160 234 9782
9782 234 20160
1977 11958 20704
11958 1977 20704
20704 1977 11958
14166 4072 26526
4072 14166 26526
26526 4072 14166
27609 17423 24531
17423 24531 27609
24531 17423 27609
21347 12385 24819
12385 21347 24819
24819 12385 21347
14244 10905 22358
22358 10905 14244
10905 14244 22358
7256 3584 6881
6881 3584 7256
3584 6881 7256
23827 2573 3209
3209 2573 23827
2573 3209 23827
22751 3988 26557
3988 22751 26557
26557 3988 22751
15132 12950 26047
12950 15132 26047
26047 12950 15132
5290 15035 20064
15035 5290 20064
20064 5290 15035
28216 1436 18092
18092 1436 28216
1436 18092 28216
22132 1652 14522
1652 14522 22132
14522 1652 22132
14672 14271 15014
14271 14672 15014
15014 14271 14672
8959 4744 8106
4744 8106 8959
8106 4744 8959
29528 4155 25687
25687 4155 29528
4155 25687 29528
28046 21584 23848
23848 21584 28046
21584 23848 28046
17226 18276 19436
19436 17226 18276
18276 17226 19436
12650 11792 19642
11792 12650 19642
19642 11792 12650
11288 4674 23619
23619 4674 11288
4674 11288 23619
19938 25384 25729
25384 19938 25729
25729 19938 25384
19932 80 28802
80 19932 28802
28802 80 19932
16520 9467 11157
11157 9467 16520
9467 11157 16520
189 26077 29689
29689 189 26077
26077 189 29689
13841 4876 11906
4876 11906 13841
11906 4876 13841
8549 4716 16090
16090 4716 8549
4716 8549 16090
26539 9909 13259
9909 13259 26539
13259 9909 26539
24468 8600 11689
11689 8600 24468
8600 11689 24468
19758 5396 11763
11763 5396 19758
5396 11763 19758
10383 14703 28074
28074 10383 14703
14703 10383 28074
10012 3275 25307
25307 3275 10012
3275 10012 25307
3923 17323 20765
17323 3923 20765
20765 3923 17323
17053 20586 24522
24522 17053 20586
20586 17053 24522
19314 8802 9376
9376 8802 19314
8802 9376 19314
4861 11066 13613
13613 4861 11066
11066 4861 13613
13547 6948 12652
6948 12652 13547
12652 6948 13547
25398 25919 29046
29046 25398 25919
25919 25398 29046
8011 20254 22555
22555 8011 20254
20254 8011 22555
3340 5294 23341
5294 3340 23341
23341 3340 5294
13185 12117 24892
24892 12117 13185
12117 13185 24892
535 3747 27317
3747 535 27317
27317 535 3747
5219 773 21095
21095 773 5219
773 5219 21095
8167 4181 28968
4181 8167 28968
28968 4181 8167
29297 2291 13007
13007 2291 29297
2291 13007 29297
12670 7515 18140
7515 12670 18140
18140 7515 12670
7458 1293 20847
20847 1293 7458
1293 7458 20847
14067 7819 8052
7819 8052 14067
8052 7819 14067
24650 8230 21570
21570 8230 24650
8230 21570 24650
9236 9570 18643
18643 9236 9570
9570 9236 18643
6578 4061 5927
5927 4061 6578
4061 5927 6578
26939 14230 28426
28426 14230 26939
14230 26939 28426
12170 11699 29007
11699 12170 29007
29007 11699 12170
27037 9716 11544
11544 9716 27037
9716 11544 27037
27461 7756 13939
7756 13939 27461
13939 7756 27461
28579 12849 29924
12849 28579 29924
29924 12849 28579
26231 9750 24940
9750 24940 26231
24940 9750 26231
12684 19125 24384
19125 12684 24384
24384 12684 19125
17816 16455 21023
16455 17816 21023
21023 16455 17816
26316 6426 23372
23372 6426 26316
6426 23372 26316
16703 15005 19620
19620 15005 16703
15005 16703 19620
1118 4806 26291
4806 1118 26291
26291 1118 4806
5674 21785 23452
21785 5674 23452
23452 5674 21785
9610 14000 23251
14000 9610 23251
23251 9610 14000
22492 15270 20884
20884 15270 22492
15270 20884 22492
3185 20335 21139
21139 3185 20335
20335 3185 21139
9114 6411 26120
6411 9114 26120
26120 6411 9114
14885 11790 26367
11790 14885 26367
26367 11790 14885
27142 11223 24554
24554 11223 27142
11223 24554 27142
24921 14543 26306
26306 14543 24921
14543 24921 26306
25249 9903 24445
24445 9903 25249
9903 24445 25249
27526 15223 21866
21866 15223 27526
15223 21866 27526
11378 7351 27983
7351 11378 27983
27983 7351 11378
19798 5503 24220
24220 5503 19798
5503 19798 24220
17277 19076 24670
19076 17277 24670
24670 17277 19076
24675 24885 28064
24885 24675 28064
28064 24675 24885
28092 13687 23074
23074 13687 28092
13687 23074 28092
18479 4089 16692
4089 16692 18479
16692 4089 18479
8766 7249 17236
7249 8766 17236
17236 7249 8766
7178 10515 28781
10515 7178 28781
28781 7178 10515
19883 11443 28669
28669 11443 19883
11443 19883 28669
6132 12823 21837
12823 6132 21837
21837 6132 12823
16043 12335 26250
12335 16043 26250
26250 12335 16043
25972 3992 11268
11268 3992 25972
3992 11268 25972
2355 631 28085
28085 631 2355
631 2355 28085
17862 3999 15675
3999 15675 17862
15675 3999 17862
26560 7675 26343
26343 7675 26560
7675 26343 26560
2329 3892 24477
3892 2329 24477
24477 2329 3892
13355 16080 27953
27953 13355 16080
16080 13355 27953
16981 107 6410
107 6410 16981
6410 107 16981
25771 5619 9295
5619 9295 25771
9295 5619 25771
6219 3598 24113
3598 6219 24113
24113 3598 6219
4483 13293 28066
28066 4483 13293
13293 4483 28066
7643 4506 19034
19034 4506 7643
4506 7643 19034
16630 11846 27844
11846 16630 27844
27844 11846 16630
13963 13802 25209
25209 13802 13963
13802 13963 25209
14110 3882 17100
17100 3882 14110
3882 14110 17100
29474 7349 22008
7349 22008 29474
22008 7349 29474
7371 16135 18436
16135 7371 18436
18436 7371 16135
28367 2425 14559
2425 14559 28367
14559 2425 28367
12709 23856 29264
29264 12709 23856
23856 12709 29264
28455 2229 12526
12526 2229 28455
2229 12526 28455
29595 7547 19030
19030 7547 29595
7547 19030 29595
6306 5033 10462
10462 5033 6306
5033 6306 10462
7857 13290 14080
14080 7857 13290
13290 7857 14080
9590 4728 23029
4728 9590 23029
23029 4728 9590
22901 11716 12168
12168 11716 22901
11716 12168 22901
3254 11598 20918
11598 3254 20918
20918 3254 11598
1785 4665 25080
4665 1785 25080
25080 1785 4665
28748 11862 19511
19511 11862 28748
11862 19511 28748
24400 9153 19861
19861 9153 24400
9153 19861 24400
14509 2717 16623
16623 2717 14509
2717 14509 16623
15094 12587 17926
12587 15094 17926
17926 12587 15094
5145 8115 8559
8115 5145 8559
8559 5145 8115
19576 22519 24813
22519 19576 24813
24813 19576 22519
26956 12715 29657
12715 26956 29657
29657 12715 26956
7626 10849 21478
10849 7626 21478
21478 7626 10849
21062 22660 25020
22660 21062 25020
25020 21062 22660
20577 9457 28871
28871 9457 20577
9457 20577 28871
14862 6603 20874
20874 6603 14862
6603 14862 20874
19760 17099 24418
17099 19760 24418
24418 17099 19760
21729 16980 17818
17818 16980 21729
16980 17818 21729
13942 2903 22120
22120 2903 13942
2903 13942 22120
24179 978 19687
978 19687 24179
19687 978 24179
24377 8782 10223
8782 10223 24377
10223 8782 24377
23734 2006 16277
16277 2006 23734
2006 16277 23734
10003 6317 12426
6317 10003 12426
12426 6317 10003
9710 10935 25305
25305 9710 10935
10935 9710 25305
1271 16365 26461
16365 1271 26461
26461 1271 16365
21241 16710 21525
21525 16710 21241
16710 21241 21525
25493 5737 6756
5737 6756 25493
6756 5737 25493
22533 6155 26876
26876 6155 22533
6155 22533 26876
9926 2981 3018
2981 3018 9926
3018 2981 9926
17798 12069 28271
12069 17798 28271
28271 12069 17798
26221 26857 27213
27213 26221 26857
26857 26221 27213
17777 1928 2569
1928 2569 17777
2569 1928 17777
5227 15493 20514
20514 5227 15493
15493 5227 20514
23958 7300 13823
13823 7300 23958
7300 13823 23958
1825 9708 12051
