54 49 112
49 54 112
112 49 54
172 215 223
215 172 223
223 172 215
132 1 43
43 1 132
1 43 132
102 77 167
167 77 102
77 102 167
14 191 283
191 14 283
283 14 191
198 26 123
26 123 198
123 26 198
119 25 99
99 25 119
25 99 119
131 82 114
82 114 131
114 82 131
211 235 243
235 211 243
243 211 235
275 29 116
29 116 275
116 29 275
147 8 145
145 8 147
8 145 147
40 143 163
163 40 143
143 40 163
268 85 134
134 85 268
85 134 268
24 75 214
214 24 75
75 24 214
276 52 216
216 52 276
52 216 276
229 64 250
64 229 250
250 64 229
20 33 190
190 20 33
33 20 190
3 36 244
244 3 36
36 3 244
242 137 213
213 137 242
137 213 242
120 12 100
100 12 120
12 100 120
284 189 231
189 231 284
231 189 284
281 44 288
288 44 281
44 281 288
300 239 295
295 239 300
239 295 300
197 168 279
168 197 279
279 168 197
73 122 262
122 73 262
262 73 122
41 86 96
86 41 96
96 41 86
139 65 153
153 65 139
65 139 153
271 66 201
201 66 271
66 201 271
23 140 183
183 23 140
140 23 183
51 181 293
181 51 293
293 51 181
72 38 109
38 72 109
109 38 72
285 76 161
161 76 285
76 161 285
176 35 156
156 35 176
35 156 176
87 21 70
70 21 87
21 70 87
158 50 203
203 50 158
50 158 203
254 6 125
125 6 254
6 125 254
150 129 165
129 150 165
165 129 150
101 133 264
133 101 264
264 101 133
227 97 256
97 227 256
256 97 227
199 13 45
45 13 199
13 45 199
154 103 245
103 154 245
245 103 154
186 61 297
61 186 297
297 61 186
260 32 282
32 260 282
282 32 260
126 160 240
240 126 160
160 126 240
251 144 228
144 228 251
228 144 251
92 39 219
219 39 92
39 92 219
117 81 261
261 81 117
81 117 261
280 157 258
157 258 280
258 157 280
236 63 206
63 206 236
206 63 236
53 178 267
267 53 178
178 53 267
69 34 56
34 56 69
56 34 69
110 149 259
149 110 259
259 110 149
277 98 118
98 118 277
118 98 277
237 209 263
209 237 263
263 209 237
290 60 79
60 79 290
79 60 290
88 180 226
226 88 180
180 88 226
95 272 278
272 95 278
278 95 272
57 113 230
113 57 230
230 57 113
15 162 289
289 15 162
162 15 289
93 225 266
266 93 225
225 93 266
287 108 184
184 108 287
108 184 287
217 78 166
166 78 217
78 166 217
257 255 286
255 257 286
286 255 257
59 148 292
148 59 292
292 59 148
30 159 173
159 30 173
173 30 159
164 28 233
233 28 164
28 164 233
130 83 124
124 83 130
83 124 130
151 94 194
94 151 194
194 94 151
265 127 234
234 127 265
127 234 265
128 174 177
177 128 174
174 128 177
248 55 253
253 55 248
55 248 253
179 58 105
58 105 179
105 58 179
115 142 204
204 115 142
142 115 204
175 182 224
224 175 182
182 175 224
270 291 298
298 270 291
291 270 298
27 47 294
294 27 47
47 27 294
296 80 84
80 84 296
84 80 296
104 91 205
91 104 205
205 91 104
274 42 170
170 42 274
42 170 274
169 4 135
4 135 169
135 4 169
188 107 193
107 188 193
193 107 188
46 89 273
273 46 89
89 46 273
90 207 269
269 90 207
207 90 269
200 5 222
5 200 222
222 5 200
17 16 146
146 16 17
16 17 146
221 2 210
2 210 221
210 2 221
195 249 299
299 195 249
249 195 299
155 121 241
121 155 241
241 121 155
136 48 152
48 136 152
152 48 136
212 22 192
192 22 212
22 192 212
19 37 238
37 19 238
238 19 37
202 196 220
220 196 202
196 202 220
10 218 246
218 10 246
246 10 218
232 9 171
171 9 232
9 171 232
208 67 185
185 67 208
67 185 208
31 7 74
7 31 74
74 7 31
71 68 252
68 71 252
252 68 71
62 111 247
111 62 247
247 62 111
18 141 187
141 18 187
187 18 141
106 11 138
138 11 106
11 106 138
