288 160 244
244 160 288
160 244 288
245 23 149
149 23 245
23 149 245
69 184 204
184 69 204
204 69 184
17 33 234
33 17 234
234 17 33
127 57 235
235 57 127
57 127 235
165 86 100
100 86 165
86 100 165
194 38 95
95 38 194
38 95 194
77 117 146
146 77 117
117 77 146
202 161 217
217 161 202
161 202 217
186 260 285
285 186 260
260 186 285
225 53 207
207 53 225
53 207 225
67 5 103
103 5 67
5 67 103
37 114 236
114 37 236
236 37 114
30 226 229
229 30 226
226 30 229
60 107 125
107 60 125
125 60 107
91 105 215
215 91 105
105 91 215
163 70 294
70 163 294
294 70 163
96 201 242
242 96 201
201 96 242
58 162 195
162 58 195
195 58 162
299 180 222
180 222 299
222 180 299
25 159 265
159 25 265
265 25 159
224 120 251
120 224 251
251 120 224
66 187 193
187 66 193
193 66 187
137 238 293
293 137 238
238 137 293
255 6 88
88 6 255
6 88 255
153 158 266
266 153 158
158 153 266
249 97 270
97 249 270
270 97 249
16 166 216
166 16 216
216 16 166
34 29 141
29 34 141
141 29 34
221 46 63
46 63 221
63 46 221
22 73 145
73 22 145
145 22 73
4 39 99
39 4 99
99 4 39
289 84 205
84 205 289
205 84 289
281 87 261
87 261 281
261 87 281
54 101 256
101 54 256
256 54 101
246 19 253
253 19 246
19 246 253
51 131 227
227 51 131
131 51 227
240 10 155
155 10 240
10 155 240
274 139 262
262 139 274
139 262 274
113 27 252
27 113 252
252 27 113
76 75 263
263 75 76
75 76 263
237 21 269
21 237 269
269 21 237
8 11 275
275 8 11
11 8 275
90 62 81
81 62 90
62 81 90
48 126 150
150 48 126
126 48 150
264 79 258
79 258 264
258 79 264
247 182 284
182 247 284
284 182 247
74 111 134
134 74 111
111 74 134
176 93 189
93 176 189
189 93 176
138 26 89
26 89 138
89 26 138
157 209 273
273 157 209
209 157 273
278 228 286
286 228 278
228 278 286
208 80 231
231 80 208
80 208 231
199 55 277
277 55 199
55 199 277
109 41 43
43 41 109
41 43 109
200 61 298
61 200 298
298 61 200
59 7 213
7 59 213
213 7 59
136 35 300
35 136 300
300 35 136
171 2 211
211 2 171
2 171 211
112 71 169
71 112 169
169 71 112
190 196 233
196 190 233
233 190 196
148 83 295
295 83 148
83 148 295
104 276 283
283 104 276
276 104 283
151 20 183
20 151 183
183 20 151
248 92 282
282 92 248
92 248 282
239 64 174
64 174 239
174 64 239
292 133 152
133 152 292
152 133 292
250 132 167
167 132 250
132 167 250
241 243 257
243 241 257
257 241 243
18 50 115
50 18 115
115 18 50
85 13 144
144 13 85
13 85 144
94 45 254
45 94 254
254 45 94
52 42 297
297 42 52
42 52 297
291 68 135
135 68 291
68 135 291
122 56 219
219 56 122
56 122 219
32 3 272
272 3 32
3 32 272
271 123 178
178 123 271
123 178 271
116 168 218
218 116 168
168 116 218
106 24 147
24 106 147
147 24 106
44 223 279
279 44 223
223 44 279
232 124 173
124 173 232
173 124 232
192 121 142
142 121 192
121 142 192
12 40 72
72 12 40
40 12 72
203 9 98
98 9 203
9 98 203
143 128 156
128 143 156
156 128 143
188 214 259
214 188 259
259 188 214
82 129 268
268 82 129
129 82 268
14 49 185
185 14 49
49 14 185
140 212 267
267 140 212
212 140 267
119 36 179
36 119 179
179 36 119
47 28 296
296 28 47
28 47 296
181 170 206
170 181 206
206 170 181
78 15 220
220 15 78
15 78 220
102 172 197
197 102 172
172 102 197
175 130 191
130 175 191
191 130 175
198 118 280
118 198 280
280 118 198
164 1 31
1 31 164
31 1 164
287 65 110
110 65 287
65 110 287
154 108 290
108 154 290
290 108 154
230 177 210
177 210 230
210 177 230
