2308 349 1821
349 1821 2308
1821 349 2308
1578 630 2119
2119 630 1578
630 1578 2119
1527 1907 2660
2660 1527 1907
1907 1527 2660
2378 142 724
142 724 2378
724 142 2378
2327 925 2851
2851 925 2327
925 2327 2851
379 53 2876
53 379 2876
2876 53 379
2089 506 536
536 506 2089
506 536 2089
504 221 2607
221 504 2607
2607 221 504
1711 14 1804
1804 14 1711
14 1711 1804
768 248 564
564 248 768
248 564 768
2442 66 98
66 98 2442
98 66 2442
1116 1223 1520
1520 1116 1223
1223 1116 1520
97 492 1765
1765 97 492
492 97 1765
1430 276 2015
276 1430 2015
2015 276 1430
390 1024 1438
1024 390 1438
1438 390 1024
377 2198 2750
2750 377 2198
2198 377 2750
2023 2059 2814
2814 2023 2059
2059 2023 2814
1713 1426 2256
1426 1713 2256
2256 1426 1713
2379 1984 2323
2323 1984 2379
1984 2323 2379
2176 157 1251
1251 157 2176
157 1251 2176
1051 541 1634
1634 541 1051
541 1051 1634
2010 387 662
662 387 2010
387 662 2010
2543 548 2439
548 2439 2543
2439 548 2543
628 91 195
91 195 628
195 91 628
471 20 535
20 471 535
535 20 471
401 444 1599
444 401 1599
1599 401 444
2590 769 929
769 929 2590
929 769 2590
1275 138 420
138 420 1275
420 138 1275
194 825 2049
825 194 2049
2049 194 825
1685 1074 1692
1074 1685 1692
1692 1074 1685
132 419 1291
419 132 1291
1291 132 419
1981 799 2554
799 1981 2554
2554 799 1981
1345 369 1768
1768 369 1345
369 1345 1768
2301 275 1532
275 1532 2301
1532 275 2301
2564 382 661
382 661 2564
661 382 2564
1421 1282 2900
1282 1421 2900
2900 1282 1421
1771 427 2566
427 1771 2566
2566 427 1771
2622 332 1461
332 1461 2622
1461 332 2622
2487 1243 1987
1987 1243 2487
1243 1987 2487
230 2033 2927
2927 230 2033
2033 230 2927
460 1263 1996
1263 460 1996
1996 460 1263
1264 874 2421
874 1264 2421
2421 874 1264
969 1800 2471
2471 969 1800
1800 969 2471
2935 111 835
111 835 2935
835 111 2935
2721 778 902
778 902 2721
902 778 2721
1900 1627 2778
2778 1627 1900
1627 1900 2778
1902 2350 2680
2680 1902 2350
2350 1902 2680
18 1695 2452
1695 18 2452
2452 18 1695
1372 1255 1310
1310 1255 1372
1255 1310 1372
273 299 1382
299 273 1382
1382 273 299
893 1289 1869
1289 893 1869
1869 893 1289
1173 524 2587
524 1173 2587
2587 524 1173
338 727 1456
1456 338 727
727 338 1456
1677 1256 1763
1256 1677 1763
1763 1256 1677
2157 69 1196
1196 69 2157
69 1196 2157
2942 405 1799
1799 405 2942
405 1799 2942
1482 547 1321
1321 547 1482
547 1321 1482
957 1039 2675
1039 957 2675
2675 957 1039
828 1590 1773
1773 828 1590
1590 828 1773
34 2034 2539
2034 34 2539
2539 34 2034
2511 1063 2084
2084 1063 2511
1063 2084 2511
2520 1290 2655
1290 2520 2655
2655 1290 2520
593 525 685
685 525 593
525 593 685
753 1460 1997
1997 753 1460
1460 753 1997
1346 936 2056
2056 936 1346
936 1346 2056
316 1102 1299
1102 316 1299
1299 316 1102
2605 1059 1881
1059 1881 2605
1881 1059 2605
1746 1620 2422
1620 1746 2422
2422 1620 1746
2328 240 1639
1639 240 2328
240 1639 2328
1168 2058 2879
2879 1168 2058
2058 1168 2879
2763 116 683
683 116 2763
116 683 2763
1575 1922 2993
2993 1575 1922
1922 1575 2993
2100 318 1302
318 1302 2100
1302 318 2100
2340 1815 2066
1815 2066 2340
2066 1815 2340
2087 345 2550
2550 345 2087
345 2087 2550
1676 1075 2612
2612 1075 1676
1075 1676 2612
461 1060 1528
1060 461 1528
1528 461 1060
1211 2515 2980
2980 1211 2515
2515 1211 2980
1789 1526 2743
1526 1789 2743
2743 1526 1789
1874 239 1606
239 1606 1874
1606 239 1874
2684 646 2529
646 2529 2684
2529 646 2684
483 326 706
326 483 706
706 326 483
1564 913 1912
1912 913 1564
913 1564 1912
732 600 2385
2385 600 732
600 732 2385
1934 1153 1697
1153 1697 1934
1697 1153 1934
2470 232 2391
232 2391 2470
2391 232 2470
2373 1237 2591
2591 1237 2373
1237 2373 2591
1938 573 1954
573 1938 1954
1954 573 1938
551 1390 1775
1775 551 1390
1390 551 1775
172 1478 2163
1478 172 2163
2163 172 1478
968 1576 2368
2368 968 1576
1576 968 2368
1738 269 2334
2334 269 1738
269 1738 2334
2822 771 2266
2266 771 2822
771 2266 2822
1170 323 2714
2714 323 1170
323 1170 2714
1542 451 1893
1893 451 1542
451 1542 1893
2502 720 2312
720 2312 2502
2312 720 2502
921 2193 2888
2193 921 2888
2888 921 2193
2629 961 1002
961 1002 2629
1002 961 2629
2653 1530 2158
2158 1530 2653
1530 2158 2653
2949 439 534
534 439 2949
439 534 2949
2349 872 1371
872 1371 2349
1371 872 2349
750 1485 1546
1546 750 1485
1485 750 1546
533 1070 1726
1070 533 1726
1726 533 1070
2939 2477 2569
2569 2477 2939
2477 2569 2939
2251 650 1924
1924 650 2251
650 1924 2251
252 260 963
260 252 963
963 252 260
1004 175 1976
175 1004 1976
1976 175 1004
850 226 1790
1790 226 850
226 850 1790
367 2445 2685
2685 367 2445
2445 367 2685
1947 169 743
743 169 1947
169 743 1947
2390 171 2290
171 2290 2390
2290 171 2390
1408 205 2307
2307 205 1408
205 1408 2307
1068 1683 2293
1683 1068 2293
2293 1068 1683
2631 619 1730
619 1730 2631
1730 619 2631
728 202 352
202 352 728
352 202 728
2448 1144 2883
1144 2448 2883
2883 1144 2448
335 33 752
33 335 752
752 33 335
1761 1884 2846
2846 1761 1884
1884 1761 2846
2544 1684 2223
2223 1684 2544
1684 2223 2544
899 1265 1968
1968 899 1265
1265 899 1968
1026 188 2647
188 1026 2647
2647 188 1026
819 329 1736
329 819 1736
1736 329 819
2173 2643 2697
2697 2173 2643
2643 2173 2697
779 15 1933
1933 15 779
15 779 1933
1617 220 2737
220 1617 2737
2737 220 1617
272 1917 2988
2988 272 1917
1917 272 2988
1660 1006 2091
1006 1660 2091
2091 1006 1660
2809 86 2162
86 2162 2809
2162 86 2809
1543 1629 2355
1629 1543 2355
2355 1543 1629
1194 823 2531
2531 823 1194
823 1194 2531
1250 816 886
886 816 1250
816 886 1250
1813 801 1540
801 1540 1813
1540 801 1813
2154 1937 2901
2901 1937 2154
1937 2154 2901
1112 317 2244
317 1112 2244
2244 317 1112
327 2187 2505
2505 327 2187
2187 327 2505
2928 2546 2741
2741 2546 2928
2546 2741 2928
2435 183 1334
1334 183 2435
183 1334 2435
2451 1393 1927
1393 1927 2451
1927 1393 2451
612 402 704
704 402 612
402 612 704
328 187 2183
187 328 2183
2183 187 328
99 587 2078
2078 99 587
587 99 2078
2447 648 830
648 830 2447
830 648 2447
1273 322 2363
322 1273 2363
2363 322 1273
208 1298 1866
1298 208 1866
1866 208 1298
2581 1029 2062
1029 2062 2581
2062 1029 2581
1636 760 2657
2657 760 1636
760 1636 2657
1109 518 2384
518 1109 2384
2384 518 1109
1394 838 2512
838 1394 2512
2512 838 1394
712 1119 2172
2172 712 1119
1119 712 2172
708 409 831
831 409 708
409 708 831
2444 953 979
979 953 2444
953 979 2444
2628 1010 1661
1661 1010 2628
1010 1661 2628
1035 1505 2574
2574 1035 1505
1505 1035 2574
627 2317 2972
2317 627 2972
2972 627 2317
2877 60 2000
60 2000 2877
2000 60 2877
1652 1641 2353
2353 1641 1652
1641 1652 2353
1899 1786 2494
1786 1899 2494
2494 1786 1899
2277 696 1550
1550 696 2277
696 1550 2277
1849 1027 1351
1351 1027 1849
1027 1351 1849
84 1787 1959
1959 84 1787
1787 84 1959
1640 465 1463
1463 465 1640
465 1463 1640
943 947 1185
1185 943 947
947 943 1185
1871 527 2319
527 1871 2319
2319 527 1871
1939 1094 2850
2850 1094 1939
1094 1939 2850
1252 2558 2592
2592 1252 2558
2558 1252 2592
2392 897 2456
897 2392 2456
2456 897 2392
687 550 2116
2116 550 687
550 687 2116
2497 1525 1873
1873 1525 2497
1525 1873 2497
1065 11 2055
11 1065 2055
2055 11 1065
509 304 331
331 304 509
304 331 509
478 392 2694
2694 392 478
392 478 2694
1936 644 2362
2362 644 1936
644 1936 2362
2358 463 949
949 463 2358
463 949 2358
565 2351 2406
2406 565 2351
2351 565 2406
2994 2665 2998
2998 2665 2994
2665 2994 2998
2698 1391 2924
2924 1391 2698
1391 2698 2924
2788 1190 2238
1190 2238 2788
2238 1190 2788
1892 2480 2976
2976 1892 2480
2480 1892 2976
285 168 211
168 211 285
211 168 285
113 1618 2786
1618 113 2786
2786 113 1618
1769 1245 2443
2443 1245 1769
1245 1769 2443
1788 384 780
384 780 1788
780 384 1788
2389 179 859
179 859 2389
859 179 2389
77 1081 2692
2692 77 1081
1081 77 2692
856 1961 2433
2433 856 1961
1961 856 2433
2322 216 1750
216 1750 2322
1750 216 2322
1860 453 2125
453 1860 2125
2125 453 1860
479 1725 2037
2037 479 1725
1725 479 2037
2455 347 1739
1739 347 2455
347 1739 2455
1347 876 2654
2654 876 1347
876 1347 2654
2112 259 2258
259 2112 2258
2258 259 2112
237 196 1435
1435 196 237
196 237 1435
2690 311 1529
1529 311 2690
311 1529 2690
197 933 2713
2713 197 933
933 197 2713
2236 2170 2473
2170 2236 2473
2473 2170 2236
2021 642 1284
1284 642 2021
642 1284 2021
1413 1239 2371
2371 1239 1413
1239 1413 2371
407 607 2610
2610 407 607
607 407 2610
710 58 1341
58 710 1341
1341 58 710
449 1267 2335
2335 449 1267
1267 449 2335
1015 608 2540
2540 608 1015
608 1015 2540
366 917 1253
917 366 1253
1253 366 917
2375 1406 2545
1406 2375 2545
2545 1406 2375
2802 1891 1930
1930 1891 2802
1891 1930 2802
1368 896 1162
896 1162 1368
1162 896 1368
738 617 1038
1038 617 738
617 738 1038
1005 935 1159
935 1005 1159
1159 935 1005
236 2526 2754
2526 236 2754
2754 236 2526
2985 1808 1855
1855 1808 2985
1808 1855 2985
1209 1375 2253
2253 1209 1375
1375 1209 2253
863 885 2136
2136 863 885
885 863 2136
1057 1233 2075
2075 1057 1233
1233 1057 2075
1817 192 1355
192 1355 1817
1355 192 1817
636 1931 2144
2144 636 1931
1931 636 2144
1493 482 1972
482 1493 1972
1972 482 1493
1386 163 2565
163 1386 2565
2565 163 1386
2304 2594 2884
2594 2304 2884
2884 2304 2594
920 905 1778
905 920 1778
1778 905 920
578 2332 2579
2332 578 2579
2579 578 2332
2407 1240 2369
1240 2369 2407
2369 1240 2407
1879 294 1454
1454 294 1879
294 1454 1879
2860 199 1986
1986 199 2860
199 1986 2860
2133 1579 1649
1579 1649 2133
1649 1579 2133
1607 539 2374
539 1607 2374
2374 539 1607
2623 864 2873
2873 864 2623
864 2623 2873
2761 759 1453
759 1453 2761
1453 759 2761
2538 853 1152
853 1152 2538
1152 853 2538
557 927 932
932 557 927
927 557 932
2052 1160 1402
1160 1402 2052
1402 1160 2052
403 2791 2952
2791 403 2952
2952 403 2791
1760 945 1103
1103 945 1760
945 1103 1760
2404 1993 2113
1993 2113 2404
2113 1993 2404
967 983 1992
1992 967 983
983 967 1992
361 521 1955
521 361 1955
1955 361 521
2871 1158 1890
1158 1890 2871
1890 1158 2871
1602 758 2893
2893 758 1602
758 1602 2893
2825 1734 2279
1734 2279 2825
2279 1734 2825
950 431 679
679 431 950
431 679 950
2260 1556 2839
2839 1556 2260
1556 2260 2839
1113 1613 2309
2309 1113 1613
1613 1113 2309
2892 941 2156
941 2156 2892
2156 941 2892
2321 1994 2259
1994 2259 2321
2259 1994 2321
895 2070 2667
2667 895 2070
2070 895 2667
90 1457 2627
2627 90 1457
1457 90 2627
1668 102 754
754 102 1668
102 754 1668
255 1432 2909
2909 255 1432
1432 255 2909
730 611 744
611 730 744
744 611 730
2946 1183 2166
1183 2166 2946
2166 1183 2946
1444 1509 1577
1577 1444 1509
1509 1444 1577
2889 1535 2263
2263 1535 2889
1535 2263 2889
343 309 733
309 343 733
733 309 343
639 1041 1045
1041 639 1045
1045 639 1041
2226 310 1202
310 1202 2226
1202 310 2226
1491 851 1897
851 1491 1897
1897 851 1491
2560 425 2205
425 2205 2560
2205 425 2560
1841 1033 2602
2602 1033 1841
1033 1841 2602
558 125 556
556 125 558
125 556 558
212 976 1342
976 212 1342
1342 212 976
915 389 2941
2941 389 915
389 915 2941
748 523 2527
2527 523 748
523 748 2527
1301 1908 2383
2383 1301 1908
1908 1301 2383
959 1077 2777
2777 959 1077
1077 959 2777
2367 1687 2826
1687 2367 2826
2826 1687 2367
2097 2666 2975
2975 2097 2666
2666 2097 2975
731 454 1701
454 731 1701
1701 454 731
2491 2274 2310
2310 2274 2491
2274 2310 2491
1785 1054 2314
1054 1785 2314
2314 1054 1785
2651 1016 1784
1016 1784 2651
1784 1016 2651
806 109 295
109 295 806
295 109 806
1364 775 1248
1248 775 1364
775 1248 1364
1793 528 562
528 562 1793
562 528 1793
1859 480 2693
480 1859 2693
2693 480 1859
2827 217 2261
2261 217 2827
217 2261 2827
2347 1878 2859
1878 2347 2859
2859 1878 2347
159 787 1926
1926 159 787
787 159 1926
1764 516 615
516 615 1764
615 516 1764
729 592 1729
1729 592 729
592 729 1729
114 894 1852
894 114 1852
1852 114 894
2257 1803 1848
1848 1803 2257
1803 1848 2257
278 2589 2957
2957 278 2589
2589 278 2957
412 1399 2072
2072 412 1399
1399 412 2072
868 1032 1969
1032 868 1969
1969 868 1032
2664 1583 2974
1583 2664 2974
2974 1583 2664
1496 782 2960
782 1496 2960
2960 782 1496
972 117 1845
1845 117 972
117 972 1845
2185 245 569
245 569 2185
569 245 2185
2562 1819 1944
1944 1819 2562
1819 1944 2562
101 257 1794
1794 101 257
257 101 1794
79 2582 2688
2582 79 2688
2688 79 2582
1559 1313 1724
1313 1559 1724
1724 1313 1559
1381 1151 2981
1151 1381 2981
2981 1151 1381
1586 1327 1422
1422 1327 1586
1327 1422 1586
2963 862 1853
1853 862 2963
862 1853 2963
1837 1657 1880
1880 1657 1837
1657 1837 1880
370 798 2188
2188 370 798
798 370 2188
1807 214 1569
214 1569 1807
1569 214 1807
1373 178 303
178 303 1373
303 178 1373
2250 2001 2276
2001 2250 2276
2276 2001 2250
312 45 1941
1941 45 312
45 312 1941
85 56 1538
1538 56 85
56 85 1538
2286 2095 2885
2095 2286 2885
2885 2095 2286
2017 1058 1270
1270 1058 2017
1058 1270 2017
2525 1547 1935
1935 1547 2525
1547 1935 2525
2522 633 1089
1089 633 2522
633 1089 2522
2519 1462 2725
1462 2519 2725
2725 1462 2519
2306 2399 2583
2399 2306 2583
2583 2306 2399
1465 287 877
877 287 1465
287 877 1465
1960 1471 1656
1656 1471 1960
1471 1656 1960
655 998 2841
998 655 2841
2841 655 998
2762 1031 2446
2446 1031 2762
1031 2446 2762
1084 664 1115
1115 664 1084
664 1084 1115
1995 566 1370
566 1370 1995
1370 566 1995
1009 1042 2747
2747 1009 1042
1042 1009 2747
2311 1749 2702
1749 2311 2702
2702 1749 2311
653 1314 2478
2478 653 1314
1314 653 2478
1887 656 2175
656 1887 2175
2175 656 1887
962 1423 1762
1423 962 1762
1762 962 1423
2673 148 811
148 811 2673
811 148 2673
2785 1204 2768
1204 2768 2785
2768 1204 2785
296 937 996
996 296 937
937 296 996
1998 707 1886
707 1886 1998
1886 707 1998
1192 505 2081
505 1192 2081
2081 505 1192
2780 892 2619
2619 892 2780
892 2619 2780
960 699 2639
2639 699 960
699 960 2639
858 809 1333
809 858 1333
1333 809 858
2951 1072 1419
1072 1419 2951
1419 1072 2951
2468 288 337
337 288 2468
288 337 2468
2955 626 2216
626 2216 2955
2216 626 2955
805 770 1835
1835 770 805
770 805 1835
141 1219 2376
2376 141 1219
1219 141 2376
2036 747 2770
747 2036 2770
2770 747 2036
1816 2424 2441
2424 1816 2441
2441 1816 2424
1481 180 2184
180 1481 2184
2184 180 1481
1350 942 1443
1443 942 1350
942 1350 1443
749 938 2944
938 749 2944
2944 749 938
341 1694 1772
1694 341 1772
1772 341 1694
1217 714 914
714 914 1217
914 714 1217
436 1201 2234
2234 436 1201
1201 436 2234
1844 499 2430
499 1844 2430
2430 499 1844
2283 1589 2534
1589 2283 2534
2534 1589 2283
87 840 2275
840 87 2275
2275 87 840
1366 1147 1757
1757 1147 1366
1147 1366 1757
1472 50 120
120 50 1472
50 120 1472
1106 939 1679
939 1106 1679
1679 939 1106
762 609 2014
2014 609 762
609 762 2014
2712 591 2880
2880 591 2712
591 2712 2880
2668 1720 1774
1720 1774 2668
1774 1720 2668
198 2669 2718
2718 198 2669
2669 198 2718
1673 2142 2792
2142 1673 2792
2792 1673 2142
2614 692 2028
692 2028 2614
2028 692 2614
396 1395 2168
1395 396 2168
2168 396 1395
2987 2219 2254
2254 2219 2987
2219 2254 2987
340 1180 2638
2638 340 1180
1180 340 2638
2425 1894 2732
2732 1894 2425
1894 2425 2732
381 1332 2649
2649 381 1332
1332 381 2649
701 1272 1442
1442 701 1272
1272 701 1442
2658 1199 2079
1199 2079 2658
2079 1199 2658
2356 344 2650
344 2356 2650
2650 344 2356
2092 2837 2919
2919 2092 2837
2837 2092 2919
1154 1213 2584
2584 1154 1213
1213 1154 2584
2398 1092 1708
1708 1092 2398
1092 1708 2398
511 1614 2990
2990 511 1614
1614 511 2990
1836 297 2450
297 1836 2450
2450 297 1836
2499 559 1181
1181 559 2499
559 1181 2499
824 502 1604
1604 502 824
502 824 1604
2186 2365 2576
2365 2186 2576
2576 2186 2365
1707 165 2295
165 1707 2295
2295 165 1707
1921 817 2915
817 1921 2915
2915 817 1921
1049 777 2555
2555 777 1049
777 1049 2555
802 231 2726
2726 231 802
231 802 2726
846 488 540
540 488 846
488 540 846
2120 763 1227
763 1227 2120
1227 763 2120
2719 1150 2105
1150 2105 2719
2105 1150 2719
2854 1325 1427
1325 1427 2854
1427 1325 2854
567 1013 2970
1013 567 2970
2970 567 1013
2710 1172 2830
1172 2710 2830
2830 1172 2710
1030 755 2418
2418 755 1030
755 1030 2418
2812 156 2249
156 2249 2812
2249 156 2812
1389 2498 2723
2723 1389 2498
2498 1389 2723
722 891 956
891 722 956
956 722 891
1050 1511 2793
2793 1050 1511
1511 1050 2793
1099 1257 2454
2454 1099 1257
1257 1099 2454
1792 2326 2449
2449 1792 2326
2326 1792 2449
2717 100 1126
1126 100 2717
100 1126 2717
256 717 1642
717 256 1642
1642 256 717
1171 560 718
718 560 1171
560 718 1171
496 1018 1743
1018 496 1743
1743 496 1018
2819 1167 2642
2642 1167 2819
1167 2642 2819
9 261 870
870 9 261
261 9 870
2221 40 839
839 40 2221
40 839 2221
2401 2031 2634
2031 2401 2634
2634 2031 2401
1073 624 1093
624 1073 1093
1093 624 1073
2967 501 2292
2292 501 2967
501 2292 2967
2482 1669 2329
2329 1669 2482
1669 2329 2482
481 834 849
849 481 834
834 481 849
72 67 2287
67 72 2287
2287 67 72
1388 1488 2501
2501 1388 1488
1488 1388 2501
795 491 2983
2983 491 795
491 795 2983
2431 92 1416
92 1416 2431
1416 92 2431
832 122 2782
2782 122 832
122 832 2782
1228 910 2620
2620 910 1228
910 1228 2620
2547 1357 2167
2167 1357 2547
1357 2167 2547
1621 1737 2152
2152 1621 1737
1737 1621 2152
1782 537 2127
537 1782 2127
2127 537 1782
1846 2552 2670
2670 1846 2552
2552 1846 2670
900 965 2202
2202 900 965
965 900 2202
2600 638 2632
2632 638 2600
638 2600 2632
2463 966 1603
1603 966 2463
966 1603 2463
2796 719 1544
719 1544 2796
1544 719 2796
2759 756 1741
756 1741 2759
1741 756 2759
2045 519 2601
2601 519 2045
519 2045 2601
909 1398 1616
1398 909 1616
1616 909 1398
442 1434 2410
1434 442 2410
2410 442 1434
39 1563 2330
2330 39 1563
1563 39 2330
2104 238 2345
238 2104 2345
2345 238 2104
268 455 1744
455 268 1744
1744 268 455
515 1717 2764
2764 515 1717
1717 515 2764
2270 1076 2521
2521 1076 2270
1076 2270 2521
130 1826 1862
1826 130 1862
1862 130 1826
585 127 715
715 127 585
127 585 715
2130 1507 2920
1507 2130 2920
2920 1507 2130
1988 1622 2265
2265 1622 1988
1622 1988 2265
827 1222 1889
1222 827 1889
1889 827 1222
690 443 621
443 621 690
621 443 690
2948 2102 2364
2102 2364 2948
2364 2102 2948
1238 2281 2485
2485 1238 2281
2281 1238 2485
2135 709 1705
1705 709 2135
709 1705 2135
2285 1247 1857
1247 1857 2285
1857 1247 2285
1043 680 2943
680 1043 2943
2943 680 1043
397 923 2580
2580 397 923
923 397 2580
1361 1951 2337
1951 1361 2337
2337 1361 1951
2561 333 2912
2912 333 2561
333 2561 2912
866 1091 2801
2801 866 1091
1091 866 2801
522 2496 2937
2496 522 2937
2937 522 2496
1141 267 919
919 267 1141
267 919 1141
2810 173 635
635 173 2810
173 635 2810
2588 74 206
74 206 2588
206 74 2588
1877 301 1303
301 1303 1877
1303 301 1877
2645 772 1484
772 1484 2645
1484 772 2645
1858 2344 2408
2344 1858 2408
2408 1858 2344
1174 2007 2232
2007 1174 2232
2232 1174 2007
1138 606 2571
606 1138 2571
2571 606 1138
2969 375 1979
375 1979 2969
1979 375 2969
70 2503 2916
2916 70 2503
2503 70 2916
1117 2706 2794
2794 1117 2706
2706 1117 2794
1909 1601 2282
2282 1601 1909
1601 1909 2282
258 1449 2324
2324 258 1449
1449 258 2324
1320 934 2903
934 1320 2903
2903 934 1320
204 555 2076
2076 204 555
555 204 2076
1367 987 1308
987 1308 1367
1308 987 1367
951 670 2510
670 951 2510
2510 670 951
1066 682 1110
1110 682 1066
682 1066 1110
1230 110 456
456 110 1230
110 456 1230
136 213 2696
213 136 2696
2696 136 213
1292 1008 2640
2640 1008 1292
1008 1292 2640
2300 184 469
184 469 2300
469 184 2300
421 1309 2209
2209 421 1309
1309 421 2209
1163 1843 1952
1843 1163 1952
1952 1163 1843
640 1195 2204
1195 640 2204
2204 640 1195
2595 990 994
994 990 2595
990 994 2595
1276 135 1533
135 1276 1533
1533 135 1276
2182 1392 1715
1715 1392 2182
1392 1715 2182
364 1963 2947
2947 364 1963
1963 364 2947
2428 1609 2388
2388 1609 2428
1609 2388 2428
2026 1215 2108
1215 2026 2108
2108 1215 2026
1983 721 2765
2765 721 1983
721 1983 2765
319 1197 2908
1197 319 2908
2908 319 1197
2989 400 924
400 924 2989
924 400 2989
916 1277 2894
2894 916 1277
1277 916 2894
1653 399 2208
2208 399 1653
399 1653 2208
1458 1052 1633
1633 1052 1458
1052 1458 1633
1619 579 1565
579 1565 1619
1565 579 1619
2740 289 1570
1570 289 2740
289 1570 2740
1733 51 1751
1751 51 1733
51 1733 1751
1336 977 2019
2019 977 1336
977 1336 2019
1466 513 1023
513 1023 1466
1023 513 1466
2472 871 2775
871 2472 2775
2775 871 2472
742 1612 2352
1612 742 2352
2352 742 1612
2361 2069 2207
2207 2069 2361
2069 2207 2361
475 266 1323
1323 266 475
266 475 1323
2011 2030 2727
2727 2011 2030
2030 2011 2727
2227 1048 1722
1048 1722 2227
1722 1048 2227
2068 76 1494
76 1494 2068
1494 76 2068
2278 586 1226
1226 586 2278
586 1226 2278
59 37 210
210 37 59
37 59 210
1752 1632 2060
2060 1632 1752
1632 1752 2060
1137 2341 2621
2341 1137 2621
2621 1137 2341
1723 1428 2159
2159 1428 1723
1428 1723 2159
2728 385 2906
385 2728 2906
2906 385 2728
1548 526 618
618 526 1548
526 618 1548
2029 229 649
649 229 2029
229 649 2029
1674 1510 1631
1631 1510 1674
1510 1631 1674
477 438 1418
1418 438 477
438 477 1418
1842 2160 2514
2160 1842 2514
2514 1842 2160
1545 1114 2999
1114 1545 2999
2999 1114 1545
590 1980 2774
2774 590 1980
1980 590 2774
2752 1791 2489
1791 2489 2752
2489 1791 2752
1780 378 2997
2997 378 1780
378 1780 2997
865 843 889
889 843 865
843 865 889
2500 422 2380
2380 422 2500
422 2380 2500
1131 227 1232
227 1131 1232
1232 227 1131
1531 1335 1888
1335 1531 1888
1888 1335 1531
1918 1047 2074
2074 1047 1918
1047 1918 2074
2336 1728 2637
2637 1728 2336
1728 2336 2637
2613 1412 2415
2415 1412 2613
1412 2415 2613
1420 2073 2255
2255 1420 2073
2073 1420 2255
2475 314 684
684 314 2475
314 684 2475
2117 595 1497
595 1497 2117
1497 595 2117
1973 140 741
140 741 1973
741 140 1973
1875 25 1832
1832 25 1875
25 1832 1875
1417 476 2103
476 1417 2103
2103 476 1417
1754 657 1269
1269 657 1754
657 1269 1754
2964 233 821
821 233 2964
233 821 2964
1623 822 1814
822 1623 1814
1814 822 1623
1156 1514 2808
2808 1156 1514
1514 1156 2808
1104 406 2423
406 1104 2423
2423 406 1104
1337 75 1207
1207 75 1337
75 1207 1337
2878 797 2736
2736 797 2878
797 2736 2878
153 622 2269
622 153 2269
2269 153 622
2252 1587 2044
1587 2044 2252
2044 1587 2252
2773 2096 2824
2096 2773 2824
2824 2096 2773
2273 249 2996
2996 249 2273
249 2273 2996
2495 2663 2682
2682 2495 2663
2663 2495 2682
1854 225 1489
1489 225 1854
225 1489 1854
1208 2192 2462
2462 1208 2192
2192 1208 2462
2914 1304 2436
2436 1304 2914
1304 2436 2914
158 1504 1658
1658 158 1504
1504 158 1658
2246 737 765
765 737 2246
737 765 2246
2155 2131 2934
2131 2155 2934
2934 2131 2155
2041 1274 1403
1274 1403 2041
1403 1274 2041
2009 620 2652
620 2009 2652
2652 620 2009
2644 27 1624
27 1624 2644
1624 27 2644
2493 96 321
321 96 2493
96 321 2493
676 1625 2818
2818 676 1625
1625 676 2818
788 792 1582
792 788 1582
1582 788 792
1971 1670 2151
2151 1670 1971
1670 1971 2151
144 736 1469
736 144 1469
1469 144 736
1001 63 1407
63 1001 1407
1407 63 1001
2542 845 1867
845 1867 2542
1867 845 2542
973 693 2556
693 973 2556
2556 693 973
1285 495 2213
495 1285 2213
2213 495 1285
654 1225 2771
1225 654 2771
2771 654 1225
467 691 1783
1783 467 691
691 467 1783
1271 1206 2882
1206 1271 2882
2882 1206 1271
529 1486 1516
1486 529 1516
1516 529 1486
2874 31 596
31 596 2874
596 31 2874
380 1982 2303
1982 380 2303
2303 380 1982
1387 360 2586
360 1387 2586
2586 360 1387
126 1281 2215
2215 126 1281
1281 126 2215
2476 371 1378
371 1378 2476
1378 371 2476
1476 1838 2110
1838 1476 2110
2110 1476 1838
785 1231 3000
1231 785 3000
3000 785 1231
1467 128 2122
128 1467 2122
2122 128 1467
854 2760 2835
2835 854 2760
2760 854 2835
2484 2148 2758
2758 2148 2484
2148 2484 2758
911 1012 1025
1012 911 1025
1025 911 1012
2513 629 1340
1340 629 2513
629 1340 2513
1436 1287 1753
1287 1436 1753
1753 1287 1436
1663 848 2121
2121 848 1663
848 1663 2121
1244 1064 2923
2923 1064 1244
1064 1244 2923
1193 365 686
365 686 1193
686 365 1193
2840 1675 1777
1675 1777 2840
1777 1675 2840
2134 1003 1101
1101 1003 2134
1003 1101 2134
2 1184 2776
2776 2 1184
1184 2 2776
246 574 1477
574 246 1477
1477 246 574
1515 1906 2196
1906 1515 2196
2196 1515 1906
2897 1904 2481
1904 2481 2897
2481 1904 2897
1756 29 2902
29 1756 2902
2902 29 1756
820 1721 2861
1721 820 2861
2861 820 1721
2950 1490 2769
1490 2769 2950
2769 1490 2950
441 65 2080
65 441 2080
2080 65 441
2405 36 1659
1659 36 2405
36 1659 2405
2940 1962 2911
1962 2911 2940
2911 1962 2940
672 149 1585
1585 149 672
149 672 1585
133 847 2123
847 133 2123
2123 133 847
1324 1149 1709
1709 1149 1324
1149 1324 1709
1943 241 2038
241 1943 2038
2038 241 1943
1369 803 1958
1958 803 1369
803 1369 1958
2200 1118 1592
1118 1592 2200
1592 1118 2200
426 134 888
888 134 426
134 426 888
2984 1200 1915
1200 1915 2984
1915 1200 2984
61 507 1293
1293 61 507
507 61 1293
1834 666 1957
666 1834 1957
1957 666 1834
1475 637 1925
1925 637 1475
637 1475 1925
215 2054 2085
2054 215 2085
2085 215 2054
2090 1745 2823
2823 1745 2090
1745 2090 2823
1584 603 1362
603 1362 1584
1362 603 1584
2247 1840 2161
2161 1840 2247
1840 2161 2247
2197 663 1385
663 1385 2197
1385 663 2197
2709 1495 2541
1495 2541 2709
2541 1495 2709
2524 1146 2971
1146 2524 2971
2971 1146 2524
1551 21 424
21 424 1551
424 21 1551
2608 228 1901
1901 228 2608
228 1901 2608
634 659 2689
659 634 2689
2689 634 659
2536 1136 2852
2852 1136 2536
1136 2536 2852
577 308 2986
2986 308 577
308 577 2986
2396 813 1377
813 1377 2396
1377 813 2396
2046 1259 2528
1259 2046 2528
2528 1259 2046
104 139 393
393 104 139
139 104 393
764 1823 2022
1823 764 2022
2022 764 1823
944 549 1178
1178 549 944
549 944 1178
1555 713 2458
2458 713 1555
713 1555 2458
1437 1205 1596
1205 1437 1596
1596 1205 1437
2437 1655 2195
1655 2195 2437
2195 1655 2437
2486 1261 1353
1261 1353 2486
1353 1261 2486
761 121 2930
121 761 2930
2930 121 761
2109 1129 2922
2922 1129 2109
1129 2109 2922
852 2128 2416
2416 852 2128
2128 852 2416
2772 1294 2705
1294 2705 2772
2705 1294 2772
1097 1781 1929
1781 1097 1929
1929 1097 1781
1566 2057 2716
2716 1566 2057
2057 1566 2716
28 890 1974
890 28 1974
1974 28 890
2720 1464 1512
1512 1464 2720
1464 1512 2720
416 2218 2847
2218 416 2847
2847 416 2218
1637 2551 2834
2834 1637 2551
2551 1637 2834
1330 1440 1487
1440 1330 1487
1487 1330 1440
1079 414 2088
414 1079 2088
2088 414 1079
1654 623 2508
623 1654 2508
2508 623 1654
2530 984 1977
984 1977 2530
1977 984 2530
43 410 2618
2618 43 410
410 43 2618
1521 671 2016
2016 671 1521
671 1521 2016
931 1498 2724
1498 931 2724
2724 931 1498
2348 1061 1747
1747 1061 2348
1061 1747 2348
818 1036 1999
1999 818 1036
1036 818 1999
2995 6 498
6 498 2995
498 6 2995
429 164 745
745 164 429
164 429 745
1518 1236 2656
2656 1236 1518
1236 1518 2656
1630 1638 2457
1638 1630 2457
2457 1630 1638
575 2220 2403
2220 575 2403
2403 575 2220
250 794 2397
2397 250 794
794 250 2397
2194 1221 2734
2734 1221 2194
1221 2194 2734
2414 1978 2082
1978 2082 2414
2082 1978 2414
2635 107 1134
107 1134 2635
1134 107 2635
1 49 1671
49 1 1671
1671 1 49
80 1198 2343
1198 80 2343
2343 80 1198
1700 1470 1508
1470 1508 1700
1508 1470 1700
882 588 2035
2035 588 882
588 882 2035
437 1573 1665
1665 437 1573
1573 437 1665
1410 791 2393
791 1410 2393
2393 791 1410
2225 1608 2813
2813 1608 2225
1608 2225 2813
1220 695 2139
2139 695 1220
695 1220 2139
2938 1635 2585
1635 2585 2938
2585 1635 2938
2063 1562 2962
2962 1562 2063
1562 2063 2962
346 1186 2968
1186 346 2968
2968 346 1186
1882 598 1175
1175 598 1882
598 1175 1882
1506 1568 1923
1923 1506 1568
1568 1506 1923
2896 602 2201
602 2201 2896
2201 602 2896
2815 222 2898
2898 222 2815
222 2815 2898
118 2129 2828
2129 118 2828
2828 118 2129
2891 1662 1991
1991 1662 2891
1662 1991 2891
13 2006 2895
2006 13 2895
2895 13 2006
1040 2905 2925
2905 1040 2925
2925 1040 2905
1224 2138 2465
2138 1224 2465
2465 1224 2138
2507 24 330
330 24 2507
24 330 2507
2745 218 1037
218 1037 2745
1037 218 2745
280 302 2798
2798 280 302
302 280 2798
2413 883 2233
883 2233 2413
2233 883 2413
2523 1719 1825
1719 1825 2523
1825 1719 2523
841 668 2077
2077 668 841
668 841 2077
2848 418 2490
418 2490 2848
2490 418 2848
137 2593 2617
2617 137 2593
2593 137 2617
580 1169 2557
2557 580 1169
1169 580 2557
658 271 2214
271 658 2214
2214 271 658
154 2599 2804
2804 154 2599
2599 154 2804
2025 1164 1742
1742 1164 2025
1164 1742 2025
2633 1415 1856
1856 1415 2633
1415 1856 2633
1689 234 1776
1776 234 1689
234 1689 1776
1229 191 1868
1868 191 1229
191 1229 1868
2961 739 2020
739 2020 2961
2020 739 2961
1411 631 1672
1672 631 1411
631 1411 1672
193 1028 1128
1028 193 1128
1128 193 1028
2235 1191 2067
2067 1191 2235
1191 2067 2235
283 898 1574
898 283 1574
1574 283 898
350 189 2932
189 350 2932
2932 189 350
1811 740 1479
740 1479 1811
1479 740 1811
466 836 2333
836 466 2333
2333 466 836
1124 300 2870
2870 300 1124
300 1124 2870
315 42 2572
2572 42 315
42 315 2572
1499 1727 2002
1727 1499 2002
2002 1499 1727
415 2372 2426
2372 415 2426
2426 415 2372
1280 1519 2004
2004 1280 1519
1519 1280 2004
1492 645 1712
645 1492 1712
1712 645 1492
1140 576 665
665 576 1140
576 665 1140
167 1107 1699
1107 167 1699
1699 167 1107
2753 1916 2190
2190 1916 2753
1916 2190 2753
2606 1468 2636
2636 1468 2606
1468 2606 2636
417 26 2231
26 417 2231
2231 26 417
2609 320 1105
320 1105 2609
1105 320 2609
2630 1591 1876
1876 1591 2630
1591 1876 2630
1985 359 1279
1279 359 1985
359 1279 1985
2027 2140 2800
2800 2027 2140
2140 2027 2800
2178 1452 2681
1452 2178 2681
2681 1452 2178
2394 1338 2228
2228 1338 2394
1338 2228 2394
12 1830 2958
1830 12 2958
2958 12 1830
376 980 1459
980 376 1459
1459 376 980
1718 948 2807
2807 948 1718
948 1718 2807
1044 435 1400
1400 435 1044
435 1044 1400
2842 1203 2532
2532 1203 2842
1203 2532 2842
161 582 878
582 161 878
878 161 582
2563 599 2459
599 2459 2563
2459 599 2563
71 781 1143
1143 71 781
781 71 1143
2005 486 790
486 790 2005
790 486 2005
2165 8 520
520 8 2165
8 520 2165
667 2106 2357
2106 667 2357
2357 667 2106
1326 1019 2294
1019 1326 2294
2294 1019 1326
1681 1288 2169
1288 1681 2169
2169 1288 1681
462 1732 2831
2831 462 1732
1732 462 2831
1120 1795 2262
1795 1120 2262
2262 1120 1795
583 1307 2360
1307 583 2360
2360 583 1307
1643 94 1161
1161 94 1643
94 1161 1643
815 354 1885
354 815 1885
1885 354 815
2474 881 2206
2206 881 2474
881 2206 2474
265 860 2149
2149 265 860
860 265 2149
119 474 1450
1450 119 474
474 119 1450
1405 115 2977
115 1405 2977
2977 115 1405
2548 494 1847
494 1847 2548
1847 494 2548
647 2211 2779
2211 647 2779
2779 647 2211
514 452 2150
452 514 2150
2150 452 514
1358 277 2053
2053 277 1358
277 1358 2053
2751 1758 1829
1829 1758 2751
1758 1829 2751
1448 812 2203
812 1448 2203
2203 812 1448
1473 1384 2438
2438 1384 1473
1384 1473 2438
55 1095 1262
1095 55 1262
1262 55 1095
2179 512 601
601 512 2179
512 601 2179
1567 500 2107
2107 500 1567
500 1567 2107
10 2115 2875
2875 10 2115
2115 10 2875
2114 1647 2305
1647 2114 2305
2305 1647 2114
2296 1078 1234
1078 1234 2296
1234 1078 2296
2890 292 958
958 292 2890
292 958 2890
209 1319 1651
1651 209 1319
1319 209 1651
1305 19 1703
19 1305 1703
1703 19 1305
542 1851 2959
1851 542 2959
2959 542 1851
146 2366 2865
2865 146 2366
2366 146 2865
2806 1451 2799
2799 1451 2806
1451 2799 2806
1864 2805 2820
2820 1864 2805
2805 1864 2820
1861 517 982
982 517 1861
517 982 1861
1000 286 1083
286 1000 1083
1083 286 1000
2869 307 2953
307 2869 2953
2953 307 2869
2686 641 1127
1127 641 2686
641 1127 2686
651 1316 1611
1611 651 1316
1316 651 1611
1480 625 2856
625 1480 2856
2856 625 1480
2516 2440 2803
2440 2516 2803
2803 2440 2516
339 861 2913
861 339 2913
2913 339 861
703 423 989
989 423 703
423 703 989
2662 688 1990
688 1990 2662
1990 688 2662
2868 1682 1801
1682 1801 2868
1801 1682 2868
1610 1212 2460
1212 1610 2460
2460 1212 1610
143 1615 2382
1615 143 2382
2382 143 1615
2145 7 470
470 7 2145
7 470 2145
2050 1429 2230
1429 2050 2230
2230 1429 2050
2603 1549 2386
2386 1549 2603
1549 2386 2603
219 1702 2240
2240 219 1702
1702 219 2240
1067 151 200
200 151 1067
151 200 1067
2417 264 1380
1380 264 2417
264 1380 2417
2098 1379 2956
2956 1379 2098
1379 2098 2956
1748 57 1827
57 1748 1827
1827 57 1748
351 2288 2832
2288 351 2832
2832 351 2288
807 1318 1474
1474 807 1318
1318 807 1474
584 1123 2578
1123 584 2578
2578 584 1123
35 357 1139
1139 35 357
357 35 1139
1365 1945 2268
2268 1365 1945
1945 1365 2268
2210 1913 2615
1913 2210 2615
2615 1913 2210
2153 952 1446
952 1446 2153
1446 952 2153
1953 884 993
993 884 1953
884 993 1953
1802 48 1710
1710 48 1802
48 1710 1802
2137 4 589
589 4 2137
4 589 2137
1034 336 2992
2992 336 1034
336 1034 2992
2729 41 2245
41 2245 2729
2245 41 2729
1950 610 1397
1397 610 1950
610 1397 1950
2224 2229 2646
2229 2224 2646
2646 2224 2229
47 112 503
503 47 112
112 47 503
2795 766 2241
2241 766 2795
766 2241 2795
356 1268 2181
1268 356 2181
2181 356 1268
468 1328 1414
1328 468 1414
1414 468 1328
616 974 1312
974 616 1312
1312 616 974
1344 930 1539
1539 930 1344
930 1344 1539
129 660 1062
1062 129 660
660 129 1062
873 450 2359
2359 450 873
450 873 2359
999 887 922
887 922 999
922 887 999
1948 814 2338
2338 814 1948
814 1948 2338
2853 487 1896
487 1896 2853
1896 487 2853
1359 1296 2083
2083 1296 1359
1296 1359 2083
2099 368 1177
1177 368 2099
368 1177 2099
2132 681 1698
1698 681 2132
681 1698 2132
2789 291 2917
2917 291 2789
291 2789 2917
954 1650 1898
1650 954 1898
1898 954 1650
1260 1820 2180
1820 1260 2180
2180 1260 1820
2313 1331 2146
2146 1331 2313
1331 2146 2313
2836 1581 1644
1581 1644 2836
1644 1581 2836
1872 73 912
912 73 1872
73 912 1872
2346 698 1588
698 1588 2346
1588 698 2346
1932 185 2316
185 1932 2316
2316 185 1932
2320 1731 1975
1975 1731 2320
1731 1975 2320
2700 362 1396
362 1396 2700
1396 362 2700
1297 88 395
88 395 1297
395 88 1297
1755 1735 2596
1735 1755 2596
2596 1735 1755
391 253 532
532 253 391
253 391 532
247 1100 1187
1187 247 1100
1100 247 1187
725 1329 2147
2147 725 1329
1329 725 2147
1552 1716 2701
1716 1552 2701
2701 1552 1716
374 677 1179
677 374 1179
1179 374 677
2298 2061 2766
2766 2061 2298
2061 2298 2766
1779 82 2687
2687 82 1779
82 1779 2687
800 1767 2611
1767 800 2611
2611 800 1767
2833 398 408
408 398 2833
398 408 2833
1809 1455 2191
1455 1809 2191
2191 1455 1809
2126 290 1863
290 1863 2126
1863 290 2126
457 1311 1664
1311 457 1664
1664 457 1311
2342 946 1541
946 1541 2342
1541 946 2342
1714 903 2280
2280 903 1714
903 1714 2280
2598 489 2272
2272 489 2598
489 2272 2598
2704 181 334
181 334 2704
334 181 2704
2003 1431 2616
2616 1431 2003
1431 2003 2616
446 1600 2239
1600 446 2239
2239 446 1600
1553 678 2844
2844 678 1553
678 1553 2844
2661 363 1214
363 1214 2661
1214 363 2661
1425 1680 2991
2991 1425 1680
1680 1425 2991
2862 1865 2395
1865 2395 2862
2395 1865 2862
867 776 2553
776 867 2553
2553 776 867
2464 131 543
543 131 2464
131 543 2464
440 2648 2678
2678 440 2648
2648 440 2678
78 145 155
145 78 155
155 78 145
1241 767 1315
1315 767 1241
767 1241 1315
1833 1597 2237
2237 1597 1833
1597 1833 2237
150 2509 2624
2509 150 2624
2624 150 2509
561 614 2979
2979 561 614
614 561 2979
906 1322 1666
1322 906 1666
1666 906 1322
44 95 274
95 44 274
274 44 95
613 1300 1828
1828 613 1300
1300 613 1828
2811 786 1295
786 1295 2811
1295 786 2811
2299 64 2469
2469 64 2299
64 2299 2469
1812 263 2427
263 1812 2427
2427 263 1812
325 2626 2899
2626 325 2899
2899 325 2626
89 2018 2577
2577 89 2018
2018 89 2577
2434 773 2677
2677 773 2434
773 2434 2677
1014 464 1447
464 1014 1447
1447 464 1014
355 1594 2676
1594 355 2676
2676 355 1594
2730 1919 2575
1919 2575 2730
2575 1919 2730
2124 54 928
928 54 2124
54 928 2124
2400 201 530
530 201 2400
201 530 2400
1071 1445 1646
1646 1071 1445
1445 1071 1646
433 1017 2886
2886 433 1017
1017 433 2886
166 279 908
279 166 908
908 166 279
2817 490 1524
1524 490 2817
490 1524 2817
1905 757 904
757 904 1905
904 757 1905
826 383 1441
1441 383 826
383 826 1441
1155 808 1818
1818 808 1155
808 1155 1818
1903 124 2453
2453 124 1903
124 1903 2453
1409 697 1086
1086 697 1409
697 1086 1409
544 857 1090
1090 544 857
857 544 1090
1759 103 1523
1523 103 1759
103 1523 1759
3 700 1278
1278 3 700
700 3 1278
1349 1572 2537
2537 1349 1572
1572 1349 2537
2517 1966 2733
1966 2517 2733
2733 1966 2517
62 746 1142
746 62 1142
1142 62 746
1087 918 1513
918 1087 1513
1513 918 1087
2466 1822 2483
2483 1822 2466
1822 2466 2483
940 472 1055
1055 472 940
472 940 1055
17 386 1870
1870 17 386
386 17 1870
244 448 1910
1910 244 448
448 244 1910
992 177 2289
177 992 2289
2289 177 992
1021 1085 2570
2570 1021 1085
1085 1021 2570
2040 1806 2674
2674 1806 2040
1806 2040 2674
2858 2625 2691
2625 2691 2858
2691 2625 2858
1560 1354 2829
1354 1560 2829
2829 1354 1560
1188 262 2843
2843 262 1188
262 1188 2843
1182 2291 2708
2291 1182 2708
2708 1182 2291
538 413 2387
2387 413 538
413 538 2387
123 484 1356
484 123 1356
1356 123 484
473 970 1108
970 473 1108
1108 473 970
1166 1648 1956
1956 1166 1648
1648 1166 1956
2784 23 2043
23 2043 2784
2043 23 2784
964 404 774
404 774 964
774 404 964
373 1376 2479
1376 373 2479
2479 373 1376
2409 2086 2111
2086 2111 2409
2111 2086 2409
2568 1096 2012
2012 1096 2568
1096 2012 2568
2855 1111 1965
1965 1111 2855
1111 1965 2855
553 298 723
723 298 553
298 553 723
1967 842 1502
842 1502 1967
1502 842 1967
2411 1157 1424
1424 1157 2411
1157 1424 2411
1306 372 1216
372 1216 1306
1216 372 1306
789 1254 1501
1501 789 1254
1254 789 1501
2118 430 2042
2042 430 2118
430 2042 2118
2518 458 485
458 485 2518
485 458 2518
1645 254 2302
2302 254 1645
254 1645 2302
2217 174 2032
2032 174 2217
174 2032 2217
1022 270 2931
270 1022 2931
2931 270 1022
1949 293 2051
293 1949 2051
2051 293 1949
1690 81 2954
2954 81 1690
81 1690 2954
2597 1798 2857
1798 2597 2857
2857 1798 2597
2845 2679 2797
2797 2679 2845
2679 2797 2845
2488 2748 2933
2933 2488 2748
2748 2488 2933
705 1383 2354
1383 705 2354
2354 705 1383
2315 1598 1691
1598 1691 2315
1691 1598 2315
1522 1098 2767
2767 1098 1522
1098 1522 2767
689 1352 2177
2177 689 1352
1352 689 2177
643 162 581
581 162 643
162 581 643
38 224 2711
2711 38 224
224 38 2711
1920 1286 1911
1286 1911 1920
1911 1286 1920
1080 445 1942
445 1080 1942
1942 445 1080
182 459 2297
2297 182 459
459 182 2297
926 552 2735
2735 552 926
552 926 2735
1130 986 995
995 986 1130
986 995 1130
810 1554 1805
1805 810 1554
1554 810 1805
1770 508 1210
508 1210 1770
1210 508 1770
1693 284 1605
284 1605 1693
1605 284 1693
2982 306 1401
1401 306 2982
306 1401 2982
1218 570 2731
2731 570 1218
570 1218 2731
652 342 2339
2339 342 652
342 652 2339
1122 170 985
170 985 1122
985 170 1122
2467 632 2048
2048 632 2467
632 2048 2467
2790 186 1740
186 1740 2790
1740 186 2790
22 223 1503
223 22 1503
1503 22 223
2370 313 2248
313 2248 2370
2248 313 2370
837 1914 2783
2783 837 1914
1914 837 2783
2420 1678 2921
2921 1678 2420
1678 2420 2921
1404 531 1007
1007 531 1404
531 1007 1404
1595 5 2672
2672 5 1595
5 1595 2672
2738 1121 2212
2212 1121 2738
1121 2212 2738
702 1258 2504
2504 702 1258
1258 702 2504
1132 674 2703
2703 674 1132
674 1132 2703
2742 869 1348
869 1348 2742
1348 869 2742
2867 190 2039
2039 190 2867
190 2039 2867
784 305 1964
305 784 1964
1964 305 784
1125 52 434
434 52 1125
52 434 1125
796 251 1706
1706 251 796
251 796 1706
2739 1246 1593
1246 1593 2739
1593 1246 2739
2325 152 2101
152 2101 2325
2101 152 2325
2284 1766 2671
2671 1766 2284
1766 2284 2671
388 694 2432
694 388 2432
2432 388 694
2904 1628 2164
1628 2164 2904
2164 1628 2904
2318 1343 1810
1810 1343 2318
1343 1810 2318
901 203 1517
1517 203 901
203 901 1517
176 281 1989
1989 176 281
281 176 1989
2715 978 1176
1176 978 2715
978 1176 2715
1439 1824 2559
2559 1439 1824
1824 1439 2559
2024 160 1374
1374 160 2024
160 1374 2024
1537 1133 1283
1283 1133 1537
1133 1283 1537
675 554 2171
2171 554 675
554 675 2171
2695 2377 2535
2377 2535 2695
2535 2377 2695
751 16 510
510 16 751
16 510 751
2008 594 1557
1557 594 2008
594 1557 2008
572 147 1704
1704 147 572
147 572 1704
793 1536 2659
1536 793 2659
2659 793 1536
106 1626 1688
1688 106 1626
1626 106 1688
2744 2749 2936
2936 2744 2749
2749 2744 2936
1145 735 988
988 735 1145
735 988 1145
2267 1561 2683
2683 1561 2267
1561 2267 2683
875 1571 2429
2429 875 1571
1571 875 2429
2271 497 2492
497 2271 2492
2492 497 2271
2866 30 493
30 493 2866
493 30 2866
2918 207 1317
1317 207 2918
207 1317 2918
2757 68 1189
68 1189 2757
1189 68 2757
394 242 2755
2755 242 394
242 394 2755
447 783 1020
1020 447 783
783 447 1020
2881 353 2926
353 2881 2926
2926 353 2881
1249 545 2872
2872 545 1249
545 1249 2872
1970 324 2604
324 1970 2604
2604 324 1970
1883 411 991
991 411 1883
411 991 1883
1796 235 2071
235 1796 2071
