2313 712 916
916 712 2313
712 916 2313
215 1293 1840
1840 215 1293
1293 215 1840
1654 1132 2445
1132 1654 2445
2445 1132 1654
312 10 822
10 312 822
822 10 312
875 1412 2539
1412 875 2539
2539 875 1412
2602 648 2609
648 2602 2609
2609 648 2602
847 856 995
856 847 995
995 847 856
1324 821 2976
821 1324 2976
2976 821 1324
2595 2482 2556
2482 2556 2595
2556 2482 2595
411 1351 1747
1747 411 1351
1351 411 1747
2379 1106 2303
2303 1106 2379
1106 2303 2379
1858 676 2369
676 1858 2369
2369 676 1858
2671 861 1974
861 1974 2671
1974 861 2671
2523 597 2107
597 2107 2523
2107 597 2523
2619 453 1251
453 1251 2619
1251 453 2619
1163 1699 2812
2812 1163 1699
1699 1163 2812
1027 1890 2929
2929 1027 1890
1890 1027 2929
1050 834 1308
1308 834 1050
834 1050 1308
1434 255 1448
255 1434 1448
1448 255 1434
514 233 2488
2488 233 514
233 514 2488
2908 1006 2964
1006 2908 2964
2964 1006 2908
2769 100 1558
100 1558 2769
1558 100 2769
1498 595 2471
2471 595 1498
595 1498 2471
2900 2570 2994
2994 2570 2900
2570 2900 2994
800 1107 2830
1107 800 2830
2830 800 1107
2519 1183 2277
1183 2277 2519
2277 1183 2519
2053 1678 2626
1678 2053 2626
2626 1678 2053
1420 1260 1934
1260 1420 1934
1934 1260 1420
918 1597 2973
1597 918 2973
2973 918 1597
1060 191 1584
1584 191 1060
191 1060 1584
2359 17 328
17 328 2359
328 17 2359
1490 1075 2328
2328 1075 1490
1075 1490 2328
2719 279 2821
279 2719 2821
2821 279 2719
506 1863 2889
2889 506 1863
1863 506 2889
2586 749 2455
749 2455 2586
2455 749 2586
635 302 1003
302 635 1003
1003 302 635
1861 955 1666
955 1666 1861
1666 955 1861
1977 1404 1844
1844 1404 1977
1404 1844 1977
2234 651 2835
651 2234 2835
2835 651 2234
2028 14 1752
1752 14 2028
14 1752 2028
1248 277 609
609 277 1248
277 609 1248
737 52 2271
52 737 2271
2271 52 737
1620 1266 2727
2727 1266 1620
1266 1620 2727
664 1046 2089
2089 664 1046
1046 664 2089
2902 1457 1757
1457 1757 2902
1757 1457 2902
263 709 2120
709 263 2120
2120 263 709
753 842 2261
2261 753 842
842 753 2261
1996 1380 1923
1380 1923 1996
1923 1380 1996
1866 288 1073
1073 288 1866
288 1073 1866
1911 155 351
155 351 1911
351 155 1911
93 2306 2749
2749 93 2306
2306 93 2749
941 1514 2880
1514 941 2880
2880 941 1514
2774 2644 2814
2814 2644 2774
2644 2774 2814
1141 1130 2909
2909 1130 1141
1130 1141 2909
523 1137 2007
1137 523 2007
2007 523 1137
2890 375 2100
375 2100 2890
2100 375 2890
467 1505 2873
1505 467 2873
2873 467 1505
1147 2635 2864
2635 1147 2864
2864 1147 2635
2960 449 2270
2270 449 2960
449 2270 2960
1084 535 1309
535 1084 1309
1309 535 1084
1705 131 142
142 131 1705
131 142 1705
266 2192 2352
2192 266 2352
2352 266 2192
2365 684 692
684 692 2365
692 684 2365
2576 1997 2667
2667 1997 2576
1997 2576 2667
1510 1157 1955
1157 1510 1955
1955 1157 1510
2599 1828 1880
1828 1880 2599
1880 1828 2599
85 354 819
354 85 819
819 85 354
410 697 2704
2704 410 697
697 410 2704
927 247 917
917 247 927
247 917 927
2441 165 2123
165 2123 2441
2123 165 2441
1592 296 2213
296 1592 2213
2213 296 1592
1259 870 2388
2388 870 1259
870 1259 2388
2650 1625 2127
1625 2127 2650
2127 1625 2650
1053 1642 2916
2916 1053 1642
1642 1053 2916
869 686 1012
686 869 1012
1012 686 869
906 1186 2974
2974 906 1186
1186 906 2974
57 275 2743
2743 57 275
275 57 2743
1672 1553 2485
1553 1672 2485
2485 1553 1672
2837 1121 1954
1954 1121 2837
1121 1954 2837
1393 2091 2342
2091 1393 2342
2342 1393 2091
1875 267 2463
267 1875 2463
2463 267 1875
472 1874 2253
2253 472 1874
1874 472 2253
1403 176 434
176 434 1403
434 176 1403
2885 199 2580
2580 199 2885
199 2580 2885
2747 542 1641
542 1641 2747
1641 542 2747
1936 521 1831
521 1831 1936
1831 521 1936
1763 579 2824
579 1763 2824
2824 579 1763
769 1222 2117
1222 769 2117
2117 769 1222
604 711 2454
2454 604 711
711 604 2454
643 1297 2432
2432 643 1297
1297 643 2432
2878 748 2314
2314 748 2878
748 2314 2878
744 2194 2903
2194 744 2903
2903 744 2194
337 198 2449
198 337 2449
2449 198 337
366 1588 1627
1588 366 1627
1627 366 1588
1379 1713 2148
1713 1379 2148
2148 1379 1713
1577 2146 2941
2146 1577 2941
2941 1577 2146
577 1852 2442
1852 577 2442
2442 577 1852
1470 1696 2101
2101 1470 1696
1696 1470 2101
136 688 2620
2620 136 688
688 136 2620
910 1214 1598
1598 910 1214
1214 910 1598
67 606 2958
2958 67 606
606 67 2958
1118 500 2550
2550 500 1118
500 1118 2550
1759 1081 1273
1273 1081 1759
1081 1273 1759
807 378 2420
378 807 2420
2420 378 807
1960 1719 2608
1719 1960 2608
2608 1719 1960
1205 836 1636
1636 836 1205
836 1205 1636
178 2492 2963
2492 178 2963
2963 178 2492
953 2310 2616
2310 953 2616
2616 953 2310
2931 2178 2956
2956 2178 2931
2178 2931 2956
326 1042 1529
1042 326 1529
1529 326 1042
36 695 1411
1411 36 695
695 36 1411
710 1019 1261
1019 710 1261
1261 710 1019
259 1185 1306
1185 259 1306
1306 259 1185
1721 35 2403
35 1721 2403
2403 35 1721
313 254 2691
2691 254 313
254 313 2691
828 488 801
488 801 828
801 488 828
2703 1583 1882
1583 1882 2703
1882 1583 2703
2317 1488 2444
2444 1488 2317
1488 2317 2444
2098 1677 2029
1677 2029 2098
2029 1677 2098
1388 1968 2866
1968 1388 2866
2866 1388 1968
2124 477 803
477 803 2124
803 477 2124
1347 1892 2959
1892 1347 2959
2959 1347 1892
546 360 1994
1994 360 546
360 546 1994
44 662 2646
662 44 2646
2646 44 662
1310 2530 2792
2530 1310 2792
2792 1310 2530
1940 991 1551
991 1551 1940
1551 991 1940
264 2034 2571
2034 264 2571
2571 264 2034
2434 787 2006
787 2006 2434
2006 787 2434
1301 931 2746
2746 931 1301
931 1301 2746
2431 1837 1975
1837 1975 2431
1975 1837 2431
1360 1555 2853
2853 1360 1555
1555 1360 2853
464 74 1992
1992 74 464
74 464 1992
1667 386 849
386 849 1667
849 386 1667
175 1395 1570
1570 175 1395
1395 175 1570
195 368 1898
368 195 1898
1898 195 368
1692 1144 1289
1289 1144 1692
1144 1289 1692
2047 43 2997
2997 43 2047
43 2047 2997
1579 25 2014
2014 25 1579
25 1579 2014
2357 1717 2187
1717 2187 2357
2187 1717 2357
2011 1054 2785
2785 1054 2011
1054 2011 2785
2027 405 2469
2469 405 2027
405 2027 2469
2121 361 2179
2179 361 2121
361 2121 2179
1495 1479 2474
1479 1495 2474
2474 1479 1495
2516 1834 1859
1859 1834 2516
1834 1859 2516
560 353 724
724 353 560
353 560 724
2826 742 2569
2569 742 2826
742 2569 2826
2010 207 593
207 593 2010
593 207 2010
2918 2412 2540
2540 2412 2918
2412 2540 2918
87 505 892
892 87 505
505 87 892
883 1314 2324
1314 883 2324
2324 883 1314
990 1133 2506
1133 990 2506
2506 990 1133
2831 212 1614
1614 212 2831
212 1614 2831
2605 94 1895
94 1895 2605
1895 94 2605
414 2289 2592
2592 414 2289
2289 414 2592
2241 1872 2787
1872 2241 2787
2787 1872 2241
1540 959 1605
1605 959 1540
959 1540 1605
2526 524 1089
1089 524 2526
524 1089 2526
1755 671 2962
2962 671 1755
671 1755 2962
73 456 2193
2193 73 456
456 73 2193
2118 1770 1950
1770 1950 2118
1950 1770 2118
193 1342 2032
1342 193 2032
2032 193 1342
2680 554 2451
2451 554 2680
554 2451 2680
2304 229 2733
2733 229 2304
229 2304 2733
99 508 1883
508 99 1883
1883 99 508
329 1021 1219
1021 329 1219
1219 329 1021
1449 1153 1177
1153 1177 1449
1177 1153 1449
2458 124 187
187 124 2458
124 187 2458
2330 143 2230
143 2230 2330
2230 143 2330
270 1624 1780
1624 270 1780
1780 270 1624
2026 134 2970
134 2026 2970
2970 134 2026
2675 915 2080
915 2080 2675
2080 915 2675
703 802 879
802 703 879
879 703 802
1372 2237 2413
2237 1372 2413
2413 1372 2237
2274 1240 2104
1240 2104 2274
2104 1240 2274
1737 843 2564
843 1737 2564
2564 843 1737
2993 699 1315
1315 699 2993
699 1315 2993
1463 2615 2643
2643 1463 2615
2615 1463 2643
308 573 1973
573 308 1973
1973 308 573
1857 1210 1536
1210 1536 1857
1536 1210 1857
1905 2125 2501
2125 1905 2501
2501 1905 2125
1572 2019 2031
2031 1572 2019
2019 1572 2031
2509 1364 2364
2364 1364 2509
1364 2364 2509
1323 1557 2521
1557 1323 2521
2521 1323 1557
2067 1887 2546
1887 2067 2546
2546 1887 2067
2682 436 2478
2478 436 2682
436 2478 2682
485 690 1041
1041 485 690
690 485 1041
1201 755 2470
2470 755 1201
755 1201 2470
1703 133 236
133 236 1703
236 133 1703
1801 2008 2094
2094 1801 2008
2008 1801 2094
1096 285 2886
285 1096 2886
2886 285 1096
2273 655 789
655 789 2273
789 655 2273
392 1236 2228
2228 392 1236
1236 392 2228
1234 1292 2825
2825 1234 1292
1292 1234 2825
2243 228 2585
228 2243 2585
2585 228 2243
1491 125 138
125 138 1491
138 125 1491
520 525 529
525 520 529
529 520 525
2183 848 1812
1812 848 2183
848 1812 2183
726 1392 1836
1836 726 1392
1392 726 1836
1237 461 2334
2334 461 1237
461 1237 2334
2670 1917 2472
1917 2472 2670
2472 1917 2670
2553 576 1775
1775 576 2553
576 1775 2553
1424 582 2211
582 1424 2211
2211 582 1424
2926 911 2977
911 2926 2977
2977 911 2926
107 1134 2823
2823 107 1134
1134 107 2823
507 2649 2752
2752 507 2649
2649 507 2752
706 966 1825
966 706 1825
1825 706 966
2957 713 2945
713 2945 2957
2945 713 2957
2005 804 2568
2568 804 2005
804 2005 2568
1783 1017 1322
1322 1017 1783
1017 1322 1783
197 1329 1674
1674 197 1329
1329 197 1674
1980 816 2043
816 1980 2043
2043 816 1980
1586 150 590
150 590 1586
590 150 1586
1686 18 1559
18 1559 1686
1559 18 1686
342 415 981
981 342 415
415 342 981
2033 418 885
418 885 2033
885 418 2033
2486 510 2122
510 2122 2486
2122 510 2486
2622 486 2895
2895 486 2622
486 2622 2895
1018 387 424
387 424 1018
424 387 1018
1149 741 1562
741 1149 1562
1562 741 1149
2351 1815 2108
1815 2108 2351
2108 1815 2351
1375 862 2832
862 1375 2832
2832 862 1375
2495 890 2298
890 2298 2495
2298 890 2495
2786 286 1390
286 1390 2786
1390 286 2786
896 1591 2855
2855 896 1591
1591 896 2855
1539 1521 1761
1761 1521 1539
1521 1539 1761
2400 12 2346
2346 12 2400
12 2346 2400
2729 2242 2391
2391 2242 2729
2242 2391 2729
101 1471 1511
1471 101 1511
1511 101 1471
1181 1879 2477
2477 1181 1879
1879 1181 2477
1942 1983 2653
2653 1942 1983
1983 1942 2653
2059 2716 2986
2716 2059 2986
2986 2059 2716
2068 1191 1925
1191 1925 2068
1925 1191 2068
1083 1958 2498
1958 1083 2498
2498 1083 1958
778 1059 2186
1059 778 2186
2186 778 1059
2249 15 1067
15 1067 2249
1067 15 2249
823 480 846
846 480 823
480 823 846
271 1216 2525
1216 271 2525
2525 271 1216
876 104 644
104 644 876
644 104 876
2764 347 2035
347 2035 2764
2035 347 2764
1330 283 2461
2461 283 1330
283 1330 2461
71 394 2426
394 71 2426
2426 71 394
2060 13 1746
1746 13 2060
13 1746 2060
2683 1061 2285
1061 2285 2683
2285 1061 2683
1466 369 2301
369 1466 2301
2301 369 1466
2037 2633 2917
2917 2037 2633
2633 2037 2917
2983 132 550
132 550 2983
550 132 2983
2459 161 450
450 161 2459
161 450 2459
148 2185 2629
2629 148 2185
2185 148 2629
2754 526 2829
526 2754 2829
2829 526 2754
1044 1138 1945
1138 1044 1945
1945 1044 1138
2933 141 1368
1368 141 2933
141 1368 2933
474 612 1629
612 474 1629
1629 474 612
2335 144 832
832 144 2335
144 832 2335
1345 1371 1546
1371 1345 1546
1546 1345 1371
305 1111 1930
1930 305 1111
1111 305 1930
293 349 1552
1552 293 349
349 293 1552
2809 383 1870
383 1870 2809
1870 383 2809
1900 1482 2795
1482 1900 2795
2795 1482 1900
1281 567 734
567 734 1281
734 567 1281
314 1525 2517
2517 314 1525
1525 314 2517
1352 1150 2940
2940 1150 1352
1150 1352 2940
810 851 2245
2245 810 851
851 810 2245
441 310 1901
1901 310 441
310 441 1901
729 1877 2397
2397 729 1877
1877 729 2397
1739 363 914
914 363 1739
363 914 1739
451 2175 2828
2828 451 2175
2175 451 2828
583 160 1662
160 583 1662
1662 160 583
2106 2360 2953
2953 2106 2360
2360 2106 2953
482 158 1999
158 482 1999
1999 158 482
773 1814 2547
1814 773 2547
2547 773 1814
1126 256 257
257 256 1126
256 257 1126
970 1990 2448
2448 970 1990
1990 970 2448
882 459 2160
2160 459 882
459 882 2160
2581 54 988
54 988 2581
988 54 2581
2000 732 2493
732 2000 2493
2493 732 2000
2722 2070 2147
2147 2070 2722
2070 2147 2722
1264 1165 2462
2462 1165 1264
1165 1264 2462
1095 2738 2815
2815 1095 2738
2738 1095 2815
1885 407 1280
1280 407 1885
407 1280 1885
854 204 685
204 685 854
685 204 854
2174 1684 2758
1684 2174 2758
2758 1684 2174
2255 519 1697
1697 519 2255
519 1697 2255
2561 1693 2385
1693 2385 2561
2385 1693 2561
2191 616 1461
616 1461 2191
1461 616 2191
184 20 2999
20 184 2999
2999 20 184
2794 835 1893
1893 835 2794
835 1893 2794
2447 2590 2734
2590 2447 2734
2734 2447 2590
781 2215 2946
2946 781 2215
2215 781 2946
574 2082 2761
2761 574 2082
2082 574 2761
1832 1385 1423
1385 1423 1832
1423 1385 1832
1433 1556 2867
2867 1433 1556
1556 1433 2867
1991 331 763
331 763 1991
763 331 1991
1782 137 183
183 137 1782
137 183 1782
584 815 2528
2528 584 815
815 584 2528
2244 602 1437
602 1437 2244
1437 602 2244
2473 1362 1460
1460 1362 2473
1362 1460 2473
1580 2061 2921
2921 1580 2061
2061 1580 2921
1542 1426 1535
1426 1535 1542
1535 1426 1542
122 1735 1976
1735 122 1976
1976 122 1735
1517 2558 2924
2924 1517 2558
2558 1517 2924
2768 636 2349
636 2349 2768
2349 636 2768
1043 860 1791
860 1043 1791
1791 860 1043
2484 1959 2981
1959 2484 2981
2981 1959 2484
42 1469 2156
1469 42 2156
2156 42 1469
2142 657 2637
657 2142 2637
2637 657 2142
77 1397 1515
1515 77 1397
1397 77 1515
564 844 1984
844 564 1984
1984 564 844
2750 493 1589
493 1589 2750
1589 493 2750
2843 139 1188
139 1188 2843
1188 139 2843
167 489 532
532 167 489
489 167 532
1972 1071 1446
1446 1071 1972
1071 1446 1972
230 873 1413
873 230 1413
1413 230 873
2002 903 2839
2839 903 2002
903 2002 2839
793 1744 2563
2563 793 1744
1744 793 2563
1805 880 1016
1016 880 1805
880 1016 1805
53 1760 2654
1760 53 2654
2654 53 1760
190 1777 2604
1777 190 2604
2604 190 1777
2923 1296 2801
2801 1296 2923
1296 2801 2923
1282 2058 2841
2841 1282 2058
2058 1282 2841
1849 838 1671
1671 838 1849
838 1671 1849
2491 1606 2329
2329 1606 2491
1606 2329 2491
1913 1803 2582
2582 1803 1913
1803 1913 2582
973 1227 1804
1804 973 1227
1227 973 1804
1123 494 865
865 494 1123
494 865 1123
2838 216 578
578 216 2838
216 578 2838
1687 1668 2226
2226 1668 1687
1668 1687 2226
1865 2361 2665
2361 1865 2665
2665 1865 2361
396 956 2196
2196 396 956
956 396 2196
728 774 1456
1456 728 774
774 728 1456
180 1497 1764
1497 180 1764
1764 180 1497
265 978 2780
2780 265 978
978 265 2780
1421 921 1077
1077 921 1421
921 1077 1421
2428 2370 2446
2370 2428 2446
2446 2370 2428
1002 1007 1350
1007 1002 1350
1350 1002 1007
2265 83 1394
1394 83 2265
83 1394 2265
2827 1416 1802
1416 1802 2827
1802 1416 2827
813 153 721
153 721 813
721 153 813
534 618 1652
618 534 1652
1652 534 618
2943 1896 2537
2537 1896 2943
1896 2537 2943
1020 1192 1247
1247 1020 1192
1192 1020 1247
666 1573 2713
2713 666 1573
1573 666 2713
412 717 2545
717 412 2545
2545 412 717
1361 1028 1927
1927 1028 1361
1028 1361 1927
1158 1816 1826
1826 1158 1816
1816 1158 1826
2559 40 2607
2607 40 2559
40 2559 2607
518 290 538
290 518 538
538 290 518
2718 272 1088
272 1088 2718
1088 272 2718
983 365 2115
365 983 2115
2115 365 983
1952 433 2822
433 1952 2822
2822 433 1952
1709 2025 2514
2514 1709 2025
2025 1709 2514
1265 442 1941
442 1265 1941
1941 442 1265
2505 1369 1445
1445 1369 2505
1369 1445 2505
2625 1811 1921
1921 1811 2625
1811 1921 2625
954 1161 1916
1161 954 1916
1916 954 1161
2697 1200 2709
1200 2697 2709
2709 1200 2697
976 878 2259
2259 878 976
878 976 2259
2105 765 1256
1256 765 2105
765 1256 2105
2705 340 1171
1171 340 2705
340 1171 2705
1590 483 2910
2910 483 1590
483 1590 2910
2788 641 2111
641 2111 2788
2111 641 2788
2049 808 2144
808 2049 2144
2144 808 2049
2481 321 2759
321 2481 2759
2759 321 2481
2483 2016 2038
2016 2038 2483
2038 2016 2483
1316 1817 2327
2327 1316 1817
1817 1316 2327
1914 1701 2549
1701 1914 2549
2549 1701 1914
32 1250 1754
1250 32 1754
1754 32 1250
1366 607 868
868 607 1366
607 868 1366
1221 930 2848
930 1221 2848
2848 930 1221
1173 1415 2437
1415 1173 2437
2437 1173 1415
89 504 2860
504 89 2860
2860 89 504
1389 497 2280
2280 497 1389
497 1389 2280
654 1458 1568
1568 654 1458
1458 654 1568
1124 206 2996
2996 206 1124
206 1124 2996
213 473 1064
1064 213 473
473 213 1064
1612 1321 1964
1321 1612 1964
1964 1321 1612
2375 222 2939
2939 222 2375
222 2375 2939
1444 767 1317
767 1317 1444
1317 767 1444
1691 2544 2631
2544 1691 2631
2631 1691 2544
771 2220 2465
2220 771 2465
2465 771 2220
2184 1549 2240
1549 2184 2240
2240 1549 2184
613 1483 1543
1483 613 1543
1543 613 1483
2109 2551 2781
2551 2109 2781
2781 2109 2551
46 367 2062
2062 46 367
367 46 2062
2944 841 2858
841 2858 2944
2858 841 2944
1845 1768 1792
1792 1768 1845
1768 1792 1845
2730 1522 2383
2383 1522 2730
1522 2383 2730
344 969 1745
1745 344 969
969 344 1745
2407 887 1569
1569 887 2407
887 1569 2407
66 92 2344
2344 66 92
92 66 2344
1052 1116 2381
2381 1052 1116
1116 1052 2381
2286 429 1030
429 1030 2286
1030 429 2286
548 2401 2965
2965 548 2401
2401 548 2965
96 1206 2548
1206 96 2548
2548 96 1206
2316 432 2086
2086 432 2316
432 2086 2316
1069 698 2460
698 1069 2460
2460 698 1069
581 622 1578
622 581 1578
1578 581 622
1897 1873 2307
2307 1873 1897
1873 1897 2307
1232 1608 2596
2596 1232 1608
1608 1232 2596
1288 446 2354
2354 446 1288
446 1288 2354
674 56 1698
1698 56 674
56 674 1698
2567 1058 2129
2129 1058 2567
1058 2129 2567
2950 2372 2741
2741 2372 2950
2372 2741 2950
997 301 1011
301 997 1011
1011 301 997
306 1753 2748
2748 306 1753
1753 306 2748
2489 782 1038
782 1038 2489
1038 782 2489
562 253 2810
2810 253 562
253 562 2810
2262 274 1715
274 1715 2262
1715 274 2262
640 391 2013
391 640 2013
2013 391 640
2466 499 702
702 499 2466
499 702 2466
1595 735 2494
2494 735 1595
735 1595 2494
2467 831 1908
831 1908 2467
1908 831 2467
853 788 2114
2114 788 853
788 853 2114
1646 899 1593
1593 899 1646
899 1593 1646
1382 897 1432
897 1382 1432
1432 897 1382
91 1190 2041
2041 91 1190
1190 91 2041
1778 2435 2893
2435 1778 2893
2893 1778 2435
1359 733 1076
1076 733 1359
733 1076 1359
324 109 2777
2777 109 324
109 324 2777
929 1926 1979
1926 929 1979
1979 929 1926
2239 1378 2231
2231 1378 2239
1378 2231 2239
1113 628 2200
628 1113 2200
2200 628 1113
730 1600 2557
1600 730 2557
2557 730 1600
2897 97 1339
97 1339 2897
1339 97 2897
1702 1119 2078
2078 1119 1702
1119 1702 2078
2167 1009 1878
1009 1878 2167
1878 1009 2167
2542 427 2739
427 2542 2739
2739 427 2542
292 1065 1931
1931 292 1065
1065 292 1931
1229 151 2135
151 1229 2135
2135 151 1229
2732 3 260
260 3 2732
3 260 2732
1658 1967 1970
1970 1658 1967
1967 1658 1970
2846 855 867
867 855 2846
855 867 2846
2046 940 2079
940 2046 2079
2079 940 2046
1615 294 1544
294 1544 1615
1544 294 1615
192 1806 2701
1806 192 2701
2701 192 1806
1720 388 2219
2219 388 1720
388 1720 2219
1714 325 2587
325 1714 2587
2587 325 1714
2992 1325 1706
1706 1325 2992
1325 1706 2992
2772 1131 2166
2166 1131 2772
1131 2166 2772
565 2411 2464
2464 565 2411
2411 565 2464
555 723 2914
723 555 2914
2914 555 723
2614 1481 1532
1532 1481 2614
1481 1532 2614
920 551 2782
551 920 2782
2782 551 920
1623 1283 2927
2927 1283 1623
1283 1623 2927
2201 1771 2052
1771 2052 2201
2052 1771 2201
41 332 2320
332 41 2320
2320 41 332
1223 39 2955
39 1223 2955
2955 39 1223
2510 678 2394
678 2394 2510
2394 678 2510
323 1643 1688
1643 323 1688
1688 323 1643
2798 1040 1235
1235 1040 2798
1040 1235 2798
1475 30 38
38 30 1475
30 38 1475
470 972 2479
972 470 2479
2479 470 972
1610 8 2692
8 1610 2692
2692 8 1610
1506 1285 1655
1655 1285 1506
1285 1506 1655
2766 211 390
211 390 2766
390 211 2766
631 1480 2015
1480 631 2015
2015 631 1480
1277 1400 2982
1400 1277 2982
2982 1277 1400
942 933 2661
933 942 2661
2661 933 942
495 1298 1947
1298 495 1947
1947 495 1298
2591 594 2387
594 2387 2591
2387 594 2591
1766 127 289
289 127 1766
127 289 1766
172 1647 2150
1647 172 2150
2150 172 1647
596 1091 1932
1091 596 1932
1932 596 1091
2233 1278 2071
2071 1278 2233
1278 2071 2233
1336 1327 2904
1327 1336 2904
2904 1327 1336
850 75 1005
1005 75 850
75 850 1005
478 603 874
874 478 603
603 478 874
2207 1156 1524
1524 1156 2207
1156 1524 2207
1548 1725 2627
2627 1548 1725
1725 1548 2627
2796 784 1439
784 1439 2796
1439 784 2796
335 287 316
316 287 335
287 316 335
2630 58 1418
1418 58 2630
58 1418 2630
243 1748 2979
1748 243 2979
2979 243 1748
1226 968 1743
1743 968 1226
968 1226 1743
1639 2093 2803
2093 1639 2803
2803 1639 2093
1001 376 2991
2991 376 1001
376 1001 2991
985 196 1284
1284 196 985
196 985 1284
2811 1422 2131
2131 1422 2811
1422 2131 2811
1365 341 1353
341 1353 1365
1353 341 1365
650 55 238
238 55 650
55 238 650
2603 1500 2723
1500 2603 2723
2723 1500 2603
715 663 2480
663 715 2480
2480 663 715
1114 317 1508
317 1114 1508
1508 317 1114
1710 214 2017
2017 214 1710
214 1710 2017
993 1504 2416
2416 993 1504
1504 993 2416
1718 112 1243
1243 112 1718
112 1243 1718
768 2589 2632
2589 768 2632
2632 768 2589
2745 166 1129
1129 166 2745
166 1129 2745
2377 303 1868
303 1868 2377
1868 303 2377
2163 2326 2457
2457 2163 2326
2326 2163 2457
146 223 2217
223 146 2217
2217 146 223
1611 2057 2339
2057 1611 2339
2339 1611 2057
1835 1685 2779
1685 1835 2779
2779 1685 1835
400 202 2199
2199 202 400
202 400 2199
912 1037 2844
1037 912 2844
2844 912 1037
291 2128 2762
2762 291 2128
2128 291 2762
2378 1700 2879
1700 2378 2879
2879 1700 2378
513 2218 2771
2771 513 2218
2218 513 2771
118 536 2299
2299 118 536
536 118 2299
1742 837 2863
2863 837 1742
837 1742 2863
1528 2012 2238
2238 1528 2012
2012 1528 2238
385 358 673
673 358 385
358 385 673
668 1125 2044
2044 668 1125
1125 668 2044
608 59 1734
1734 59 608
59 608 1734
2476 950 1740
1740 950 2476
950 1740 2476
785 1523 2862
1523 785 2862
2862 785 1523
47 1094 1099
1099 47 1094
1094 47 1099
252 2162 2802
2162 252 2802
2802 252 2162
2806 27 1884
27 1884 2806
1884 27 2806
2513 701 2783
701 2513 2783
2783 701 2513
2023 637 946
637 946 2023
946 637 2023
320 422 2686
2686 320 422
422 320 2686
1410 961 2096
2096 961 1410
961 1410 2096
1228 1093 2721
2721 1093 1228
1093 1228 2721
1300 373 2081
2081 373 1300
373 1300 2081
208 938 2290
2290 208 938
938 208 2290
2300 806 1197
806 1197 2300
1197 806 2300
2168 760 2039
2039 760 2168
760 2039 2168
2800 110 2807
2807 110 2800
110 2800 2807
809 2332 2543
2332 809 2543
2543 809 2332
1987 1231 1632
1632 1231 1987
1231 1632 1987
2077 1175 1574
1574 1175 2077
1175 1574 2077
2527 281 1953
281 1953 2527
1953 281 2527
2520 1485 2415
2415 1485 2520
1485 2415 2520
1257 705 1824
705 1257 1824
1824 705 1257
1561 752 2884
2884 752 1561
752 1561 2884
909 2134 2842
2842 909 2134
2134 909 2842
1097 1386 2790
2790 1097 1386
1386 1097 2790
1189 220 1103
1103 220 1189
220 1103 1189
430 300 2693
2693 300 430
300 430 2693
894 1894 2642
1894 894 2642
2642 894 1894
2223 126 249
126 249 2223
249 126 2223
1332 1036 1660
1660 1036 1332
1036 1332 1660
1800 7 2819
7 1800 2819
2819 7 1800
2724 1486 2951
2951 1486 2724
1486 2724 2951
971 820 2998
820 971 2998
2998 820 971
799 794 2373
2373 794 799
794 799 2373
2666 902 1587
1587 902 2666
902 1587 2666
2518 1055 2634
1055 2518 2634
2634 1055 2518
1399 219 1619
1619 219 1399
219 1399 1619
679 476 2952
2952 476 679
476 679 2952
2851 278 1492
1492 278 2851
278 1492 2851
1749 185 2677
2677 185 1749
185 1749 2677
1843 1000 2496
2496 1000 1843
1000 1843 2496
1079 350 2145
2145 350 1079
350 1079 2145
558 1242 2164
1242 558 2164
2164 558 1242
1209 660 2694
660 1209 2694
2694 660 1209
2305 1995 2296
2296 1995 2305
1995 2296 2305
544 1484 2340
1484 544 2340
2340 544 1484
235 2294 2689
2294 235 2689
2689 235 2294
1074 420 547
547 420 1074
420 547 1074
1795 1146 1512
1512 1146 1795
1146 1512 1795
743 1080 2399
2399 743 1080
1080 743 2399
2555 827 1013
1013 827 2555
827 1013 2555
1924 103 2990
103 1924 2990
2990 103 1924
2099 1168 2656
1168 2099 2656
2656 1168 2099
1320 37 1946
37 1320 1946
1946 37 1320
858 448 2408
448 858 2408
2408 448 858
1331 881 2681
881 1331 2681
2681 881 1331
795 218 2475
218 795 2475
2475 218 795
471 719 1669
719 471 1669
1669 471 719
1986 624 2698
624 1986 2698
2698 624 1986
1464 393 2302
2302 393 1464
393 1464 2302
402 297 1733
297 402 1733
1733 297 402
1708 540 1635
540 1635 1708
1635 540 1708
152 2227 2541
2227 152 2541
2541 152 2227
1765 2066 2252
2066 1765 2252
2252 1765 2066
2535 1929 2859
1929 2535 2859
2859 1929 2535
1637 776 1871
1871 776 1637
776 1637 1871
1864 311 908
311 908 1864
908 311 1864
2755 33 738
33 738 2755
738 33 2755
339 515 2784
2784 339 515
515 339 2784
1213 479 764
479 764 1213
764 479 1213
1115 1249 3000
1249 1115 3000
3000 1115 1249
1530 1184 2158
1184 1530 2158
2158 1184 1530
2617 2149 2204
2204 2149 2617
2149 2204 2617
2648 569 1176
569 1176 2648
1176 569 2648
707 1328 2282
1328 707 2282
2282 707 1328
395 389 2343
389 395 2343
2343 389 395
140 1951 2225
1951 140 2225
2225 140 1951
2685 992 2337
2337 992 2685
992 2337 2685
1564 244 1567
1567 244 1564
244 1564 1567
751 460 1122
1122 460 751
460 751 1122
2311 404 1381
1381 404 2311
404 1381 2311
1922 588 2961
588 1922 2961
2961 588 1922
2554 2278 2392
2392 2278 2554
2278 2392 2554
614 786 1212
786 614 1212
1212 614 786
435 498 1560
498 435 1560
1560 435 498
114 1841 2687
2687 114 1841
1841 114 2687
413 824 1452
1452 413 824
824 413 1452
2398 1187 1474
1187 1474 2398
1474 1187 2398
145 1014 1462
1014 145 1462
1462 145 1014
683 572 1270
572 683 1270
1270 572 683
617 81 639
639 81 617
81 617 639
1291 2395 2968
2395 1291 2968
2968 1291 2395
438 610 2018
2018 438 610
610 438 2018
51 1057 1738
1738 51 1057
1057 51 1738
1120 512 1387
512 1120 1387
1387 512 1120
1004 1473 2669
1473 1004 2669
2669 1004 1473
111 1716 2778
2778 111 1716
1716 111 2778
1659 731 1604
1604 731 1659
731 1604 1659
487 1949 2321
2321 487 1949
1949 487 2321
2272 2443 2975
2443 2272 2975
2975 2272 2443
1501 935 2907
935 1501 2907
2907 935 1501
1728 1722 2934
2934 1722 1728
1722 1728 2934
1112 108 1935
1935 108 1112
108 1112 1935
1704 1690 1724
1724 1690 1704
1690 1704 1724
2932 2090 2813
2090 2813 2932
2813 2090 2932
2072 239 1798
239 1798 2072
1798 239 2072
2760 431 1198
431 1198 2760
1198 431 2760
232 201 2598
201 232 2598
2598 201 232
2651 1166 1290
1290 1166 2651
1166 1290 2651
1565 295 1104
1104 295 1565
295 1104 1565
1391 1154 1966
1154 1391 1966
1966 1154 1391
334 2366 2876
2366 334 2876
2876 334 2366
262 2925 2969
2925 262 2969
2969 262 2925
1039 1407 2419
2419 1039 1407
1407 1039 2419
1274 1575 1855
1575 1274 1855
1855 1274 1575
2190 116 2355
116 2190 2355
2355 116 2190
248 2153 2793
2153 248 2793
2793 248 2153
246 384 2197
384 246 2197
2197 246 384
79 298 2202
2202 79 298
298 79 2202
2606 1102 2076
1102 2076 2606
2076 1102 2606
2624 1790 2133
2133 1790 2624
1790 2133 2624
1358 356 2911
356 1358 2911
2911 356 1358
2102 1846 2967
1846 2102 2967
2967 1846 2102
994 468 670
468 670 994
670 468 994
2532 1453 1657
1453 1657 2532
1657 1453 2532
2816 2512 2820
2512 2816 2820
2820 2512 2816
419 965 2869
2869 419 965
965 419 2869
553 2275 2696
2275 553 2696
2696 553 2275
2269 1904 2930
2930 1904 2269
1904 2269 2930
280 1033 2647
1033 280 2647
2647 280 1033
797 26 90
90 26 797
26 90 797
1998 1142 1217
1142 1217 1998
1217 1142 1998
2063 1665 2264
2264 1665 2063
1665 2063 2264
2001 1299 1906
1299 1906 2001
1906 1299 2001
2073 864 1533
1533 864 2073
864 1533 2073
1789 377 857
377 857 1789
857 377 1789
543 1769 2050
1769 543 2050
2050 543 1769
72 2319 2594
2594 72 2319
2319 72 2594
1937 5 28
5 28 1937
28 5 1937
1527 48 2414
2414 48 1527
48 1527 2414
1252 2055 2980
2055 1252 2980
2980 1252 2055
893 2189 2260
2260 893 2189
2189 893 2260
63 649 2870
2870 63 649
649 63 2870
2368 626 1948
626 1948 2368
1948 626 2368
2877 1318 2728
2728 1318 2877
1318 2728 2877
1218 2362 2363
2363 1218 2362
2362 1218 2363
1571 1978 2740
1978 1571 2740
2740 1571 1978
1085 736 1622
1622 736 1085
736 1085 1622
923 585 1357
1357 585 923
585 923 1357
2575 1962 2021
2021 1962 2575
1962 2021 2575
1711 1819 2291
2291 1711 1819
1819 1711 2291
900 987 2393
987 900 2393
2393 900 987
2333 944 1276
1276 944 2333
944 1276 2333
416 1148 1781
1781 416 1148
1148 416 1781
962 491 2396
2396 491 962
491 962 2396
531 1888 2565
2565 531 1888
1888 531 2565
2064 1907 2660
1907 2064 2660
2660 1907 2064
1944 1526 2119
1526 1944 2119
2119 1526 1944
2882 746 2905
2905 746 2882
746 2882 2905
1621 372 1047
372 1047 1621
1047 372 1621
561 466 2657
466 561 2657
2657 466 561
1160 237 319
319 237 1160
237 319 1160
2845 913 1255
1255 913 2845
913 1255 2845
516 1207 1788
1207 516 1788
1788 516 1207
2610 242 2503
2503 242 2610
242 2503 2610
1024 1762 2138
2138 1024 1762
1762 1024 2138
1092 65 1436
1436 65 1092
65 1092 1436
1307 601 2847
601 1307 2847
2847 601 1307
718 380 496
380 496 718
496 380 718
1617 1384 2436
2436 1384 1617
1384 1617 2436
2254 1676 2380
2380 1676 2254
1676 2254 2380
925 241 886
241 886 925
886 241 925
907 2112 2331
2112 907 2331
2331 907 2112
2195 68 1341
68 1341 2195
1341 68 2195
129 527 1850
1850 129 527
527 129 1850
455 1029 2338
1029 455 2338
2338 455 1029
1468 634 2004
634 1468 2004
2004 634 1468
2258 171 209
171 209 2258
209 171 2258
1267 330 1425
330 1267 1425
1425 330 1267
49 1851 2874
1851 49 2874
2874 49 1851
1162 1015 2676
1015 1162 2676
2676 1015 1162
1066 1971 2583
1971 1066 2583
2583 1066 1971
779 1784 2852
2852 779 1784
1784 779 2852
2042 352 1062
1062 352 2042
352 1062 2042
1215 863 2406
863 1215 2406
2406 863 1215
901 19 2702
2702 19 901
19 901 2702
756 1613 2673
2673 756 1613
1613 756 2673
502 1773 1963
1773 502 1963
1963 502 1773
1489 2688 2865
2865 1489 2688
2688 1489 2865
1406 2439 2638
2439 1406 2638
2638 1406 2439
2097 936 996
936 996 2097
996 936 2097
1167 102 221
102 221 1167
221 102 1167
1334 2892 2896
2892 1334 2896
2896 1334 2892
937 2083 2182
2182 937 2083
2083 937 2182
509 1032 2468
2468 509 1032
1032 509 2468
273 490 1631
1631 273 490
490 273 1631
2736 980 2030
2030 980 2736
980 2030 2736
975 665 2267
2267 665 975
665 975 2267
556 740 2210
740 556 2210
2210 556 740
2143 2507 2797
2507 2143 2797
2797 2143 2507
1333 545 766
545 766 1333
766 545 1333
397 284 889
889 284 397
284 397 889
1881 1731 1813
1731 1813 1881
1813 1731 1881
62 1596 1661
1661 62 1596
1596 62 1661
2341 11 1920
1920 11 2341
11 1920 2341
926 1860 2235
2235 926 1860
1860 926 2235
465 1602 1634
1602 465 1634
1634 465 1602
2065 792 1220
1220 792 2065
792 1220 2065
2172 592 2641
2641 592 2172
592 2172 2641
1601 517 1031
517 1031 1601
1031 517 1601
60 398 2236
2236 60 398
398 60 2236
401 258 1343
258 401 1343
1343 258 401
2003 2151 2529
2529 2003 2151
2151 2003 2529
440 399 790
790 399 440
399 440 790
1238 974 2978
2978 974 1238
974 1238 2978
234 156 2288
156 234 2288
2288 156 234
1196 29 2036
29 1196 2036
2036 29 1196
2497 169 1939
169 1939 2497
1939 169 2497
2205 149 408
149 408 2205
408 149 2205
2658 1943 2212
1943 2212 2658
2212 1943 2658
619 568 1712
568 619 1712
1712 568 619
2110 226 2834
2834 226 2110
226 2110 2834
45 1349 1566
1349 45 1566
1566 45 1349
1 539 1695
539 1 1695
1695 1 539
345 70 656
656 70 345
70 345 656
811 1644 2075
2075 811 1644
1644 811 2075
1405 1751 2770
2770 1405 1751
1751 1405 2770
1245 630 1891
1891 630 1245
630 1245 1891
2763 1854 1918
1918 1854 2763
1854 1918 2763
615 528 1807
1807 528 615
528 615 1807
2048 757 798
798 757 2048
757 798 2048
1809 747 2707
747 1809 2707
2707 747 1809
364 64 2936
64 364 2936
2936 64 364
1640 1110 2995
1110 1640 2995
2995 1110 1640
315 268 680
680 268 315
268 315 680
1258 1377 2652
2652 1258 1377
1377 1258 2652
1430 689 2423
2423 689 1430
689 1430 2423
428 425 2309
425 428 2309
2309 425 428
1295 982 1793
1793 982 1295
982 1295 1793
2775 1985 2382
1985 2382 2775
2382 1985 2775
1326 1178 1477
1477 1178 1326
1178 1326 1477
2708 1609 2663
1609 2663 2708
2663 1609 2708
2737 1730 1919
1919 1730 2737
1730 1919 2737
1182 2157 2985
2157 1182 2985
2985 1182 2157
210 1370 2588
1370 210 2588
2588 210 1370
951 157 194
157 194 951
194 157 951
182 661 1830
1830 182 661
661 182 1830
481 1408 2502
1408 481 2502
2502 481 1408
845 745 1068
1068 745 845
745 845 1068
2440 128 1772
1772 128 2440
128 1772 2440
1459 687 2600
2600 687 1459
687 1459 2600
2875 700 871
700 871 2875
871 700 2875
1105 362 1513
362 1105 1513
1513 362 1105
2246 2116 2915
2116 2246 2915
2915 2116 2246
2141 924 1427
1427 924 2141
924 1427 2141
533 1194 1467
1194 533 1467
1467 533 1194
2136 625 2409
625 2136 2409
2409 625 2136
1938 2312 2350
2350 1938 2312
2312 1938 2350
2640 2069 2222
2222 2069 2640
2069 2222 2640
1618 475 928
928 475 1618
475 928 1618
333 1233 2664
1233 333 2664
2664 333 1233
1450 1842 2988
1842 1450 2988
2988 1450 1842
2938 217 1989
217 1989 2938
1989 217 2938
2773 168 611
611 168 2773
168 611 2773
1108 80 181
181 80 1108
80 181 1108
1241 652 2384
2384 652 1241
652 1241 2384
203 445 2417
2417 203 445
445 203 2417
299 34 1455
1455 34 299
34 299 1455
658 830 1155
830 658 1155
1155 658 830
1626 1785 2552
1785 1626 2552
2552 1626 1785
1414 2140 2284
2284 1414 2140
2140 1414 2284
952 348 891
891 348 952
348 891 952
2322 1797 2765
1797 2322 2765
2765 1797 2322
2040 379 750
379 750 2040
750 379 2040
1726 1493 2232
1493 1726 2232
2232 1493 1726
761 426 2433
426 761 2433
2433 426 761
2356 1056 2247
1056 2247 2356
2247 1056 2356
147 163 1034
163 147 1034
1034 147 163
1202 1502 1683
1502 1202 1683
1683 1202 1502
1982 898 1519
898 1519 1982
1519 898 1982
1616 225 2949
225 1616 2949
2949 225 1616
2888 117 469
469 117 2888
117 469 2888
1078 484 1856
1856 484 1078
484 1078 1856
704 2281 2836
2836 704 2281
2281 704 2836
88 309 1442
309 88 1442
1442 88 309
1594 2177 2725
2177 1594 2725
2725 1594 2177
1159 2421 2715
2715 1159 2421
2421 1159 2715
2424 780 1758
1758 780 2424
780 1758 2424
374 1576 2450
2450 374 1576
1576 374 2450
2742 948 1673
1673 948 2742
948 1673 2742
1401 1246 1354
1246 1354 1401
1354 1246 1401
2427 1374 2056
2056 1374 2427
1374 2056 2427
1023 22 825
825 22 1023
22 825 1023
2276 1531 1694
1531 1694 2276
1694 1531 2276
2668 796 1518
1518 796 2668
796 1518 2668
1750 696 2659
696 1750 2659
2659 696 1750
1838 1417 2639
2639 1417 1838
1417 1838 2639
2353 1650 2611
2611 1650 2353
1650 2353 2611
979 1319 2987
2987 979 1319
1319 979 2987
2776 95 1821
95 1821 2776
1821 95 2776
2804 1174 1478
1478 1174 2804
1174 1478 2804
949 224 2456
2456 224 949
224 949 2456
957 814 2856
2856 814 957
814 957 2856
1143 307 667
667 307 1143
307 667 1143
462 105 2410
105 462 2410
2410 105 462
829 759 1902
759 829 1902
1902 759 829
24 675 1086
675 24 1086
1086 24 675
2208 1139 1346
1139 1346 2208
1346 1139 2208
1335 98 447
98 447 1335
447 98 1335
1993 240 1363
240 1363 1993
1363 240 1993
2655 1195 1827
1195 1827 2655
1827 1195 2655
2348 754 884
754 884 2348
884 754 2348
1736 1010 2224
1010 1736 2224
2224 1010 1736
818 1419 1664
1664 818 1419
1419 818 1664
967 872 1008
872 967 1008
1008 872 967
343 1225 2954
2954 343 1225
1225 343 2954
1509 2152 2318
2318 1509 2152
2152 1509 2318
2894 115 123
115 123 2894
123 115 2894
2161 1682 2928
1682 2161 2928
2928 1682 2161
423 620 905
905 423 620
620 423 905
121 2268 2672
2268 121 2672
2672 121 2268
1961 454 2593
2593 454 1961
454 1961 2593
599 76 877
76 599 877
877 76 599
188 1211 2374
2374 188 1211
1211 188 2374
1244 2198 2402
2402 1244 2198
2198 1244 2402
1338 457 1087
457 1087 1338
1087 457 1338
2452 1648 2430
2430 1648 2452
1648 2430 2452
2283 1049 2092
2092 1049 2283
1049 2092 2283
1630 1603 2336
2336 1603 1630
1603 1630 2336
2695 932 2203
2203 932 2695
932 2203 2695
1585 1847 2159
1847 1585 2159
2159 1585 1847
2257 563 2251
2251 563 2257
563 2251 2257
964 2358 2504
2358 964 2504
2504 964 2358
716 646 1633
646 716 1633
1633 646 716
164 934 2572
934 164 2572
2572 164 934
1101 2206 2405
2405 1101 2206
2206 1101 2405
2887 2173 2386
2173 2386 2887
2386 2173 2887
1563 722 2613
722 1563 2613
2613 722 1563
2744 694 2347
2347 694 2744
694 2347 2744
2898 186 960
186 960 2898
960 186 2898
2901 322 2429
2429 322 2901
322 2429 2901
1810 1520 2171
1520 1810 2171
2171 1520 1810
2857 1707 1732
1732 1707 2857
1707 1732 2857
1109 162 2731
2731 162 1109
162 1109 2731
2799 758 2767
758 2767 2799
2767 758 2799
82 16 2020
16 82 2020
2020 16 82
1376 282 888
888 282 1376
282 888 1376
205 2891 2984
2984 205 2891
2891 205 2984
1253 2126 2524
2524 1253 2126
2126 1253 2524
866 1653 2684
1653 866 2684
2684 866 1653
2074 1638 2165
1638 2074 2165
2165 1638 2074
629 1313 2579
1313 629 2579
2579 629 1313
1072 2176 2209
2209 1072 2176
2176 1072 2209
2170 251 1447
251 1447 2170
1447 251 2170
1045 1127 1224
1127 1045 1224
1224 1045 1127
2180 31 78
31 78 2180
78 31 2180
2315 549 2849
549 2315 2849
2849 549 2315
1767 61 1337
1337 61 1767
61 1337 1767
2376 381 1933
381 1933 2376
1933 381 2376
2531 173 336
173 336 2531
336 173 2531
1409 2181 2371
2181 1409 2371
2371 1409 2181
1272 357 530
357 530 1272
530 357 1272
2130 672 2500
2500 672 2130
672 2130 2500
1164 727 1048
1048 727 1164
727 1048 1164
598 772 1070
1070 598 772
772 598 1070
503 1311 2948
2948 503 1311
1311 503 2948
1151 443 1928
1928 443 1151
443 1151 1928
2720 1025 1723
1723 1025 2720
1025 1723 2720
762 2293 2706
2706 762 2293
2293 762 2706
1649 2221 2726
2726 1649 2221
2221 1649 2726
2573 1304 1402
1402 1304 2573
1304 1402 2573
2623 382 2574
2574 382 2623
382 2574 2623
250 492 557
492 250 557
557 250 492
1152 739 2266
2266 739 1152
739 1152 2266
6 2051 2805
2805 6 2051
2051 6 2805
1230 720 1818
720 1230 1818
1818 720 1230
1538 1373 1451
1451 1373 1538
1373 1451 1538
359 511 575
511 359 575
575 359 511
1494 2612 2818
2612 1494 2818
2818 1494 2612
1208 1645 2508
2508 1208 1645
1645 1208 2508
2942 2287 2578
2578 2287 2942
2287 2578 2942
2868 1268 1547
1268 1547 2868
1547 1268 2868
421 1286 1465
1465 421 1286
1286 421 1465
1472 1145 1903
1903 1145 1472
1145 1472 1903
2577 458 840
840 458 2577
458 840 2577
1383 463 895
463 895 1383
895 463 1383
1839 2084 2756
2756 1839 2084
2084 1839 2756
1981 2024 2906
2024 1981 2906
2906 1981 2024
725 1302 1776
1302 725 1776
1776 725 1302
2404 1180 2753
1180 2404 2753
2753 1180 2404
559 69 1876
1876 69 559
69 559 1876
2597 2881 2947
2881 2597 2947
2947 2597 2881
2562 922 2216
2216 922 2562
922 2216 2562
2735 1808 1899
1808 1899 2735
1899 1808 2735
1294 791 2009
2009 791 1294
791 1294 2009
770 605 984
984 605 770
605 770 984
1833 159 623
159 623 1833
623 159 1833
1348 1140 1170
1140 1170 1348
1170 1140 1348
999 1969 2560
1969 999 2560
2560 999 1969
1428 1172 1670
1172 1428 1670
1670 1172 1428
2256 1651 2757
1651 2256 2757
2757 1651 2256
119 1796 1988
1988 119 1796
1796 119 1988
2045 958 2808
2808 958 2045
958 2045 2808
682 939 2155
939 682 2155
2155 682 939
2 826 2618
826 2 2618
2618 2 826
1823 904 1367
904 1367 1823
1367 904 1823
2674 1862 2533
1862 2533 2674
2533 1862 2674
1889 154 2710
154 1889 2710
2710 154 1889
2566 113 452
113 452 2566
452 113 2566
919 1269 1581
1581 919 1269
1269 919 1581
2188 189 1829
1829 189 2188
189 1829 2188
1051 1344 1756
1756 1051 1344
1344 1051 1756
852 998 1135
1135 852 998
998 852 1135
1628 106 2919
2919 106 1628
106 1628 2919
2103 537 1681
1681 537 2103
537 1681 2103
231 1100 1454
1454 231 1100
1100 231 1454
2850 1503 2139
1503 2139 2850
2139 1503 2850
1820 1476 2971
2971 1476 1820
1476 1820 2971
2538 1440 2113
2113 1440 2538
1440 2113 2538
276 812 2966
2966 276 812
812 276 2966
2137 245 2912
245 2137 2912
2912 245 2137
1910 645 2662
2662 645 1910
645 1910 2662
627 2248 2534
2534 627 2248
2248 627 2534
621 1680 2678
1680 621 2678
2678 621 1680
1026 444 1022
444 1022 1026
1022 444 1026
2390 50 1794
1794 50 2390
50 1794 2390
1193 1853 2714
1853 1193 2714
2714 1193 1853
2937 552 1303
552 1303 2937
1303 552 2937
1204 571 2250
2250 571 1204
571 1204 2250
1545 1136 1199
1199 1136 1545
1136 1199 1545
1443 2132 2389
2389 1443 2132
2132 1443 2389
591 2279 2297
2297 591 2279
2279 591 2297
1090 417 2095
417 1090 2095
2095 417 1090
1679 681 1869
1869 681 1679
681 1679 1869
1305 1956 2712
2712 1305 1956
1956 1305 2712
2751 338 522
338 522 2751
522 338 2751
659 947 2418
947 659 2418
2418 659 947
945 1689 2490
2490 945 1689
1689 945 2490
977 23 2913
2913 23 977
23 977 2913
817 1779 1867
1779 817 1867
1867 817 1779
370 1582 1822
1822 370 1582
1582 370 1822
2883 677 1787
1787 677 2883
677 1787 2883
177 1279 2087
2087 177 1279
1279 177 2087
227 833 2711
833 227 2711
2711 227 833
406 1398 1607
1398 406 1607
1607 406 1398
1340 409 1554
409 1340 1554
1554 409 1340
135 2214 2861
2214 135 2861
2861 135 2214
2308 647 989
989 647 2308
647 989 2308
2899 580 1128
1128 580 2899
580 1128 2899
2292 566 775
775 566 2292
566 775 2292
2522 2367 2791
2791 2367 2522
2367 2522 2791
1441 1179 1550
1179 1441 1550
1550 1179 1441
2854 327 1912
327 1912 2854
1912 327 2854
2871 86 2920
86 2871 2920
2920 86 2871
1727 1957 2487
2487 1727 1957
1957 1727 2487
1435 587 1799
1799 587 1435
587 1435 1799
2679 437 1786
437 1786 2679
1786 437 2679
9 2700 2717
