99 139 189
189 99 139
139 99 189
34 128 229
229 34 128
128 34 229
48 25 297
25 48 297
297 25 48
252 125 235
125 235 252
235 125 252
49 59 285
59 49 285
285 49 59
83 206 228
228 83 206
206 83 228
286 22 299
299 22 286
22 286 299
196 104 182
182 104 196
104 182 196
269 53 166
166 53 269
53 166 269
44 32 42
32 42 44
42 32 44
127 92 123
123 92 127
92 123 127
249 174 244
244 174 249
174 244 249
12 168 198
168 12 198
198 12 168
3 117 273
117 3 273
273 3 117
110 236 250
236 110 250
250 110 236
101 66 167
66 101 167
167 66 101
106 143 223
143 106 223
223 106 143
13 113 287
287 13 113
113 13 287
107 201 275
201 107 275
275 107 201
6 64 114
114 6 64
64 6 114
72 15 181
15 72 181
181 15 72
218 38 158
158 38 218
38 158 218
146 100 293
293 100 146
100 146 293
164 197 245
197 164 245
245 164 197
5 45 241
45 5 241
241 5 45
280 200 284
284 200 280
200 280 284
278 74 85
74 85 278
85 74 278
156 89 118
118 89 156
89 118 156
272 76 233
76 233 272
233 76 272
163 77 185
77 163 185
185 77 163
61 73 144
73 61 144
144 61 73
47 209 262
262 47 209
209 47 262
226 58 137
137 58 226
58 137 226
283 56 265
56 265 283
265 56 283
289 119 300
119 289 300
300 119 289
179 184 199
199 179 184
184 179 199
135 224 298
298 135 224
224 135 298
82 43 175
43 82 175
175 43 82
183 204 276
276 183 204
204 183 276
54 242 251
242 54 251
251 54 242
69 240 296
296 69 240
240 69 296
155 41 154
41 154 155
154 41 155
169 63 145
63 145 169
145 63 169
105 7 75
7 75 105
75 7 105
70 27 55
27 55 70
55 27 70
221 208 292
208 221 292
292 208 221
191 259 291
291 191 259
259 191 291
217 35 136
136 35 217
35 136 217
173 40 51
40 51 173
51 40 173
65 215 238
238 65 215
215 65 238
8 115 187
187 8 115
115 8 187
87 210 268
268 87 210
210 87 268
50 211 222
222 50 211
211 50 222
122 57 153
153 57 122
57 122 153
39 26 141
141 26 39
26 39 141
111 28 80
28 80 111
80 28 111
16 2 263
263 2 16
2 16 263
294 130 239
130 239 294
239 130 294
37 17 31
17 31 37
31 17 37
19 79 160
79 19 160
160 19 79
24 124 162
124 24 162
162 24 124
219 88 95
95 88 219
88 95 219
23 62 231
231 23 62
62 23 231
84 14 186
186 14 84
14 84 186
172 10 29
10 29 172
29 10 172
149 52 150
52 149 150
150 52 149
68 264 277
264 68 277
277 68 264
258 81 91
91 81 258
81 91 258
212 138 267
267 138 212
138 212 267
148 90 109
109 90 148
90 109 148
126 116 194
194 116 126
116 126 194
33 230 257
257 33 230
230 33 257
205 120 256
256 120 205
120 205 256
161 171 295
295 161 171
171 161 295
213 102 170
102 170 213
170 102 213
20 94 176
94 20 176
176 20 94
159 195 279
279 159 195
195 159 279
108 36 247
247 36 108
36 108 247
46 220 260
220 46 260
260 46 220
93 255 274
274 93 255
255 93 274
157 112 227
227 112 157
112 157 227
188 11 288
11 188 288
288 11 188
147 97 282
97 147 282
282 97 147
18 4 290
4 18 290
290 4 18
266 178 270
270 178 266
178 266 270
193 60 261
261 60 193
60 193 261
232 225 237
225 232 237
237 225 232
271 86 190
190 86 271
86 190 271
151 129 281
129 151 281
281 129 151
152 96 98
98 96 152
96 98 152
248 103 203
203 103 248
103 203 248
121 21 131
131 21 121
21 121 131
9 67 234
234 9 67
67 9 234
142 1 78
1 78 142
78 1 142
132 140 214
214 132 140
140 132 214
207 192 243
243 192 207
192 207 243
133 177 180
180 133 177
177 133 180
134 30 202
202 30 134
30 134 202
254 165 216
165 216 254
216 165 254
246 71 253
71 246 253
253 71 246
