240 15 288
288 15 240
15 240 288
181 2 216
216 2 181
2 181 216
218 91 205
91 205 218
205 91 218
94 82 132
82 94 132
132 82 94
191 242 258
258 191 242
242 191 258
89 7 86
86 7 89
7 86 89
61 18 101
101 18 61
18 61 101
43 59 230
230 43 59
59 43 230
133 3 244
3 133 244
244 3 133
123 155 164
155 123 164
164 123 155
28 195 269
269 28 195
195 28 269
26 29 154
154 26 29
29 26 154
212 166 276
166 212 276
276 166 212
175 38 141
141 38 175
38 141 175
176 9 148
9 148 176
148 9 176
259 209 231
231 209 259
209 231 259
46 106 278
106 46 278
278 46 106
188 57 115
115 57 188
57 115 188
222 109 300
109 222 300
300 109 222
27 96 156
156 27 96
96 27 156
114 226 232
232 114 226
226 114 232
184 74 265
265 74 184
74 184 265
31 23 146
23 31 146
146 23 31
116 58 280
58 116 280
280 58 116
152 80 147
147 80 152
80 147 152
52 72 206
206 52 72
72 52 206
251 84 95
95 84 251
84 95 251
143 4 103
4 103 143
103 4 143
70 129 291
129 70 291
291 70 129
85 24 179
179 24 85
24 85 179
139 54 274
54 139 274
274 54 139
238 41 170
170 41 238
41 170 238
281 138 287
287 138 281
138 281 287
67 8 245
245 8 67
8 67 245
79 19 60
19 60 79
60 19 79
270 194 257
257 194 270
194 257 270
151 112 159
159 112 151
112 151 159
174 5 25
25 5 174
5 25 174
10 135 215
135 10 215
215 10 135
177 44 208
208 44 177
44 177 208
162 117 256
256 117 162
117 162 256
144 21 299
299 21 144
21 144 299
250 30 260
260 30 250
30 250 260
122 108 266
266 108 122
108 122 266
186 69 149
149 69 186
69 149 186
65 163 167
163 65 167
167 65 163
11 48 71
48 11 71
71 11 48
283 201 264
264 201 283
201 264 283
220 62 187
62 187 220
187 62 220
233 20 76
20 76 233
76 20 233
178 12 107
12 107 178
107 12 178
125 64 223
64 125 223
223 64 125
93 192 225
192 93 225
225 93 192
169 189 197
189 169 197
197 169 189
224 98 104
98 104 224
104 98 224
293 190 247
247 190 293
190 247 293
165 34 100
100 34 165
34 100 165
124 56 204
204 56 124
56 124 204
168 88 120
120 88 168
88 120 168
110 47 68
68 47 110
47 68 110
172 32 73
32 73 172
73 32 172
157 45 140
140 45 157
45 140 157
14 78 185
78 14 185
185 14 78
249 81 198
198 81 249
81 198 249
131 210 217
210 131 217
217 131 210
227 261 279
261 227 279
279 227 261
263 50 285
285 50 263
50 263 285
171 214 237
237 171 214
214 171 237
142 111 207
111 142 207
207 111 142
127 160 262
262 127 160
160 127 262
17 39 275
39 17 275
275 17 39
51 200 235
235 51 200
200 51 235
153 6 119
119 6 153
6 119 153
33 294 298
294 33 298
298 33 294
102 173 289
289 102 173
173 102 289
234 42 267
42 234 267
267 42 234
16 272 282
272 16 282
282 16 272
145 97 199
199 97 145
97 145 199
183 118 158
158 118 183
118 158 183
90 134 219
134 90 219
219 90 134
296 55 286
286 55 296
55 286 296
37 13 246
13 37 246
246 13 37
241 113 150
113 150 241
150 113 241
277 126 295
295 126 277
126 277 295
273 211 239
239 211 273
211 239 273
292 236 255
255 236 292
236 255 292
196 83 136
83 136 196
136 83 196
40 248 253
248 40 253
253 40 248
290 130 203
203 130 290
130 203 290
35 1 99
1 35 99
99 1 35
161 77 271
77 161 271
271 77 161
36 75 137
137 36 75
75 36 137
22 254 268
268 22 254
254 22 268
128 63 243
63 128 243
243 63 128
193 49 229
49 193 229
229 49 193
92 213 252
213 92 252
252 92 213
228 105 297
297 105 228
105 228 297
180 53 202
202 53 180
53 180 202
182 121 221
121 182 221
221 121 182
284 66 87
66 87 284
87 66 284
