19952 8306 12120
12120 8306 19952
8306 12120 19952
16334 13889 22658
22658 13889 16334
13889 16334 22658
15210 12458 19855
12458 15210 19855
19855 12458 15210
2522 7682 25136
7682 2522 25136
25136 2522 7682
14000 4123 9538
9538 4123 14000
4123 9538 14000
15350 2005 2924
2924 2005 15350
2005 2924 15350
28022 16076 23165
23165 16076 28022
16076 23165 28022
18066 14096 29435
14096 18066 29435
29435 14096 18066
27412 6692 16701
16701 6692 27412
6692 16701 27412
27061 5092 14880
5092 14880 27061
14880 5092 27061
27554 8017 22284
22284 8017 27554
8017 22284 27554
19361 22912 23162
23162 19361 22912
22912 19361 23162
20608 14777 20505
20505 14777 20608
14777 20505 20608
906 8395 9862
9862 906 8395
8395 906 9862
14484 21840 28343
28343 14484 21840
21840 14484 28343
12037 75 4283
75 4283 12037
4283 75 12037
28423 7255 23329
23329 7255 28423
7255 23329 28423
16423 22822 26761
26761 16423 22822
22822 16423 26761
24778 1062 27992
1062 24778 27992
27992 1062 24778
12865 7240 26701
7240 12865 26701
26701 7240 12865
5353 3216 25338
3216 5353 25338
25338 3216 5353
729 4709 27578
27578 729 4709
4709 729 27578
19173 11932 14986
14986 11932 19173
11932 14986 19173
5330 16809 19199
19199 5330 16809
16809 5330 19199
6405 2977 29807
29807 2977 6405
2977 6405 29807
24516 4664 14144
14144 4664 24516
4664 14144 24516
1282 8069 23283
8069 1282 23283
23283 1282 8069
1763 10416 13033
13033 1763 10416
10416 1763 13033
14121 10115 22095
22095 10115 14121
10115 14121 22095
6530 6003 8867
6003 6530 8867
8867 6003 6530
4941 1229 9913
1229 4941 9913
9913 1229 4941
4508 3574 21580
3574 4508 21580
21580 3574 4508
3518 27584 28064
27584 3518 28064
28064 3518 27584
26057 19509 26113
19509 26057 26113
26113 19509 26057
19787 3329 28524
3329 19787 28524
28524 3329 19787
10671 12698 17893
17893 10671 12698
12698 10671 17893
17826 10497 13758
13758 10497 17826
10497 13758 17826
16542 2791 25648
25648 2791 16542
2791 16542 25648
14603 17146 25911
17146 14603 25911
25911 14603 17146
12487 13920 19056
13920 12487 19056
19056 12487 13920
24185 13744 17924
17924 13744 24185
13744 17924 24185
6045 7358 29059
7358 6045 29059
29059 6045 7358
2101 13845 24423
13845 2101 24423
24423 2101 13845
29037 4310 8545
8545 4310 29037
4310 8545 29037
25371 4190 21947
4190 21947 25371
21947 4190 25371
1815 10526 24923
24923 1815 10526
10526 1815 24923
13712 13165 24671
24671 13165 13712
13165 13712 24671
13013 19731 21424
19731 13013 21424
21424 13013 19731
4765 2485 11234
11234 2485 4765
2485 4765 11234
6332 21814 24204
24204 6332 21814
21814 6332 24204
24908 8887 29179
8887 24908 29179
29179 8887 24908
17784 18918 29541
18918 17784 29541
29541 17784 18918
15992 21678 28357
21678 15992 28357
28357 15992 21678
1520 7810 29948
29948 1520 7810
7810 1520 29948
17343 6957 24749
6957 17343 24749
24749 6957 17343
13797 5716 25257
5716 13797 25257
25257 5716 13797
4815 6559 11820
11820 4815 6559
6559 4815 11820
26317 3220 5300
5300 3220 26317
3220 5300 26317
13709 3652 10017
3652 10017 13709
10017 3652 13709
7581 1721 10458
1721 7581 10458
10458 1721 7581
22193 17582 28804
28804 17582 22193
17582 22193 28804
11156 15352 24801
15352 11156 24801
24801 11156 15352
17735 7838 8911
8911 7838 17735
7838 8911 17735
22872 19034 21627
19034 21627 22872
21627 19034 22872
808 7610 13764
7610 808 13764
13764 808 7610
15660 1446 8778
1446 8778 15660
8778 1446 15660
14733 3243 4085
3243 4085 14733
4085 3243 14733
14948 8835 11420
8835 11420 14948
11420 8835 14948
9135 1383 25914
1383 9135 25914
25914 1383 9135
3019 9827 20676
9827 3019 20676
20676 3019 9827
25313 9707 12649
9707 12649 25313
12649 9707 25313
29042 15481 18390
18390 15481 29042
15481 18390 29042
25203 8709 21669
8709 21669 25203
21669 8709 25203
6541 7002 24353
7002 6541 24353
24353 6541 7002
4908 16298 25087
16298 4908 25087
25087 4908 16298
4859 2740 9993
2740 4859 9993
9993 2740 4859
2154 12655 15734
15734 2154 12655
12655 2154 15734
13423 7415 10254
7415 10254 13423
10254 7415 13423
19005 13747 23569
13747 19005 23569
23569 13747 19005
24695 10971 24696
10971 24695 24696
24696 10971 24695
28710 20067 21361
20067 21361 28710
21361 20067 28710
1384 14262 17597
14262 1384 17597
17597 1384 14262
13127 6714 21719
6714 13127 21719
21719 6714 13127
10948 19646 23601
23601 10948 19646
19646 10948 23601
26017 5474 22445
5474 22445 26017
22445 5474 26017
11908 22236 25868
25868 11908 22236
22236 11908 25868
5504 3120 20496
20496 3120 5504
3120 5504 20496
8314 26173 29544
26173 8314 29544
29544 8314 26173
27732 3801 12670
3801 12670 27732
12670 3801 27732
23868 19035 19394
19035 19394 23868
19394 19035 23868
17879 12933 13526
12933 13526 17879
13526 12933 17879
12301 4145 23319
23319 4145 12301
4145 12301 23319
15703 4360 18737
18737 4360 15703
4360 15703 18737
11348 4591 10914
10914 4591 11348
4591 10914 11348
21002 240 9805
9805 240 21002
240 9805 21002
9518 10244 17591
17591 9518 10244
10244 9518 17591
14196 18609 28576
28576 14196 18609
18609 14196 28576
16074 1863 10850
10850 1863 16074
1863 10850 16074
26826 853 22954
853 22954 26826
22954 853 26826
26321 6583 13209
13209 6583 26321
6583 13209 26321
4488 11200 26779
11200 4488 26779
26779 4488 11200
18343 1990 28897
28897 1990 18343
1990 18343 28897
590 1825 4105
4105 590 1825
1825 590 4105
28117 12763 19618
12763 19618 28117
19618 12763 28117
26913 3509 28559
28559 3509 26913
3509 26913 28559
18553 10131 28589
28589 10131 18553
10131 18553 28589
9028 2446 16927
2446 9028 16927
16927 2446 9028
22835 393 27787
393 22835 27787
27787 393 22835
5263 13393 20262
13393 5263 20262
20262 5263 13393
3704 8577 28278
28278 3704 8577
8577 3704 28278
21322 24156 27680
27680 21322 24156
24156 21322 27680
2045 8137 27284
27284 2045 8137
8137 2045 27284
18320 17145 27541
17145 18320 27541
27541 17145 18320
29557 15364 28761
15364 28761 29557
28761 15364 29557
28316 18059 21083
21083 18059 28316
18059 21083 28316
1878 14562 20901
14562 1878 20901
20901 1878 14562
16183 12885 28201
12885 16183 28201
28201 12885 16183
5135 8931 29211
29211 5135 8931
8931 5135 29211
15254 3861 28169
28169 3861 15254
3861 15254 28169
3166 12522 29096
12522 3166 29096
29096 3166 12522
5004 1178 5799
1178 5004 5799
5799 1178 5004
2912 4955 28388
28388 2912 4955
4955 2912 28388
23944 19870 26867
26867 19870 23944
19870 23944 26867
9129 12781 16557
16557 9129 12781
12781 9129 16557
5250 11100 20139
20139 5250 11100
11100 5250 20139
2556 18021 23780
18021 2556 23780
23780 2556 18021
28639 7896 21690
21690 7896 28639
7896 21690 28639
20271 780 13683
780 13683 20271
13683 780 20271
7005 9771 21073
9771 7005 21073
21073 7005 9771
22467 2781 19580
2781 19580 22467
19580 2781 22467
23672 6086 19695
19695 6086 23672
6086 19695 23672
5997 4705 27947
27947 4705 5997
4705 5997 27947
21313 1042 24309
1042 21313 24309
24309 1042 21313
23290 27728 27817
27817 23290 27728
27728 23290 27817
6836 6747 8378
6747 6836 8378
8378 6747 6836
19790 18096 18599
18096 18599 19790
18599 18096 19790
2369 23466 29600
23466 2369 29600
29600 2369 23466
16652 4934 29599
29599 4934 16652
4934 16652 29599
28056 13990 23388
13990 23388 28056
23388 13990 28056
22403 24383 25719
24383 22403 25719
25719 22403 24383
29424 14581 22652
22652 14581 29424
14581 22652 29424
21061 1196 17944
17944 1196 21061
1196 17944 21061
26967 441 6128
6128 441 26967
441 6128 26967
1698 2590 19354
19354 1698 2590
2590 1698 19354
23821 4039 22907
22907 4039 23821
4039 22907 23821
6448 4060 26971
4060 6448 26971
26971 4060 6448
22288 8130 8627
8130 8627 22288
8627 8130 22288
21168 17189 21012
21012 17189 21168
17189 21012 21168
17506 13361 14791
13361 14791 17506
14791 13361 17506
7908 12163 24647
12163 7908 24647
24647 7908 12163
15331 7296 18932
18932 7296 15331
7296 15331 18932
21357 1099 3679
3679 1099 21357
1099 3679 21357
5772 19746 29818
19746 5772 29818
29818 5772 19746
733 7254 15000
7254 733 15000
15000 733 7254
24265 12656 21764
21764 12656 24265
12656 21764 24265
19207 1829 2990
1829 2990 19207
2990 1829 19207
23048 5957 19804
19804 5957 23048
5957 19804 23048
19292 3802 20182
20182 3802 19292
3802 19292 20182
8148 1125 12776
12776 1125 8148
1125 8148 12776
1308 20997 23008
23008 1308 20997
20997 1308 23008
6824 1161 24410
24410 1161 6824
1161 6824 24410
28120 4652 15240
15240 4652 28120
4652 15240 28120
2110 8350 17908
8350 2110 17908
17908 2110 8350
3129 15698 21359
15698 3129 21359
21359 3129 15698
25761 7777 15600
15600 7777 25761
7777 15600 25761
9673 14802 26439
14802 9673 26439
26439 9673 14802
29521 18171 27993
27993 18171 29521
18171 27993 29521
4703 7594 29772
29772 4703 7594
7594 4703 29772
19220 700 6302
6302 700 19220
700 6302 19220
18070 21505 27899
21505 18070 27899
27899 18070 21505
5141 2481 23482
2481 5141 23482
23482 2481 5141
28511 12169 14374
12169 14374 28511
14374 12169 28511
26492 1694 29244
1694 26492 29244
29244 1694 26492
26326 26289 28265
26289 26326 28265
28265 26289 26326
14018 6526 17764
17764 6526 14018
6526 14018 17764
20706 9306 11949
11949 9306 20706
9306 11949 20706
26747 7893 24377
24377 7893 26747
7893 24377 26747
26235 503 22167
503 22167 26235
22167 503 26235
24051 7350 11852
11852 7350 24051
7350 11852 24051
10881 4458 12856
12856 4458 10881
4458 10881 12856
14363 13304 14088
13304 14088 14363
14088 13304 14363
14660 5471 26892
26892 5471 14660
5471 14660 26892
1097 7723 13987
7723 1097 13987
13987 1097 7723
15589 13167 21048
21048 13167 15589
13167 15589 21048
14547 12861 25475
25475 12861 14547
12861 14547 25475
21118 296 24583
296 21118 24583
24583 296 21118
3924 20604 24237
20604 3924 24237
24237 3924 20604
27505 11906 16285
16285 11906 27505
11906 16285 27505
5613 6049 22706
6049 5613 22706
22706 5613 6049
19865 11674 19104
11674 19104 19865
19104 11674 19865
29625 3393 9872
3393 9872 29625
9872 3393 29625
20175 9104 18514
18514 9104 20175
9104 18514 20175
22415 15127 26658
26658 15127 22415
15127 22415 26658
6881 22945 25602
22945 6881 25602
25602 6881 22945
29543 5837 25983
25983 5837 29543
5837 25983 29543
3730 69 4018
4018 69 3730
69 3730 4018
16393 23432 23972
23972 16393 23432
23432 16393 23972
11055 903 14359
14359 903 11055
903 11055 14359
400 68 10651
10651 68 400
68 400 10651
16689 4473 18185
4473 16689 18185
18185 4473 16689
10719 13748 20744
20744 10719 13748
13748 10719 20744
24691 21697 23265
23265 21697 24691
21697 23265 24691
14101 10688 17349
17349 10688 14101
10688 14101 17349
9621 16034 17206
16034 9621 17206
17206 9621 16034
13083 14317 23203
14317 13083 23203
23203 13083 14317
25696 9710 29253
29253 9710 25696
9710 25696 29253
5611 18113 28327
18113 5611 28327
28327 5611 18113
1149 11235 21483
21483 1149 11235
11235 1149 21483
133 16720 24018
24018 133 16720
16720 133 24018
12826 1688 19026
1688 12826 19026
19026 1688 12826
20413 2225 5768
5768 2225 20413
2225 5768 20413
18755 12903 20644
20644 12903 18755
12903 18755 20644
19980 1802 14241
1802 14241 19980
14241 1802 19980
18900 10300 18048
18048 10300 18900
10300 18048 18900
11000 7403 21166
7403 11000 21166
21166 7403 11000
25169 10605 22173
10605 22173 25169
22173 10605 25169
11036 14324 18721
18721 11036 14324
14324 11036 18721
25364 22657 28429
22657 25364 28429
28429 22657 25364
616 1020 18702
1020 616 18702
18702 616 1020
22150 17556 22203
17556 22150 22203
22203 17556 22150
1888 10090 28642
10090 1888 28642
28642 1888 10090
3300 19233 25582
19233 3300 25582
25582 3300 19233
16302 16858 24681
16858 16302 24681
24681 16302 16858
13447 4464 13193
4464 13193 13447
13193 4464 13447
15267 12356 27600
12356 15267 27600
27600 12356 15267
4942 9008 14697
9008 4942 14697
14697 4942 9008
10218 12368 27672
12368 10218 27672
27672 10218 12368
24406 9222 14332
14332 9222 24406
9222 14332 24406
28949 17712 20404
17712 20404 28949
20404 17712 28949
28466 6883 7372
7372 6883 28466
6883 7372 28466
20314 2218 19373
2218 19373 20314
19373 2218 20314
19568 3085 4969
4969 3085 19568
3085 4969 19568
28405 6525 10251
10251 6525 28405
6525 10251 28405
13353 1021 9192
1021 9192 13353
9192 1021 13353
27946 17589 23699
17589 23699 27946
23699 17589 27946
3814 17833 26230
17833 3814 26230
26230 3814 17833
17731 10967 19774
10967 17731 19774
19774 10967 17731
15422 9982 20445
20445 9982 15422
9982 15422 20445
3258 17148 23494
23494 3258 17148
17148 3258 23494
19709 3522 26843
3522 19709 26843
26843 3522 19709
7924 12583 13706
13706 7924 12583
12583 7924 13706
5981 22436 29374
29374 5981 22436
22436 5981 29374
15452 23815 28363
28363 15452 23815
23815 15452 28363
243 195 7780
195 243 7780
7780 195 243
10869 25098 26550
25098 10869 26550
26550 10869 25098
11753 13601 18712
13601 11753 18712
18712 11753 13601
3280 20501 25947
25947 3280 20501
20501 3280 25947
21798 1287 11667
11667 1287 21798
1287 11667 21798
2224 7388 13240
7388 2224 13240
13240 2224 7388
2337 19073 26195
26195 2337 19073
19073 2337 26195
29959 20668 27039
20668 27039 29959
27039 20668 29959
28396 3898 25768
3898 25768 28396
25768 3898 28396
14209 4850 19997
19997 4850 14209
4850 14209 19997
13408 1667 9209
1667 9209 13408
9209 1667 13408
7781 1926 7651
1926 7651 7781
7651 1926 7781
20371 9613 23387
23387 9613 20371
9613 20371 23387
14398 6187 25893
6187 14398 25893
25893 6187 14398
11948 22134 27125
22134 11948 27125
27125 11948 22134
15812 23077 27113
27113 15812 23077
23077 15812 27113
6426 3367 5476
5476 3367 6426
3367 5476 6426
18548 18444 24067
24067 18444 18548
18444 18548 24067
2060 1753 28939
1753 2060 28939
28939 1753 2060
29094 8059 28259
28259 8059 29094
8059 28259 29094
11564 8305 20357
8305 11564 20357
20357 8305 11564
29132 21461 28145
28145 21461 29132
21461 28145 29132
8600 23226 28970
28970 8600 23226
23226 8600 28970
3938 13853 20506
20506 3938 13853
13853 3938 20506
26368 21749 29021
29021 21749 26368
21749 26368 29021
2598 17904 24292
17904 2598 24292
24292 2598 17904
1023 3389 18598
3389 1023 18598
18598 1023 3389
22695 1501 3701
3701 1501 22695
1501 3701 22695
21900 5086 8291
8291 5086 21900
5086 8291 21900
23431 4731 23181
23181 4731 23431
4731 23181 23431
3601 11323 18302
11323 3601 18302
18302 3601 11323
8918 1267 28079
28079 1267 8918
1267 8918 28079
3020 11833 21479
11833 3020 21479
21479 3020 11833
11073 12404 15324
15324 11073 12404
12404 11073 15324
27560 4929 9059
4929 9059 27560
9059 4929 27560
21331 13197 20534
13197 20534 21331
20534 13197 21331
8385 16990 21682
16990 8385 21682
21682 8385 16990
20552 9577 15157
9577 15157 20552
15157 9577 20552
27962 16110 25680
25680 16110 27962
16110 25680 27962
22884 17499 25531
17499 22884 25531
25531 17499 22884
9321 26338 28033
28033 9321 26338
26338 9321 28033
22701 850 12175
850 12175 22701
12175 850 22701
21807 19084 29790
19084 21807 29790
29790 19084 21807
21843 9224 12229
12229 9224 21843
9224 12229 21843
20547 4434 15273
4434 15273 20547
15273 4434 20547
14672 7787 19672
19672 7787 14672
7787 14672 19672
13054 20082 20966
20966 13054 20082
20082 13054 20966
18036 8811 11469
8811 11469 18036
11469 8811 18036
17210 196 14557
196 14557 17210
14557 196 17210
29263 2504 16612
2504 16612 29263
16612 2504 29263
783 13504 29820
29820 783 13504
13504 783 29820
8556 6006 15310
6006 8556 15310
15310 6006 8556
24487 290 23642
290 23642 24487
23642 290 24487
22877 3815 16080
3815 16080 22877
16080 3815 22877
18456 11124 29711
29711 11124 18456
11124 18456 29711
21047 12187 25565
25565 12187 21047
12187 21047 25565
29301 926 27831
27831 926 29301
926 27831 29301
1515 17710 19059
19059 1515 17710
17710 1515 19059
22858 10187 21827
21827 10187 22858
10187 21827 22858
24606 4610 15792
15792 4610 24606
4610 15792 24606
10166 4545 5896
4545 5896 10166
5896 4545 10166
27506 14617 24405
24405 14617 27506
14617 24405 27506
19556 2334 22759
22759 2334 19556
2334 19556 22759
27613 1022 13467
1022 13467 27613
13467 1022 27613
29017 13727 23193
13727 23193 29017
23193 13727 29017
29317 10824 19401
10824 19401 29317
19401 10824 29317
13141 2476 26894
26894 2476 13141
2476 13141 26894
23394 12599 22048
22048 12599 23394
12599 22048 23394
16144 8470 9629
9629 8470 16144
8470 9629 16144
29980 11504 15907
15907 11504 29980
11504 15907 29980
4899 5746 27574
5746 4899 27574
27574 4899 5746
23911 7888 10645
10645 7888 23911
7888 10645 23911
27118 23 23820
23820 23 27118
23 23820 27118
11617 13140 14483
14483 11617 13140
13140 11617 14483
3585 7949 25215
7949 3585 25215
25215 3585 7949
3099 1177 26560
26560 1177 3099
1177 3099 26560
15086 5073 19943
19943 5073 15086
5073 15086 19943
1555 14416 16413
14416 1555 16413
16413 1555 14416
16172 3852 21648
21648 3852 16172
3852 16172 21648
24299 9975 26248
26248 9975 24299
9975 24299 26248
9215 2401 9340
9340 2401 9215
2401 9215 9340
14911 13341 24355
24355 13341 14911
13341 14911 24355
3620 9373 22056
9373 3620 22056
22056 3620 9373
6924 8083 29954
29954 6924 8083
8083 6924 29954
20248 1881 13286
1881 13286 20248
13286 1881 20248
5621 20448 27078
27078 5621 20448
20448 5621 27078
9772 7460 29473
7460 9772 29473
29473 7460 9772
6016 21052 22560
22560 6016 21052
21052 6016 22560
5525 4115 12021
12021 4115 5525
4115 5525 12021
14234 17067 24177
17067 14234 24177
24177 14234 17067
10633 19376 25754
19376 10633 25754
25754 10633 19376
11168 3188 15552
15552 3188 11168
3188 11168 15552
24381 10735 23574
10735 23574 24381
23574 10735 24381
27292 9157 13223
13223 9157 27292
9157 13223 27292
17964 559 23742
23742 559 17964
559 17964 23742
25708 2267 22790
22790 2267 25708
2267 22790 25708
9652 6523 15953
15953 6523 9652
6523 9652 15953
19989 12635 14875
14875 12635 19989
12635 14875 19989
24318 2624 14041
2624 14041 24318
14041 2624 24318
26452 22104 26217
26217 22104 26452
22104 26217 26452
3747 788 16745
788 3747 16745
16745 788 3747
21375 10753 13605
10753 13605 21375
13605 10753 21375
19593 7814 29735
7814 19593 29735
29735 7814 19593
11901 5795 14111
14111 5795 11901
5795 11901 14111
15876 8856 28443
8856 15876 28443
28443 8856 15876
17042 3613 27579
27579 3613 17042
3613 17042 27579
19572 4909 20818
4909 19572 20818
20818 4909 19572
10069 10071 17668
17668 10069 10071
10071 10069 17668
5074 5987 27834
27834 5074 5987
5987 5074 27834
12611 3869 14456
14456 3869 12611
3869 12611 14456
398 6536 25214
25214 398 6536
6536 398 25214
1649 7969 20268
7969 1649 20268
20268 1649 7969
26989 6783 16650
6783 16650 26989
16650 6783 26989
20149 7684 24259
7684 20149 24259
24259 7684 20149
14524 17686 17895
17686 14524 17895
17895 14524 17686
219 2820 23293
2820 219 23293
23293 219 2820
4273 19756 28838
19756 4273 28838
28838 4273 19756
15394 25318 26305
26305 15394 25318
25318 15394 26305
14963 5058 15878
15878 5058 14963
5058 14963 15878
2107 1484 22561
22561 1484 2107
1484 2107 22561
13581 12921 29957
12921 13581 29957
29957 12921 13581
17417 4561 21062
21062 4561 17417
4561 17417 21062
21388 23525 27886
23525 21388 27886
27886 21388 23525
7061 1146 28331
28331 1146 7061
1146 7061 28331
20342 4996 20896
4996 20342 20896
20896 4996 20342
1419 6685 27633
6685 1419 27633
27633 1419 6685
15463 8018 11915
11915 8018 15463
8018 11915 15463
19616 2043 11876
11876 2043 19616
2043 11876 19616
16399 7329 20645
7329 16399 20645
20645 7329 16399
8840 23589 29364
29364 8840 23589
23589 8840 29364
13060 4858 11255
11255 4858 13060
4858 11255 13060
28186 10317 27525
10317 27525 28186
27525 10317 28186
9813 5433 6069
5433 6069 9813
6069 5433 9813
12004 16429 18941
16429 12004 18941
18941 12004 16429
10379 13770 15397
15397 10379 13770
13770 10379 15397
4736 116 14058
116 4736 14058
14058 116 4736
21072 3001 23956
3001 21072 23956
23956 3001 21072
14419 9869 16518
9869 14419 16518
16518 9869 14419
4323 18547 22317
22317 4323 18547
18547 4323 22317
23175 18750 18777
18750 18777 23175
18777 18750 23175
10331 8179 17408
8179 10331 17408
17408 8179 10331
25244 2327 10447
10447 2327 25244
2327 10447 25244
20257 13132 17874
13132 17874 20257
17874 13132 20257
9153 20869 27405
20869 9153 27405
27405 9153 20869
26292 9685 27881
9685 26292 27881
27881 9685 26292
5842 6182 10876
6182 5842 10876
10876 5842 6182
28109 11572 16011
16011 11572 28109
11572 16011 28109
3397 9034 25619
25619 3397 9034
9034 3397 25619
12103 11859 23384
11859 12103 23384
23384 11859 12103
21001 23756 29027
23756 21001 29027
29027 21001 23756
1791 17439 25161
17439 1791 25161
25161 1791 17439
4284 2502 23591
2502 4284 23591
23591 2502 4284
4373 20150 27684
27684 4373 20150
20150 4373 27684
23025 4901 26577
4901 23025 26577
26577 4901 23025
1246 5743 9619
5743 1246 9619
9619 1246 5743
25123 2233 29579
29579 2233 25123
2233 25123 29579
14955 2358 11610
11610 2358 14955
2358 11610 14955
14298 1783 4419
4419 1783 14298
1783 4419 14298
4106 8445 24496
8445 4106 24496
24496 4106 8445
26007 917 12241
12241 917 26007
917 12241 26007
18338 4312 21772
4312 18338 21772
21772 4312 18338
19425 11766 14165
14165 11766 19425
11766 14165 19425
2628 3969 22219
22219 2628 3969
3969 2628 22219
14510 17749 20323
20323 14510 17749
17749 14510 20323
10408 9238 28082
9238 10408 28082
28082 9238 10408
5554 9486 29578
29578 5554 9486
9486 5554 29578
11164 15276 19892
19892 11164 15276
15276 11164 19892
29822 11827 15211
11827 15211 29822
15211 11827 29822
4999 7819 21276
7819 4999 21276
21276 4999 7819
15244 5189 25427
5189 15244 25427
25427 5189 15244
1739 13510 27449
27449 1739 13510
13510 1739 27449
16075 4132 15562
15562 4132 16075
4132 15562 16075
18455 8467 26130
26130 8467 18455
8467 18455 26130
6592 2742 17073
2742 6592 17073
17073 2742 6592
29967 15844 26393
26393 15844 29967
15844 26393 29967
4715 21868 25254
21868 4715 25254
25254 4715 21868
19740 14194 19803
19803 14194 19740
14194 19740 19803
24037 5585 10627
10627 5585 24037
5585 10627 24037
2014 4484 4521
4484 2014 4521
4521 2014 4484
16308 10138 24256
24256 10138 16308
10138 16308 24256
8278 7001 22723
22723 7001 8278
7001 8278 22723
4693 3261 21211
3261 4693 21211
21211 3261 4693
24428 22 6307
6307 22 24428
22 6307 24428
11525 25263 26164
26164 11525 25263
25263 11525 26164
19094 12041 21763
21763 12041 19094
12041 19094 21763
689 5587 12813
12813 689 5587
5587 689 12813
14704 3582 15487
15487 3582 14704
3582 14704 15487
23496 10084 21579
10084 21579 23496
21579 10084 23496
3141 14313 27920
27920 3141 14313
14313 3141 27920
17737 12139 27909
12139 17737 27909
27909 12139 17737
11322 3883 10660
3883 10660 11322
10660 3883 11322
27097 6099 26640
6099 26640 27097
26640 6099 27097
7399 15682 21407
21407 7399 15682
15682 7399 21407
3533 4721 25350
4721 3533 25350
25350 3533 4721
13388 11137 28223
11137 13388 28223
28223 11137 13388
8678 1816 18052
1816 8678 18052
18052 1816 8678
15200 4895 8312
8312 4895 15200
4895 8312 15200
27101 12436 27669
27669 12436 27101
12436 27101 27669
8915 9353 10908
10908 8915 9353
9353 8915 10908
22857 2096 9229
9229 2096 22857
2096 9229 22857
21696 19095 29330
29330 19095 21696
19095 21696 29330
14097 17232 23637
17232 14097 23637
23637 14097 17232
7649 15028 29482
15028 7649 29482
29482 7649 15028
4193 18804 28160
28160 4193 18804
18804 4193 28160
22270 12112 20998
20998 12112 22270
12112 20998 22270
3005 13169 26060
13169 3005 26060
26060 3005 13169
5529 14488 23848
14488 5529 23848
23848 5529 14488
3900 25213 27581
27581 3900 25213
25213 3900 27581
25559 5180 22576
22576 5180 25559
5180 22576 25559
24735 7284 21539
7284 21539 24735
21539 7284 24735
13153 5242 21260
21260 5242 13153
5242 13153 21260
21080 3212 19235
19235 3212 21080
3212 19235 21080
29642 2109 18935
18935 2109 29642
2109 18935 29642
24116 4014 25195
4014 24116 25195
25195 4014 24116
1545 15718 23204
15718 1545 23204
23204 1545 15718
11971 6462 27636
6462 11971 27636
27636 6462 11971
19735 8676 14667
14667 8676 19735
8676 14667 19735
10074 15360 22781
15360 10074 22781
22781 10074 15360
10857 3622 5006
3622 5006 10857
5006 3622 10857
17866 11873 16309
11873 16309 17866
16309 11873 17866
29968 7425 14474
14474 7425 29968
7425 14474 29968
10502 12426 23130
23130 10502 12426
12426 10502 23130
10528 15725 20883
20883 10528 15725
15725 10528 20883
17557 16180 28815
16180 17557 28815
28815 16180 17557
15568 13918 28410
28410 13918 15568
13918 15568 28410
3547 2545 13976
13976 2545 3547
2545 3547 13976
26659 8200 16029
16029 8200 26659
8200 16029 26659
18251 2668 24683
24683 2668 18251
2668 18251 24683
29540 1299 14335
14335 1299 29540
1299 14335 29540
5386 7099 29489
29489 5386 7099
7099 5386 29489
1858 11132 13729
13729 1858 11132
11132 1858 13729
10285 18537 26643
18537 10285 26643
26643 10285 18537
1266 13966 15518
13966 1266 15518
15518 1266 13966
16121 4358 8519
8519 4358 16121
4358 8519 16121
14224 18473 24281
24281 14224 18473
18473 14224 24281
14729 5053 26524
5053 14729 26524
26524 5053 14729
29296 8554 22329
8554 22329 29296
22329 8554 29296
1248 3400 9570
9570 1248 3400
3400 1248 9570
3347 13142 18114
13142 3347 18114
18114 3347 13142
24066 1275 3682
1275 3682 24066
3682 1275 24066
27285 4653 25301
4653 25301 27285
25301 4653 27285
9585 16325 29891
29891 9585 16325
16325 9585 29891
29793 2689 7727
2689 7727 29793
7727 2689 29793
19949 15367 25661
15367 19949 25661
25661 15367 19949
1743 9371 12987
12987 1743 9371
9371 1743 12987
5740 6534 20476
6534 5740 20476
20476 5740 6534
4790 562 8330
562 4790 8330
8330 562 4790
18910 20179 24648
24648 18910 20179
20179 18910 24648
6186 11590 21445
11590 6186 21445
21445 6186 11590
8882 2608 25042
2608 8882 25042
25042 2608 8882
3550 10831 24261
24261 3550 10831
10831 3550 24261
13690 2578 24015
2578 13690 24015
24015 2578 13690
11127 591 9134
9134 591 11127
591 9134 11127
16181 22182 29026
22182 16181 29026
29026 16181 22182
10935 14181 21095
14181 10935 21095
21095 10935 14181
29809 12210 13479
12210 13479 29809
13479 12210 29809
18033 9540 17681
17681 9540 18033
9540 17681 18033
2137 14648 19405
14648 2137 19405
19405 2137 14648
13613 2335 25323
2335 13613 25323
25323 2335 13613
18999 20022 29006
29006 18999 20022
20022 18999 29006
29232 407 12248
407 12248 29232
12248 407 29232
17760 9454 24584
9454 17760 24584
24584 9454 17760
14599 8136 14293
14293 8136 14599
8136 14293 14599
14939 2911 7448
7448 2911 14939
2911 7448 14939
12472 9739 27338
9739 12472 27338
27338 9739 12472
6935 6512 20403
6512 6935 20403
20403 6512 6935
7104 5456 10108
10108 5456 7104
5456 7104 10108
15160 23899 26261
23899 15160 26261
26261 15160 23899
29946 3816 8051
8051 3816 29946
3816 8051 29946
1034 3611 11063
11063 1034 3611
3611 1034 11063
24146 11473 16879
16879 11473 24146
11473 16879 24146
5656 4330 9449
4330 5656 9449
9449 4330 5656
28146 4797 29972
29972 4797 28146
4797 28146 29972
21714 21341 26910
21341 21714 26910
26910 21341 21714
13938 8118 9907
9907 8118 13938
8118 9907 13938
6845 4459 17154
17154 4459 6845
4459 6845 17154
20478 19802 26459
19802 20478 26459
26459 19802 20478
20639 288 19688
288 19688 20639
19688 288 20639
12186 4319 9606
4319 9606 12186
9606 4319 12186
14466 1944 14708
14708 1944 14466
1944 14466 14708
5176 11335 28439
28439 5176 11335
11335 5176 28439
29788 8000 18906
18906 8000 29788
8000 18906 29788
28464 18658 28244
28244 18658 28464
18658 28244 28464
11778 1466 24821
24821 1466 11778
1466 11778 24821
711 16018 25443
25443 711 16018
16018 711 25443
11627 11538 17354
11538 11627 17354
17354 11538 11627
19518 14496 29893
29893 14496 19518
14496 19518 29893
3936 5592 25238
5592 3936 25238
25238 3936 5592
27556 5898 8336
8336 5898 27556
5898 8336 27556
19476 7747 9109
7747 9109 19476
9109 7747 19476
6790 12410 19042
19042 6790 12410
12410 6790 19042
6400 9877 20694
9877 6400 20694
20694 6400 9877
15973 1997 2404
2404 1997 15973
1997 2404 15973
12092 6172 25959
6172 12092 25959
25959 6172 12092
3931 18576 24300
24300 3931 18576
18576 3931 24300
9998 7269 24181
7269 9998 24181
24181 7269 9998
20396 7490 12171
12171 7490 20396
7490 12171 20396
15570 5992 13352
5992 13352 15570
13352 5992 15570
23740 56 6135
56 6135 23740
6135 56 23740
29947 13578 26865
26865 13578 29947
13578 26865 29947
18959 2933 22490
2933 18959 22490
22490 2933 18959
8266 11524 22453
11524 8266 22453
22453 8266 11524
1590 18378 29064
29064 1590 18378
18378 1590 29064
26218 8495 9423
9423 8495 26218
8495 9423 26218
17330 14580 27638
14580 17330 27638
27638 14580 17330
15294 15958 27192
27192 15294 15958
15958 15294 27192
15047 9926 10889
10889 9926 15047
9926 10889 15047
22729 19134 23378
19134 22729 23378
23378 19134 22729
2548 20733 29290
29290 2548 20733
20733 2548 29290
373 645 27618
645 373 27618
27618 373 645
674 3867 9744
9744 674 3867
3867 674 9744
19793 6702 21154
6702 19793 21154
21154 6702 19793
29347 613 4768
613 4768 29347
4768 613 29347
12181 22534 29250
29250 12181 22534
22534 12181 29250
23684 120 866
120 866 23684
866 120 23684
13694 9758 17868
9758 13694 17868
17868 9758 13694
12384 22647 29338
29338 12384 22647
22647 12384 29338
5166 8910 22421
22421 5166 8910
8910 5166 22421
9793 16353 18379
18379 9793 16353
16353 9793 18379
27063 12735 24925
12735 24925 27063
24925 12735 27063
10785 22832 26649
22832 10785 26649
26649 10785 22832
11079 8328 23974
23974 8328 11079
8328 11079 23974
26171 6667 7421
7421 6667 26171
6667 7421 26171
6547 19318 26510
19318 6547 26510
26510 6547 19318
2297 12934 21130
21130 2297 12934
12934 2297 21130
18405 4660 7659
7659 4660 18405
4660 7659 18405
28540 847 22987
22987 847 28540
847 22987 28540
22239 12126 15234
12126 15234 22239
15234 12126 22239
6612 1090 2304
1090 2304 6612
2304 1090 6612
584 7882 25374
25374 584 7882
7882 584 25374
14467 14103 27807
14103 14467 27807
27807 14103 14467
17607 9314 15731
15731 9314 17607
9314 15731 17607
17444 7267 14735
14735 7267 17444
7267 14735 17444
27459 9643 15693
9643 15693 27459
15693 9643 27459
29030 7892 9874
9874 7892 29030
7892 9874 29030
28023 778 23758
778 23758 28023
23758 778 28023
25668 7704 25709
25709 7704 25668
7704 25668 25709
25620 7808 13173
7808 13173 25620
13173 7808 25620
21665 1114 9923
1114 9923 21665
9923 1114 21665
7190 13538 28326
13538 7190 28326
28326 7190 13538
14741 9469 24235
24235 9469 14741
9469 14741 24235
11258 11041 16396
16396 11041 11258
11041 11258 16396
625 8020 14661
8020 625 14661
14661 625 8020
25081 34 2630
2630 34 25081
34 2630 25081
29031 17522 25368
17522 25368 29031
25368 17522 29031
11663 17259 20526
17259 11663 20526
20526 11663 17259
21781 5779 6939
5779 6939 21781
6939 5779 21781
19071 27900 29519
27900 19071 29519
29519 19071 27900
17803 2851 21377
2851 17803 21377
21377 2851 17803
9640 36 12478
36 9640 12478
12478 36 9640
29675 18668 21319
18668 21319 29675
21319 18668 29675
11849 18611 19490
19490 11849 18611
18611 11849 19490
14993 13564 20918
20918 13564 14993
13564 14993 20918
9090 14610 22875
22875 9090 14610
14610 9090 22875
9193 12012 20394
12012 9193 20394
20394 9193 12012
18814 18890 20862
18890 18814 20862
20862 18814 18890
29892 638 21568
21568 638 29892
638 21568 29892
16813 21871 24926
21871 16813 24926
24926 16813 21871
12877 13168 19716
19716 12877 13168
13168 12877 19716
21187 786 26022
26022 786 21187
786 21187 26022
19250 2847 4012
4012 2847 19250
2847 4012 19250
1126 8239 10860
8239 1126 10860
10860 1126 8239
10280 6108 14415
6108 10280 14415
14415 6108 10280
20667 14916 28595
14916 20667 28595
28595 14916 20667
23648 27249 27988
27988 23648 27249
27249 23648 27988
16634 3326 15407
15407 3326 16634
3326 15407 16634
5378 19791 26807
19791 5378 26807
26807 5378 19791
11823 12438 26258
26258 11823 12438
12438 11823 26258
18457 24684 27434
27434 18457 24684
24684 18457 27434
15484 19126 19415
19126 15484 19415
19415 15484 19126
3064 4820 26389
26389 3064 4820
4820 3064 26389
16239 7042 20935
7042 16239 20935
20935 7042 16239
7568 5301 19840
5301 7568 19840
19840 5301 7568
28646 7012 13297
7012 13297 28646
13297 7012 28646
21599 10050 29247
29247 10050 21599
10050 21599 29247
10853 2160 9036
9036 2160 10853
2160 9036 10853
22020 7528 11386
11386 7528 22020
7528 11386 22020
10962 12477 24554
12477 10962 24554
24554 10962 12477
14565 268 7251
7251 268 14565
268 7251 14565
67 1924 23517
23517 67 1924
1924 67 23517
7580 12084 17740
12084 7580 17740
17740 7580 12084
1728 17762 18821
18821 1728 17762
17762 1728 18821
14662 7588 26744
7588 14662 26744
26744 7588 14662
28386 13607 14265
14265 13607 28386
13607 14265 28386
16757 20906 20931
20931 16757 20906
20906 16757 20931
9887 16791 24870
24870 9887 16791
16791 9887 24870
25518 4129 28486
4129 25518 28486
28486 4129 25518
9780 3088 9304
3088 9304 9780
9304 3088 9780
20059 4003 13187
13187 4003 20059
4003 13187 20059
19743 19294 24915
19294 19743 24915
24915 19294 19743
19867 6913 9523
6913 9523 19867
9523 6913 19867
12470 8990 14780
14780 8990 12470
8990 12470 14780
2016 10033 25934
25934 2016 10033
10033 2016 25934
21059 967 17939
17939 967 21059
967 17939 21059
22031 9614 23476
23476 9614 22031
9614 22031 23476
19181 2175 29654
29654 2175 19181
2175 19181 29654
29453 16989 28425
16989 28425 29453
28425 16989 29453
4127 29270 29833
29270 4127 29833
29833 4127 29270
19433 6965 17173
17173 6965 19433
6965 17173 19433
25091 20789 28231
28231 20789 25091
20789 25091 28231
15675 13752 29652
13752 15675 29652
29652 13752 15675
764 1700 19963
19963 764 1700
1700 764 19963
16648 1733 11370
11370 1733 16648
1733 11370 16648
27501 6138 17652
17652 6138 27501
6138 17652 27501
4331 18044 23938
23938 4331 18044
18044 4331 23938
20093 12214 20978
20978 12214 20093
12214 20093 20978
19601 6163 29693
6163 19601 29693
29693 6163 19601
3466 5689 17552
5689 3466 17552
17552 3466 5689
24523 2269 27129
2269 24523 27129
27129 2269 24523
14406 1695 8624
8624 1695 14406
1695 8624 14406
25046 2882 4086
4086 2882 25046
2882 4086 25046
14500 9408 10549
9408 10549 14500
10549 9408 14500
1487 24474 28632
28632 1487 24474
24474 1487 28632
6064 9845 27422
27422 6064 9845
9845 6064 27422
959 604 13199
13199 604 959
604 959 13199
15193 5009 11659
5009 11659 15193
11659 5009 15193
23108 1711 19718
19718 1711 23108
1711 19718 23108
9674 7109 13563
13563 7109 9674
7109 9674 13563
25606 23209 25291
23209 25291 25606
25291 23209 25606
13440 18969 22484
18969 13440 22484
22484 13440 18969
4061 27074 27688
27074 4061 27688
27688 4061 27074
7036 2938 29876
2938 7036 29876
29876 2938 7036
28591 11928 16059
16059 11928 28591
11928 16059 28591
23923 8153 25567
8153 23923 25567
25567 8153 23923
2457 3248 29078
3248 2457 29078
29078 2457 3248
1494 19737 22161
19737 1494 22161
22161 1494 19737
15429 4714 21847
21847 4714 15429
4714 15429 21847
18697 2331 12722
2331 12722 18697
12722 2331 18697
14798 9692 27046
27046 9692 14798
9692 14798 27046
23478 16860 24283
24283 16860 23478
16860 23478 24283
5321 4851 20933
4851 5321 20933
20933 4851 5321
9605 881 11347
881 9605 11347
11347 881 9605
6358 7234 16759
7234 6358 16759
16759 6358 7234
25251 3041 3579
3041 3579 25251
3579 3041 25251
25175 3870 18995
18995 3870 25175
3870 18995 25175
11217 10236 10980
10236 10980 11217
10980 10236 11217
5033 1774 17170
17170 1774 5033
1774 5033 17170
9002 14172 23502
14172 9002 23502
23502 9002 14172
1696 11185 15944
11185 1696 15944
15944 1696 11185
24059 16868 21169
21169 16868 24059
16868 21169 24059
250 9259 24464
24464 250 9259
9259 250 24464
9616 13879 16605
13879 9616 16605
16605 9616 13879
12129 304 9858
9858 304 12129
304 9858 12129
26160 544 7199
7199 544 26160
544 7199 26160
22159 5720 16543
5720 16543 22159
16543 5720 22159
24124 11341 29960
29960 11341 24124
11341 24124 29960
11975 12264 14910
14910 11975 12264
12264 11975 14910
15037 4301 7197
7197 4301 15037
4301 7197 15037
10278 1069 29795
29795 1069 10278
1069 10278 29795
26956 15218 22246
22246 15218 26956
15218 22246 26956
9350 6880 18666
18666 6880 9350
6880 9350 18666
26938 2245 19232
19232 2245 26938
2245 19232 26938
3049 3958 16464
16464 3049 3958
3958 3049 16464
9225 1959 19263
1959 9225 19263
19263 1959 9225
28075 18556 26855
18556 26855 28075
26855 18556 28075
6381 12837 15993
12837 6381 15993
15993 6381 12837
9399 8485 12535
8485 9399 12535
12535 8485 9399
10194 1644 28674
1644 10194 28674
28674 1644 10194
7272 10723 29509
10723 7272 29509
29509 7272 10723
24757 4512 25948
4512 24757 25948
25948 4512 24757
19446 4047 10949
4047 10949 19446
10949 4047 19446
4183 3983 17547
17547 3983 4183
3983 4183 17547
21992 3517 8929
8929 3517 21992
3517 8929 21992
6005 38 10222
10222 38 6005
38 6005 10222
23558 12083 20060
20060 12083 23558
12083 20060 23558
27253 16786 26870
16786 26870 27253
26870 16786 27253
6491 19063 29684
29684 6491 19063
19063 6491 29684
24693 280 14758
280 14758 24693
14758 280 24693
27761 28774 29860
29860 27761 28774
28774 27761 29860
26142 12944 16642
16642 12944 26142
12944 16642 26142
2523 3677 22597
22597 2523 3677
3677 2523 22597
26482 25033 27440
27440 25033 26482
25033 26482 27440
21532 15159 28855
28855 15159 21532
15159 21532 28855
3548 7504 15837
15837 3548 7504
7504 3548 15837
2102 8982 14330
14330 2102 8982
8982 2102 14330
29945 23816 28962
28962 23816 29945
23816 28962 29945
15504 25615 29997
25615 15504 29997
29997 15504 25615
15110 3813 12909
3813 12909 15110
12909 3813 15110
22615 11274 15560
11274 15560 22615
15560 11274 22615
26458 7102 13062
7102 13062 26458
13062 7102 26458
13849 11836 27465
11836 13849 27465
27465 11836 13849
4424 9962 10695
10695 4424 9962
9962 4424 10695
15224 5457 17117
17117 5457 15224
5457 15224 17117
23901 17926 19163
17926 19163 23901
19163 17926 23901
29839 4302 4708
4302 4708 29839
4708 4302 29839
4952 10431 28923
10431 4952 28923
28923 4952 10431
6233 2185 25074
25074 2185 6233
2185 6233 25074
1068 6518 8388
8388 1068 6518
6518 1068 8388
12306 2164 13880
2164 12306 13880
13880 2164 12306
13124 4563 22780
4563 13124 22780
22780 4563 13124
4317 12154 20894
20894 4317 12154
12154 4317 20894
15297 1479 12232
12232 1479 15297
1479 12232 15297
3606 20083 24638
24638 3606 20083
20083 3606 24638
23965 22253 28879
22253 23965 28879
28879 22253 23965
24009 7515 21029
7515 21029 24009
21029 7515 24009
5960 1624 3208
1624 3208 5960
3208 1624 5960
7677 19028 25992
19028 7677 25992
25992 7677 19028
17508 4202 17840
17840 4202 17508
4202 17508 17840
1213 1311 8588
8588 1213 1311
1311 1213 8588
23778 1498 23519
23519 1498 23778
1498 23519 23778
8963 11989 14251
11989 8963 14251
14251 8963 11989
19314 1154 19111
19111 1154 19314
1154 19111 19314
4408 1327 16977
16977 1327 4408
1327 4408 16977
20556 2419 22961
2419 20556 22961
22961 2419 20556
25978 21865 22997
22997 21865 25978
21865 22997 25978
20037 3136 14763
14763 3136 20037
3136 14763 20037
4187 13509 17619
17619 4187 13509
13509 4187 17619
24968 4761 10987
10987 4761 24968
4761 10987 24968
9564 3717 10969
10969 3717 9564
3717 9564 10969
3386 13491 22539
22539 3386 13491
13491 3386 22539
13622 10882 24366
24366 10882 13622
10882 13622 24366
6062 1782 5754
5754 1782 6062
1782 5754 6062
18100 1460 8746
8746 1460 18100
1460 8746 18100
5291 10761 11453
10761 5291 11453
11453 5291 10761
8439 7644 17706
17706 7644 8439
7644 8439 17706
12985 11441 26986
26986 11441 12985
11441 12985 26986
29011 8989 28705
28705 8989 29011
8989 28705 29011
7938 8862 24469
8862 7938 24469
24469 7938 8862
22611 24422 28353
28353 22611 24422
24422 22611 28353
24164 2601 4584
4584 2601 24164
2601 4584 24164
21996 4236 19829
19829 4236 21996
4236 19829 21996
4551 21264 28029
21264 4551 28029
28029 4551 21264
5715 14115 16662
14115 5715 16662
16662 5715 14115
13830 11281 20954
20954 11281 13830
11281 13830 20954
15246 6160 16821
6160 15246 16821
16821 6160 15246
11371 5591 19686
5591 11371 19686
19686 5591 11371
27982 7768 20953
20953 7768 27982
7768 20953 27982
21484 2049 23257
2049 21484 23257
23257 2049 21484
22289 6061 27626
27626 6061 22289
6061 22289 27626
166 435 17848
17848 166 435
435 166 17848
29653 9719 12718
9719 12718 29653
12718 9719 29653
13389 23034 26126
23034 13389 26126
26126 13389 23034
21549 8139 19974
19974 8139 21549
8139 19974 21549
23925 19627 21518
19627 21518 23925
21518 19627 23925
17096 12194 15791
15791 12194 17096
12194 15791 17096
685 10960 27591
27591 685 10960
10960 685 27591
7029 4172 15500
15500 4172 7029
4172 7029 15500
6557 1512 7184
1512 6557 7184
7184 1512 6557
2568 1216 14985
14985 1216 2568
1216 2568 14985
24657 15553 20129
20129 15553 24657
15553 20129 24657
15516 9628 27714
9628 15516 27714
27714 9628 15516
9246 8944 13219
8944 9246 13219
13219 8944 9246
25874 16900 17371
16900 17371 25874
17371 16900 25874
29325 9964 13895
9964 13895 29325
13895 9964 29325
28162 2947 21360
21360 2947 28162
2947 21360 28162
17057 7363 26859
26859 7363 17057
7363 17057 26859
10089 23794 25977
25977 10089 23794
23794 10089 25977
