6418 5657 24015
5657 6418 24015
24015 5657 6418
7849 13937 27510
27510 7849 13937
13937 7849 27510
8478 12341 27482
12341 8478 27482
27482 8478 12341
24573 21983 27869
27869 21983 24573
21983 24573 27869
87 8108 12070
12070 87 8108
8108 87 12070
12494 24349 25622
25622 12494 24349
24349 12494 25622
16350 13477 25551
13477 16350 25551
25551 13477 16350
1471 4738 29127
29127 1471 4738
4738 1471 29127
9039 3341 5320
3341 5320 9039
5320 3341 9039
2245 12658 20663
12658 2245 20663
20663 2245 12658
4832 3921 14583
14583 3921 4832
3921 4832 14583
10685 1781 13513
13513 1781 10685
1781 10685 13513
18199 220 21658
220 18199 21658
21658 220 18199
4477 14325 19970
19970 4477 14325
14325 4477 19970
13649 9769 29551
9769 13649 29551
29551 9769 13649
6629 12971 19279
12971 6629 19279
19279 6629 12971
799 5517 19218
19218 799 5517
5517 799 19218
791 5155 28619
5155 791 28619
28619 791 5155
4013 978 20562
978 4013 20562
20562 978 4013
12132 8085 12292
8085 12132 12292
12292 8085 12132
21686 1829 25974
25974 1829 21686
1829 21686 25974
12099 7791 12317
7791 12099 12317
12317 7791 12099
5439 15461 15811
15811 5439 15461
15461 5439 15811
6775 10670 19416
10670 6775 19416
19416 6775 10670
27596 18350 24341
18350 24341 27596
24341 18350 27596
14148 4105 16261
16261 4105 14148
4105 14148 16261
21467 8854 20726
20726 8854 21467
8854 20726 21467
10804 15381 20040
15381 10804 20040
20040 10804 15381
28490 9619 20030
20030 9619 28490
9619 20030 28490
17203 1071 5442
1071 5442 17203
5442 1071 17203
17413 9007 15494
9007 15494 17413
15494 9007 17413
1238 7127 14406
14406 1238 7127
7127 1238 14406
22247 11547 12360
12360 11547 22247
11547 12360 22247
22460 1697 20166
1697 20166 22460
20166 1697 22460
14309 19315 23091
23091 14309 19315
19315 14309 23091
18846 2177 5016
2177 5016 18846
5016 2177 18846
9294 16936 25516
25516 9294 16936
16936 9294 25516
10535 11624 28143
11624 10535 28143
28143 10535 11624
419 4094 22752
4094 419 22752
22752 419 4094
4735 3854 10155
3854 4735 10155
10155 3854 4735
25559 17756 25733
25733 17756 25559
17756 25559 25733
16072 12017 21143
21143 12017 16072
12017 16072 21143
29456 18422 28808
28808 18422 29456
18422 28808 29456
22228 8132 24189
24189 8132 22228
8132 22228 24189
21619 14141 21380
14141 21380 21619
21380 14141 21619
202 17598 21821
17598 202 21821
21821 202 17598
14689 7913 13980
13980 7913 14689
7913 13980 14689
14195 26304 29173
29173 14195 26304
26304 14195 29173
11749 4217 6621
6621 4217 11749
4217 6621 11749
2963 26268 29244
26268 2963 29244
29244 2963 26268
929 17015 23501
17015 929 23501
23501 929 17015
9547 6300 21681
6300 9547 21681
21681 6300 9547
2878 3101 25216
25216 2878 3101
3101 2878 25216
567 18429 21013
21013 567 18429
18429 567 21013
12278 2194 27613
27613 2194 12278
2194 12278 27613
27586 11728 18836
18836 11728 27586
11728 18836 27586
28751 9035 25815
25815 9035 28751
9035 25815 28751
27381 4437 22587
22587 4437 27381
4437 22587 27381
1978 22861 24916
24916 1978 22861
22861 1978 24916
11669 6992 29615
29615 6992 11669
6992 11669 29615
19353 5009 18143
5009 18143 19353
18143 5009 19353
670 18829 22573
18829 670 22573
22573 670 18829
13835 13404 28620
28620 13404 13835
13404 13835 28620
10421 8960 26389
26389 8960 10421
8960 10421 26389
28787 4532 29628
4532 28787 29628
29628 4532 28787
378 11078 15965
11078 378 15965
15965 378 11078
26115 15873 15926
15926 15873 26115
15873 15926 26115
19192 1964 14972
1964 14972 19192
14972 1964 19192
21910 25417 29027
29027 21910 25417
25417 21910 29027
23205 7444 23131
23131 7444 23205
7444 23131 23205
19894 620 7927
7927 620 19894
620 7927 19894
23157 5688 21031
5688 21031 23157
21031 5688 23157
21078 26713 26895
26895 21078 26713
26713 21078 26895
20271 14011 24964
14011 20271 24964
24964 14011 20271
18457 12403 18894
12403 18457 18894
18894 12403 18457
23337 9435 10620
10620 9435 23337
9435 10620 23337
25419 9745 23989
23989 9745 25419
9745 23989 25419
23809 4460 23656
4460 23656 23809
23656 4460 23809
20813 3676 3898
3676 3898 20813
3898 3676 20813
16135 9323 25785
9323 16135 25785
25785 9323 16135
15715 24370 25848
24370 15715 25848
25848 15715 24370
28532 14392 21444
14392 21444 28532
21444 14392 28532
17744 1460 20556
20556 1460 17744
1460 17744 20556
4276 15161 19571
19571 4276 15161
15161 4276 19571
14357 11909 22985
22985 11909 14357
11909 14357 22985
26453 12175 24146
12175 24146 26453
24146 12175 26453
24690 10714 27644
10714 24690 27644
27644 10714 24690
26708 3183 22930
22930 3183 26708
3183 22930 26708
21926 19136 22631
19136 21926 22631
22631 19136 21926
6106 2861 7295
7295 2861 6106
2861 6106 7295
29544 2872 5150
5150 2872 29544
2872 5150 29544
11108 14388 28848
28848 11108 14388
14388 11108 28848
7130 10611 20730
10611 7130 20730
20730 7130 10611
5058 13486 21633
13486 5058 21633
21633 5058 13486
16109 14864 25611
25611 14864 16109
14864 16109 25611
4890 8671 18435
8671 4890 18435
18435 4890 8671
11182 6857 12557
6857 11182 12557
12557 6857 11182
28333 24540 29099
24540 28333 29099
29099 24540 28333
18612 8800 23561
23561 8800 18612
8800 18612 23561
15290 8256 25072
8256 15290 25072
25072 8256 15290
19363 12949 25852
25852 12949 19363
12949 19363 25852
25538 15087 15543
15087 15543 25538
15543 15087 25538
12956 14501 22519
14501 12956 22519
22519 12956 14501
27834 20983 20990
20990 20983 27834
20983 20990 27834
20886 6653 6878
6878 6653 20886
6653 6878 20886
5641 21770 23911
21770 5641 23911
23911 5641 21770
18407 9851 14920
14920 9851 18407
9851 14920 18407
29685 3024 6216
3024 6216 29685
6216 3024 29685
24062 9578 29478
29478 9578 24062
9578 24062 29478
10541 19221 27938
19221 10541 27938
27938 10541 19221
5574 9546 25484
25484 5574 9546
9546 5574 25484
4980 51 17677
51 4980 17677
17677 51 4980
19247 10093 29164
29164 10093 19247
10093 19247 29164
17233 20760 29520
29520 17233 20760
20760 17233 29520
28149 4260 8692
4260 8692 28149
8692 4260 28149
13340 3810 6386
3810 6386 13340
6386 3810 13340
22073 10063 15796
10063 15796 22073
15796 10063 22073
2923 1468 8827
1468 2923 8827
8827 1468 2923
24706 10009 17531
17531 10009 24706
10009 17531 24706
28583 4583 29382
4583 28583 29382
29382 4583 28583
9648 8328 28795
28795 8328 9648
8328 9648 28795
5679 4864 14955
4864 5679 14955
14955 4864 5679
4997 10348 26483
10348 4997 26483
26483 4997 10348
1947 9416 12607
12607 1947 9416
9416 1947 12607
23319 7695 29395
29395 7695 23319
7695 23319 29395
26370 4380 10328
10328 4380 26370
4380 10328 26370
20099 4807 8361
8361 4807 20099
4807 8361 20099
20306 2836 29634
29634 2836 20306
2836 20306 29634
15361 16275 25293
25293 15361 16275
16275 15361 25293
12747 4297 23883
4297 12747 23883
23883 4297 12747
16911 12572 29772
12572 16911 29772
29772 12572 16911
27900 7900 16606
7900 16606 27900
16606 7900 27900
10323 5601 24376
5601 10323 24376
24376 5601 10323
27494 21707 21794
21794 21707 27494
21707 21794 27494
16818 21277 22688
21277 16818 22688
22688 16818 21277
6104 4084 14828
4084 6104 14828
14828 4084 6104
12965 3705 28125
28125 3705 12965
3705 12965 28125
24986 22320 24639
22320 24639 24986
24639 22320 24986
26127 7250 10899
10899 7250 26127
7250 10899 26127
23124 11405 12483
11405 12483 23124
12483 11405 23124
2603 22876 27533
22876 2603 27533
27533 2603 22876
19084 19076 28765
28765 19076 19084
19076 19084 28765
3975 11972 17551
17551 3975 11972
11972 3975 17551
12157 8216 14271
8216 12157 14271
14271 8216 12157
19578 19010 26202
26202 19010 19578
19010 19578 26202
17768 2407 5295
2407 5295 17768
5295 2407 17768
20484 18020 21980
21980 18020 20484
18020 20484 21980
23331 14700 24131
24131 14700 23331
14700 23331 24131
7534 2140 21534
2140 7534 21534
21534 2140 7534
11936 18376 28875
18376 11936 28875
28875 11936 18376
27339 5319 11196
5319 11196 27339
11196 5319 27339
22496 5432 25178
25178 5432 22496
5432 22496 25178
5512 21505 26694
26694 5512 21505
21505 5512 26694
16923 7796 8963
8963 7796 16923
7796 8963 16923
344 17410 20014
20014 344 17410
17410 344 20014
17627 16106 24425
24425 16106 17627
16106 17627 24425
22271 21670 23243
23243 21670 22271
21670 22271 23243
17672 7111 10444
10444 7111 17672
7111 10444 17672
21545 10242 16725
10242 16725 21545
16725 10242 21545
22007 22070 26240
26240 22007 22070
22070 22007 26240
15258 10296 25606
25606 10296 15258
10296 15258 25606
12264 18696 24098
18696 12264 24098
24098 12264 18696
9061 16223 18983
16223 9061 18983
18983 9061 16223
15437 3892 10637
10637 3892 15437
3892 10637 15437
9268 4168 21982
21982 4168 9268
4168 9268 21982
2215 16763 24696
24696 2215 16763
16763 2215 24696
5695 6291 8406
6291 5695 8406
8406 5695 6291
17166 5481 9592
5481 9592 17166
9592 5481 17166
10246 3669 18461
3669 10246 18461
18461 3669 10246
16574 2112 22000
2112 16574 22000
22000 2112 16574
18032 14328 23504
23504 14328 18032
14328 18032 23504
11347 22343 27370
27370 11347 22343
22343 11347 27370
24667 8846 17662
8846 17662 24667
17662 8846 24667
11133 1667 11439
1667 11133 11439
11439 1667 11133
11 15747 23349
15747 11 23349
23349 11 15747
19287 12148 22229
12148 19287 22229
22229 12148 19287
21179 124 23102
124 21179 23102
23102 124 21179
13968 7802 26618
26618 7802 13968
7802 13968 26618
29816 9262 19591
9262 19591 29816
19591 9262 29816
10589 6939 22404
22404 6939 10589
6939 10589 22404
15838 4742 24093
24093 4742 15838
4742 15838 24093
985 10181 18556
10181 985 18556
18556 985 10181
25543 11449 29745
11449 25543 29745
29745 11449 25543
20741 6716 8687
8687 6716 20741
6716 8687 20741
24041 10383 13102
10383 13102 24041
13102 10383 24041
14472 1646 26621
1646 14472 26621
26621 1646 14472
1167 22201 26625
26625 1167 22201
22201 1167 26625
7767 10082 24184
10082 7767 24184
24184 7767 10082
4648 2645 25668
2645 4648 25668
25668 2645 4648
8261 6350 29133
29133 6350 8261
6350 8261 29133
1494 910 17409
910 1494 17409
17409 910 1494
7999 25371 25790
25790 7999 25371
25371 7999 25790
3702 22448 26464
22448 3702 26464
26464 3702 22448
226 16094 22816
16094 226 22816
22816 226 16094
5358 20728 23919
23919 5358 20728
20728 5358 23919
5302 17057 24640
24640 5302 17057
17057 5302 24640
9849 21950 22126
22126 9849 21950
21950 9849 22126
12921 13151 23618
13151 12921 23618
23618 12921 13151
12244 854 16001
16001 854 12244
854 12244 16001
13725 6729 23436
23436 6729 13725
6729 13725 23436
15728 4909 17167
17167 4909 15728
4909 15728 17167
29952 22757 23554
23554 22757 29952
22757 23554 29952
21097 866 10058
10058 866 21097
866 10058 21097
25270 23049 27410
23049 25270 27410
27410 23049 25270
7572 11515 17910
11515 7572 17910
17910 7572 11515
448 9254 14434
14434 448 9254
9254 448 14434
15800 4754 6516
4754 6516 15800
6516 4754 15800
20187 18469 25102
25102 18469 20187
18469 20187 25102
10175 11579 20827
11579 10175 20827
20827 10175 11579
27912 5900 9263
9263 5900 27912
5900 9263 27912
21993 9710 11688
11688 9710 21993
9710 11688 21993
21270 500 3808
3808 500 21270
500 3808 21270
19593 6819 11042
6819 11042 19593
11042 6819 19593
21369 1560 7482
7482 1560 21369
1560 7482 21369
24892 12081 27182
27182 12081 24892
12081 24892 27182
24771 15983 22807
22807 15983 24771
15983 22807 24771
18012 15627 19699
15627 18012 19699
19699 15627 18012
26920 16517 26448
26448 16517 26920
16517 26448 26920
23252 9125 14256
9125 14256 23252
14256 9125 23252
3061 1961 27072
1961 3061 27072
27072 1961 3061
20837 17933 29004
17933 20837 29004
29004 17933 20837
22078 8495 25839
8495 22078 25839
25839 8495 22078
28243 13159 28011
28011 13159 28243
13159 28011 28243
26022 13388 20832
13388 20832 26022
20832 13388 26022
25186 9817 10973
10973 9817 25186
9817 10973 25186
20309 10739 25273
25273 10739 20309
10739 20309 25273
6259 16487 20992
16487 6259 20992
20992 6259 16487
2173 13400 25083
13400 2173 25083
25083 2173 13400
18489 5114 15566
5114 15566 18489
15566 5114 18489
17051 18242 24518
18242 17051 24518
24518 17051 18242
12077 10446 15693
10446 12077 15693
15693 10446 12077
18443 20903 25082
25082 18443 20903
20903 18443 25082
26776 29621 29670
29621 26776 29670
29670 26776 29621
24126 17741 18783
18783 17741 24126
17741 18783 24126
25532 15049 23310
23310 15049 25532
15049 23310 25532
5961 7840 17540
7840 5961 17540
17540 5961 7840
20307 25927 27549
27549 20307 25927
25927 20307 27549
6778 2605 12197
2605 6778 12197
12197 2605 6778
2470 16525 18463
16525 2470 18463
18463 2470 16525
19627 1913 18290
18290 1913 19627
1913 18290 19627
7114 11614 24660
11614 7114 24660
24660 7114 11614
2398 11298 22660
22660 2398 11298
11298 2398 22660
19904 9497 22402
22402 9497 19904
9497 19904 22402
8275 2084 13790
2084 8275 13790
13790 2084 8275
25930 15974 26891
15974 25930 26891
26891 15974 25930
26565 22256 23515
23515 22256 26565
22256 23515 26565
21665 2090 16225
16225 2090 21665
2090 16225 21665
6406 4772 25724
4772 6406 25724
25724 4772 6406
8643 4851 16583
4851 8643 16583
16583 4851 8643
18192 1853 12706
12706 1853 18192
1853 12706 18192
23147 61 22053
22053 61 23147
61 22053 23147
20184 593 26425
26425 593 20184
593 20184 26425
19336 9844 16034
9844 16034 19336
16034 9844 19336
14741 7915 28496
28496 7915 14741
7915 14741 28496
4081 22182 26111
26111 4081 22182
22182 4081 26111
8686 4871 20091
4871 8686 20091
20091 4871 8686
12726 2634 24022
24022 2634 12726
2634 12726 24022
1463 19065 24444
24444 1463 19065
19065 1463 24444
20486 16149 29286
16149 20486 29286
29286 16149 20486
21190 9377 11836
9377 11836 21190
11836 9377 21190
24748 3119 12736
12736 3119 24748
3119 12736 24748
6893 2050 17192
2050 6893 17192
17192 2050 6893
129 1124 21122
1124 129 21122
21122 129 1124
9951 10376 13564
13564 9951 10376
10376 9951 13564
8852 6888 7262
6888 7262 8852
7262 6888 8852
23055 23793 25279
23793 23055 25279
25279 23055 23793
18909 3556 14698
3556 14698 18909
14698 3556 18909
19016 532 4882
532 4882 19016
4882 532 19016
1201 3405 10815
10815 1201 3405
3405 1201 10815
12579 1677 17700
17700 1677 12579
1677 12579 17700
14164 3915 21933
3915 14164 21933
21933 3915 14164
21844 23027 27547
27547 21844 23027
23027 21844 27547
9011 6869 29466
6869 9011 29466
29466 6869 9011
19701 5418 13119
13119 5418 19701
5418 13119 19701
28471 9717 10838
9717 10838 28471
10838 9717 28471
17748 1043 6666
1043 6666 17748
6666 1043 17748
25146 1892 8737
8737 1892 25146
1892 8737 25146
27443 18396 26110
26110 18396 27443
18396 26110 27443
2967 1816 17885
1816 2967 17885
17885 1816 2967
28898 16770 19209
16770 19209 28898
19209 16770 28898
18119 3311 16199
16199 3311 18119
3311 16199 18119
25936 101 7168
7168 101 25936
101 7168 25936
16884 3646 26954
26954 3646 16884
3646 16884 26954
8469 1319 26073
26073 1319 8469
1319 8469 26073
14975 3591 19162
3591 14975 19162
19162 3591 14975
25271 3254 22520
3254 22520 25271
22520 3254 25271
26072 3327 26291
3327 26072 26291
26291 3327 26072
21222 25000 25027
25027 21222 25000
25000 21222 25027
3577 7345 22585
7345 3577 22585
22585 3577 7345
1594 15815 24762
24762 1594 15815
15815 1594 24762
26605 11711 21931
21931 11711 26605
11711 21931 26605
10325 16467 18307
18307 10325 16467
16467 10325 18307
24013 8192 28346
8192 24013 28346
28346 8192 24013
9819 6031 27920
6031 9819 27920
27920 6031 9819
20171 14797 29825
14797 20171 29825
29825 14797 20171
4164 1495 18785
18785 1495 4164
1495 4164 18785
3849 19511 20987
20987 3849 19511
19511 3849 20987
817 4108 15579
4108 817 15579
15579 817 4108
1603 11871 27224
27224 1603 11871
11871 1603 27224
4436 3724 25912
3724 4436 25912
25912 3724 4436
26263 16235 22257
22257 16235 26263
16235 22257 26263
22738 3564 21280
3564 21280 22738
21280 3564 22738
9382 11297 19043
19043 9382 11297
11297 9382 19043
23214 3179 15647
3179 15647 23214
15647 3179 23214
12079 3146 23360
3146 12079 23360
23360 3146 12079
11764 26156 29136
29136 11764 26156
26156 11764 29136
20864 16744 20092
20092 16744 20864
16744 20092 20864
24898 2363 4662
2363 4662 24898
4662 2363 24898
7489 3831 19752
19752 3831 7489
3831 7489 19752
26724 16898 24065
24065 16898 26724
16898 24065 26724
9266 18854 29908
18854 9266 29908
29908 9266 18854
9477 2517 19345
19345 2517 9477
2517 9477 19345
15688 318 7775
7775 318 15688
318 7775 15688
29116 12482 21516
21516 12482 29116
12482 21516 29116
10937 9676 27977
9676 10937 27977
27977 9676 10937
23629 3334 12654
3334 12654 23629
12654 3334 23629
24721 11756 21981
11756 21981 24721
21981 11756 24721
27961 2817 22050
22050 2817 27961
2817 22050 27961
7565 467 27078
27078 467 7565
467 7565 27078
8029 6130 25354
25354 6130 8029
6130 8029 25354
3321 6858 27859
27859 3321 6858
6858 3321 27859
10840 3927 28345
28345 3927 10840
3927 10840 28345
22974 9570 22525
22525 9570 22974
9570 22525 22974
27930 2401 2483
2401 2483 27930
2483 2401 27930
15063 5897 12690
12690 5897 15063
5897 12690 15063
28182 8166 8295
8166 8295 28182
8295 8166 28182
535 18705 20564
20564 535 18705
18705 535 20564
12996 2946 27565
2946 12996 27565
27565 2946 12996
5101 4296 13833
4296 5101 13833
13833 4296 5101
5290 6855 16747
6855 5290 16747
16747 5290 6855
17878 5355 11060
5355 11060 17878
11060 5355 17878
1976 8471 24435
24435 1976 8471
8471 1976 24435
18739 7614 13922
7614 13922 18739
13922 7614 18739
41 16410 29318
29318 41 16410
16410 41 29318
14115 13845 14031
14031 13845 14115
13845 14031 14115
17516 7885 18293
18293 7885 17516
7885 17516 18293
14826 4326 18827
18827 4326 14826
4326 14826 18827
7593 25021 25557
25021 7593 25557
25557 7593 25021
16919 10248 18899
18899 10248 16919
10248 16919 18899
16757 474 21065
21065 474 16757
474 16757 21065
5093 5690 12692
12692 5093 5690
5690 5093 12692
15364 11250 15073
15073 11250 15364
11250 15073 15364
12511 14069 20067
20067 12511 14069
14069 12511 20067
2543 6437 17382
17382 2543 6437
6437 2543 17382
26269 7421 15385
15385 7421 26269
7421 15385 26269
15079 23189 24934
23189 15079 24934
24934 15079 23189
2914 7921 29801
29801 2914 7921
7921 2914 29801
1359 1393 3474
1393 1359 3474
3474 1359 1393
27417 19470 21607
19470 21607 27417
21607 19470 27417
24426 5098 16889
5098 16889 24426
16889 5098 24426
8586 6440 12718
6440 8586 12718
12718 6440 8586
23692 913 25232
913 23692 25232
25232 913 23692
18618 12106 18773
18773 12106 18618
12106 18618 18773
14073 13711 19845
13711 14073 19845
19845 13711 14073
16027 25321 27055
25321 16027 27055
27055 16027 25321
24438 14121 23460
14121 23460 24438
23460 14121 24438
24555 1666 20075
20075 1666 24555
1666 20075 24555
1118 10546 21241
21241 1118 10546
10546 1118 21241
570 84 14335
14335 84 570
84 570 14335
5119 18345 28527
28527 5119 18345
18345 5119 28527
1024 15758 17743
17743 1024 15758
15758 1024 17743
1240 14224 26116
14224 1240 26116
26116 1240 14224
15135 3955 17284
17284 3955 15135
3955 15135 17284
12203 11076 24805
24805 11076 12203
11076 12203 24805
23164 10944 22449
22449 10944 23164
10944 22449 23164
6645 12035 27245
12035 6645 27245
27245 6645 12035
13030 754 14378
14378 754 13030
754 13030 14378
21958 14298 25086
25086 14298 21958
14298 21958 25086
28081 7089 24985
24985 7089 28081
7089 24985 28081
14022 4528 28917
4528 14022 28917
28917 4528 14022
23948 329 17334
329 17334 23948
17334 329 23948
27755 6036 21780
6036 21780 27755
21780 6036 27755
18758 10432 12631
10432 12631 18758
12631 10432 18758
29762 7433 8518
7433 8518 29762
8518 7433 29762
115 2502 11639
2502 115 11639
11639 115 2502
15990 7473 25143
7473 15990 25143
25143 7473 15990
9789 22005 24412
22005 9789 24412
24412 9789 22005
5936 15305 22222
22222 5936 15305
15305 5936 22222
14287 14924 27258
14924 14287 27258
27258 14287 14924
27087 16057 21189
21189 16057 27087
16057 21189 27087
20570 2316 14940
14940 2316 20570
2316 14940 20570
29567 406 3303
406 3303 29567
3303 406 29567
637 2026 5187
5187 637 2026
2026 637 5187
27736 6496 15460
6496 15460 27736
15460 6496 27736
6280 15657 28801
28801 6280 15657
15657 6280 28801
25177 8426 24623
8426 24623 25177
24623 8426 25177
10884 2229 16075
16075 2229 10884
2229 10884 16075
10197 7848 18902
7848 10197 18902
18902 7848 10197
3987 14284 23679
14284 3987 23679
23679 3987 14284
23885 17872 19006
17872 19006 23885
19006 17872 23885
18046 9306 25164
9306 18046 25164
25164 9306 18046
11391 3539 21637
3539 11391 21637
21637 3539 11391
27693 2948 21146
2948 21146 27693
21146 2948 27693
10022 2689 3073
2689 3073 10022
3073 2689 10022
4770 5787 10999
5787 4770 10999
10999 4770 5787
4805 3239 12359
12359 3239 4805
3239 4805 12359
23974 4026 9840
4026 9840 23974
9840 4026 23974
15168 15418 24843
15418 15168 24843
24843 15168 15418
14606 13116 13449
13449 13116 14606
13116 13449 14606
16326 9161 28701
9161 16326 28701
28701 9161 16326
24405 496 26518
26518 496 24405
496 24405 26518
20056 2789 25983
25983 2789 20056
2789 20056 25983
7520 728 7487
7487 728 7520
728 7487 7520
18206 10774 14528
14528 10774 18206
10774 14528 18206
29034 1426 20754
1426 20754 29034
20754 1426 29034
28797 9987 29774
29774 9987 28797
9987 28797 29774
18796 3149 16501
3149 16501 18796
16501 3149 18796
7086 12858 19277
19277 7086 12858
12858 7086 19277
27878 1484 15651
1484 15651 27878
15651 1484 27878
22633 15832 17641
15832 17641 22633
17641 15832 22633
26624 15285 24543
24543 15285 26624
15285 24543 26624
14083 14898 25692
14898 14083 25692
25692 14083 14898
14860 9329 14748
14748 9329 14860
9329 14748 14860
8781 6538 7513
7513 6538 8781
6538 7513 8781
21984 13582 23473
23473 13582 21984
13582 21984 23473
15289 3124 16465
16465 3124 15289
3124 15289 16465
23717 16846 23566
16846 23566 23717
23566 16846 23717
14949 4410 18137
4410 14949 18137
18137 4410 14949
12122 4323 20778
4323 12122 20778
20778 4323 12122
24992 619 1192
1192 619 24992
619 1192 24992
249 2253 12297
12297 249 2253
2253 249 12297
21723 12860 21824
21824 12860 21723
12860 21723 21824
1835 23232 27669
23232 1835 27669
27669 1835 23232
20848 27870 28804
27870 20848 28804
28804 20848 27870
769 20977 24810
20977 769 24810
24810 769 20977
22360 5464 14197
5464 14197 22360
14197 5464 22360
13820 9366 26750
26750 9366 13820
9366 13820 26750
15425 25803 29532
25803 15425 29532
29532 15425 25803
20168 14906 15303
15303 14906 20168
14906 15303 20168
27581 21834 28375
28375 21834 27581
21834 27581 28375
18097 4660 11724
4660 11724 18097
11724 4660 18097
21357 13844 17512
17512 13844 21357
13844 17512 21357
20894 13347 23419
23419 13347 20894
13347 20894 23419
22331 16111 25067
25067 16111 22331
16111 22331 25067
10729 1424 11641
11641 1424 10729
1424 10729 11641
14570 9689 25108
25108 9689 14570
9689 14570 25108
13034 14712 23100
23100 13034 14712
14712 13034 23100
20889 12845 18136
18136 12845 20889
12845 18136 20889
613 11456 29309
29309 613 11456
11456 613 29309
8542 26628 29471
26628 8542 29471
29471 8542 26628
718 19464 21652
21652 718 19464
19464 718 21652
5893 1747 23190
23190 1747 5893
1747 5893 23190
27503 8497 28757
28757 8497 27503
8497 27503 28757
8258 8039 14146
8039 8258 14146
14146 8039 8258
435 8172 17676
8172 435 17676
17676 435 8172
24738 13527 14973
13527 14973 24738
14973 13527 24738
17320 12907 28158
12907 17320 28158
28158 12907 17320
9512 15213 28707
15213 9512 28707
28707 9512 15213
12764 6039 15803
6039 12764 15803
15803 6039 12764
30 9117 17541
9117 30 17541
17541 30 9117
18940 7673 14848
7673 14848 18940
14848 7673 18940
16357 8882 27777
8882 16357 27777
27777 8882 16357
3389 14018 14705
14018 3389 14705
14705 3389 14018
827 73 5975
73 827 5975
5975 73 827
12291 8219 19346
8219 12291 19346
19346 8219 12291
24467 2962 17494
17494 2962 24467
2962 17494 24467
15393 1216 2704
1216 2704 15393
2704 1216 15393
18389 6948 25822
6948 18389 25822
25822 6948 18389
4384 5126 13392
5126 4384 13392
13392 4384 5126
11524 23497 23792
23497 11524 23792
23792 11524 23497
9629 1469 18754
1469 9629 18754
18754 1469 9629
11453 24139 29706
29706 11453 24139
24139 11453 29706
25938 1295 18294
1295 18294 25938
18294 1295 25938
8348 8633 22316
22316 8348 8633
8633 8348 22316
14477 8549 19369
8549 14477 19369
19369 8549 14477
1300 12421 19264
19264 1300 12421
12421 1300 19264
11649 10117 11408
11408 10117 11649
10117 11408 11649
24529 2239 5806
5806 2239 24529
2239 5806 24529
24489 7343 24505
7343 24489 24505
24505 7343 24489
1165 2611 2828
2828 1165 2611
2611 1165 2828
12741 17133 29210
29210 12741 17133
17133 12741 29210
167 10644 10946
10946 167 10644
10644 167 10946
622 2268 8206
2268 622 8206
8206 622 2268
17062 5316 5853
5853 5316 17062
5316 5853 17062
28637 4521 16471
4521 16471 28637
16471 4521 28637
18557 22479 29847
29847 18557 22479
22479 18557 29847
6780 4023 5909
4023 5909 6780
5909 4023 6780
22308 3286 23330
3286 22308 23330
23330 3286 22308
29379 1600 28705
1600 28705 29379
28705 1600 29379
3312 9358 21402
21402 3312 9358
9358 3312 21402
21720 2897 18729
18729 2897 21720
2897 18729 21720
14523 3423 14674
3423 14523 14674
14674 3423 14523
21408 17431 24850
17431 21408 24850
24850 17431 21408
19048 2205 21869
21869 2205 19048
2205 19048 21869
22845 8227 17895
17895 8227 22845
8227 17895 22845
22337 15574 19230
19230 15574 22337
15574 19230 22337
19047 8006 22664
22664 8006 19047
8006 19047 22664
346 13035 15373
13035 346 15373
15373 346 13035
4823 21159 21204
21204 4823 21159
21159 4823 21204
7777 23998 27144
23998 7777 27144
27144 7777 23998
21884 8507 9533
8507 9533 21884
9533 8507 21884
15716 9872 23148
9872 15716 23148
23148 9872 15716
27324 8702 24176
24176 8702 27324
8702 24176 27324
23899 3761 29032
3761 23899 29032
29032 3761 23899
11132 22383 25411
25411 11132 22383
22383 11132 25411
11368 4562 29961
4562 11368 29961
29961 4562 11368
9530 7570 17571
17571 7570 9530
7570 9530 17571
19646 2930 3859
2930 3859 19646
3859 2930 19646
17688 5222 20859
20859 5222 17688
5222 17688 20859
5682 7809 15001
15001 5682 7809
7809 5682 15001
27795 17892 27810
27810 17892 27795
17892 27795 27810
29283 4086 10207
10207 4086 29283
4086 10207 29283
20103 22131 24576
22131 20103 24576
24576 20103 22131
25748 12074 22914
12074 22914 25748
22914 12074 25748
10177 15321 19128
15321 10177 19128
19128 10177 15321
25372 2347 7485
7485 2347 25372
2347 7485 25372
17065 4269 11324
11324 4269 17065
4269 11324 17065
19384 12909 26752
12909 19384 26752
26752 12909 19384
12696 8835 29851
8835 12696 29851
29851 8835 12696
25925 3143 25971
3143 25925 25971
25971 3143 25925
17433 12934 17345
12934 17345 17433
17345 12934 17433
24461 24649 27699
27699 24461 24649
24649 24461 27699
2362 23935 24852
24852 2362 23935
23935 2362 24852
11583 2577 8315
2577 8315 11583
8315 2577 11583
20044 21077 27978
27978 20044 21077
21077 20044 27978
15198 16802 18794
16802 15198 18794
18794 15198 16802
9375 17205 19365
17205 9375 19365
19365 9375 17205
16654 739 7633
739 7633 16654
7633 739 16654
12340 6744 27066
6744 12340 27066
27066 6744 12340
15871 27280 28137
28137 15871 27280
27280 15871 28137
22368 21763 29580
21763 22368 29580
29580 21763 22368
18602 10545 15244
15244 10545 18602
10545 15244 18602
20304 22241 27307
22241 20304 27307
27307 20304 22241
24280 13197 20931
20931 13197 24280
13197 20931 24280
8863 20254 22708
22708 8863 20254
20254 8863 22708
13066 3369 25829
3369 13066 25829
25829 3369 13066
4433 9612 16491
16491 4433 9612
9612 4433 16491
20795 9753 21163
21163 9753 20795
9753 20795 21163
27419 3055 10932
3055 10932 27419
10932 3055 27419
25717 2264 14443
14443 2264 25717
2264 14443 25717
8157 4615 25762
25762 4615 8157
4615 8157 25762
24569 2101 23748
23748 2101 24569
2101 23748 24569
28753 27309 27747
27747 27309 28753
27309 27747 28753
11420 10268 13056
13056 10268 11420
10268 11420 13056
7652 1430 4312
4312 1430 7652
1430 4312 7652
10124 3100 11625
3100 10124 11625
11625 3100 10124
16033 1022 4386
1022 4386 16033
4386 1022 16033
16545 6904 10635
10635 6904 16545
6904 10635 16545
18397 14731 29226
14731 18397 29226
29226 14731 18397
25292 2839 13395
13395 2839 25292
2839 13395 25292
28115 4658 12663
4658 12663 28115
12663 4658 28115
1013 19991 24485
24485 1013 19991
19991 1013 24485
28560 7536 10427
10427 7536 28560
7536 10427 28560
197 372 22141
22141 197 372
372 197 22141
14278 25260 27853
25260 14278 27853
27853 14278 25260
23053 636 21593
636 21593 23053
21593 636 23053
16681 3460 5104
5104 3460 16681
3460 5104 16681
3819 2388 28060
28060 2388 3819
2388 3819 28060
18526 3506 5988
3506 5988 18526
5988 3506 18526
11140 10463 18964
10463 11140 18964
18964 10463 11140
13954 8830 17592
8830 13954 17592
17592 8830 13954
28293 3127 5258
5258 3127 28293
3127 5258 28293
4902 7558 27315
27315 4902 7558
7558 4902 27315
9609 9326 12875
12875 9326 9609
9326 9609 12875
29061 4966 24617
24617 4966 29061
4966 24617 29061
16776 15033 17453
17453 15033 16776
15033 16776 17453
15912 16834 18532
18532 15912 16834
16834 15912 18532
22248 6028 14616
14616 6028 22248
6028 14616 22248
8050 2823 7644
2823 7644 8050
7644 2823 8050
10817 6299 7792
6299 7792 10817
7792 6299 10817
17395 4756 18569
4756 17395 18569
18569 4756 17395
25095 18641 27386
27386 18641 25095
18641 25095 27386
17525 22577 27222
27222 17525 22577
22577 17525 27222
8793 983 13420
13420 983 8793
983 8793 13420
29534 9939 18623
9939 18623 29534
18623 9939 29534
18688 18507 27429
27429 18507 18688
18507 18688 27429
24883 21265 21728
21728 21265 24883
21265 21728 24883
14090 7512 8889
8889 7512 14090
7512 8889 14090
4791 25781 29782
29782 4791 25781
25781 4791 29782
17102 11530 28627
11530 17102 28627
28627 11530 17102
15472 12737 20189
12737 15472 20189
20189 12737 15472
7975 18400 28563
28563 7975 18400
18400 7975 28563
15863 3821 18014
18014 3821 15863
3821 15863 18014
17208 12848 27937
12848 17208 27937
27937 12848 17208
23887 4516 6874
6874 4516 23887
4516 6874 23887
11169 12407 23484
23484 11169 12407
12407 11169 23484
24819 6077 26687
26687 6077 24819
6077 24819 26687
21772 27070 28626
28626 21772 27070
27070 21772 28626
25923 5288 13458
13458 5288 25923
5288 13458 25923
20995 1333 4271
1333 4271 20995
4271 1333 20995
23933 6032 13353
6032 13353 23933
13353 6032 23933
3644 14857 24449
14857 3644 24449
24449 3644 14857
9143 2886 18153
18153 2886 9143
2886 9143 18153
23453 22508 29070
29070 22508 23453
22508 23453 29070
23099 19415 29897
29897 19415 23099
19415 23099 29897
6448 20431 24385
20431 6448 24385
24385 6448 20431
12158 1659 23779
1659 12158 23779
23779 1659 12158
19552 15989 17974
15989 17974 19552
17974 15989 19552
28962 4606 20921
4606 20921 28962
20921 4606 28962
19474 4375 9445
4375 9445 19474
9445 4375 19474
5113 10262 22162
22162 5113 10262
10262 5113 22162
7944 8493 17143
8493 7944 17143
17143 7944 8493
17097 9803 27781
9803 17097 27781
27781 9803 17097
25430 9506 26441
9506 25430 26441
26441 9506 25430
4819 9199 16548
9199 4819 16548
16548 4819 9199
19147 5746 5767
5746 5767 19147
5767 5746 19147
27507 578 19784
578 19784 27507
19784 578 27507
11333 13225 27294
27294 11333 13225
13225 11333 27294
3194 21054 29137
21054 3194 29137
29137 3194 21054
27531 838 10605
838 10605 27531
10605 838 27531
14709 22605 28807
28807 14709 22605
22605 14709 28807
17172 8014 26065
8014 17172 26065
26065 8014 17172
13929 834 1791
1791 834 13929
834 1791 13929
25448 15017 26794
26794 15017 25448
15017 25448 26794
14970 13150 20482
20482 13150 14970
13150 14970 20482
9357 25454 29640
25454 9357 29640
29640 9357 25454
15978 11797 16736
11797 15978 16736
16736 11797 15978
7449 19531 25876
25876 7449 19531
19531 7449 25876
1570 110 14430
110 1570 14430
14430 110 1570
1399 21486 29718
29718 1399 21486
21486 1399 29718
28246 6733 20616
6733 20616 28246
20616 6733 28246
3287 5800 20391
20391 3287 5800
5800 3287 20391
19583 4416 21216
4416 19583 21216
21216 4416 19583
13687 665 17537
17537 665 13687
665 13687 17537
5181 19635 21699
21699 5181 19635
19635 5181 21699
28148 6375 27187
27187 6375 28148
6375 27187 28148
29444 1131 20394
1131 20394 29444
20394 1131 29444
11672 23558 24276
23558 11672 24276
24276 11672 23558
14435 5246 7507
5246 7507 14435
7507 5246 14435
23073 5640 22357
5640 22357 23073
22357 5640 23073
6282 50 23863
50 6282 23863
23863 50 6282
14897 18775 20083
18775 14897 20083
20083 14897 18775
17258 8965 26438
26438 8965 17258
8965 17258 26438
20699 26796 28824
26796 20699 28824
28824 20699 26796
17582 11757 21975
21975 11757 17582
11757 17582 21975
23799 9068 26312
26312 9068 23799
9068 23799 26312
4355 807 24673
24673 807 4355
807 4355 24673
8204 16196 21908
16196 8204 21908
21908 8204 16196
29862 20234 26998
26998 20234 29862
20234 26998 29862
7721 12959 27053
27053 7721 12959
12959 7721 27053
26607 2612 13990
2612 13990 26607
13990 2612 26607
15573 15837 21014
21014 15573 15837
15837 15573 21014
11730 5305 25597
25597 5305 11730
5305 11730 25597
28255 1455 17058
17058 1455 28255
1455 17058 28255
28568 1569 1719
1569 1719 28568
1719 1569 28568
18751 6740 21930
6740 18751 21930
21930 6740 18751
2686 10413 12912
10413 2686 12912
12912 2686 10413
24946 8907 21682
8907 21682 24946
21682 8907 24946
5849 4620 5415
4620 5415 5849
5415 4620 5849
28754 390 28363
28363 390 28754
390 28363 28754
10896 1919 18891
1919 10896 18891
18891 1919 10896
25163 21199 29068
21199 25163 29068
29068 21199 25163
400 2606 26043
26043 400 2606
2606 400 26043
15421 18074 21924
21924 15421 18074
18074 15421 21924
28470 26927 28044
26927 28044 28470
28044 26927 28470
27577 16994 29657
16994 27577 29657
29657 16994 27577
797 10734 20515
10734 797 20515
20515 797 10734
27602 2223 16755
2223 16755 27602
16755 2223 27602
8945 6534 25844
6534 8945 25844
25844 6534 8945
11166 8939 26786
26786 8939 11166
8939 11166 26786
12609 13730 18905
18905 12609 13730
13730 12609 18905
25814 1414 7686
1414 7686 25814
7686 1414 25814
19938 5285 17982
5285 17982 19938
17982 5285 19938
7971 5532 11068
11068 5532 7971
5532 7971 11068
10142 6461 15631
6461 10142 15631
15631 6461 10142
29967 15789 28179
28179 15789 29967
15789 28179 29967
14659 1670 13577
1670 13577 14659
13577 1670 14659
15154 3296 21610
3296 15154 21610
21610 3296 15154
5820 19615 22724
19615 5820 22724
22724 5820 19615
11982 1631 8615
1631 8615 11982
8615 1631 11982
4361 3865 26719
26719 3865 4361
3865 4361 26719
4 12479 23235
23235 4 12479
12479 4 23235
25882 2247 2374
2247 2374 25882
2374 2247 25882
24217 13802 25336
13802 24217 25336
25336 13802 24217
9056 4061 10618
4061 9056 10618
10618 4061 9056
20823 19887 29611
29611 19887 20823
19887 20823 29611
20565 307 6175
307 6175 20565
6175 307 20565
13557 13288 28188
28188 13288 13557
13288 13557 28188
23990 24 29700
24 23990 29700
29700 24 23990
9372 15951 23973
15951 9372 23973
23973 9372 15951
485 7862 20010
20010 485 7862
7862 485 20010
25807 18470 19987
18470 19987 25807
19987 18470 25807
13234 15931 21792
15931 13234 21792
21792 13234 15931
5823 24281 26919
24281 5823 26919
26919 5823 24281
760 9932 19382
19382 760 9932
9932 760 19382
20416 8837 27387
8837 20416 27387
27387 8837 20416
20174 5571 6430
6430 5571 20174
5571 6430 20174
20527 13926 27614
13926 20527 27614
27614 13926 20527
16278 1396 29784
29784 1396 16278
1396 16278 29784
23549 7829 21317
7829 21317 23549
21317 7829 23549
15450 13775 28008
28008 13775 15450
13775 15450 28008
5003 20968 25440
25440 5003 20968
20968 5003 25440
21945 8109 11160
8109 11160 21945
11160 8109 21945
8154 11208 16453
11208 8154 16453
16453 8154 11208
23430 20849 29941
29941 20849 23430
20849 23430 29941
24882 5344 8128
8128 5344 24882
5344 8128 24882
27871 19667 28041
19667 27871 28041
28041 19667 27871
25070 2661 14336
2661 14336 25070
14336 2661 25070
29537 11224 28405
28405 11224 29537
11224 28405 29537
9492 8655 24282
8655 9492 24282
24282 8655 9492
10068 12719 16255
12719 10068 16255
16255 10068 12719
5912 9602 13822
13822 5912 9602
9602 5912 13822
6295 2597 15322
15322 2597 6295
2597 6295 15322
22547 2741 3410
2741 3410 22547
3410 2741 22547
24324 9419 11768
9419 11768 24324
11768 9419 24324
6058 13408 28394
28394 6058 13408
13408 6058 28394
19041 2224 23924
23924 2224 19041
2224 19041 23924
5667 3221 22097
22097 3221 5667
3221 5667 22097
25628 1206 25457
1206 25457 25628
25457 1206 25628
4757 1454 24003
1454 4757 24003
24003 1454 4757
5244 15141 21740
21740 5244 15141
15141 5244 21740
15867 10030 19398
10030 15867 19398
19398 10030 15867
16069 15548 26788
15548 16069 26788
26788 15548 16069
4444 11282 20696
11282 4444 20696
20696 4444 11282
22091 152 18809
18809 152 22091
152 18809 22091
4684 5160 29652
5160 4684 29652
29652 4684 5160
12567 5040 19078
19078 5040 12567
5040 12567 19078
11666 3385 9589
9589 3385 11666
3385 9589 11666
11651 3512 21261
21261 3512 11651
3512 11651 21261
20150 17227 21063
17227 20150 21063
21063 17227 20150
17915 19487 20395
20395 17915 19487
19487 17915 20395
9758 8462 9713
9713 8462 9758
8462 9713 9758
23156 7435 24153
24153 7435 23156
7435 23156 24153
15913 2309 6543
2309 6543 15913
6543 2309 15913
6863 25961 26045
26045 6863 25961
25961 6863 26045
11001 4128 17745
17745 4128 11001
4128 11001 17745
11790 13223 25587
25587 11790 13223
13223 11790 25587
9369 17279 29010
29010 9369 17279
17279 9369 29010
17850 8197 25408
25408 8197 17850
8197 17850 25408
19250 1858 10757
10757 1858 19250
1858 10757 19250
26940 20845 27518
27518 20845 26940
20845 26940 27518
26808 4002 12272
4002 12272 26808
12272 4002 26808
23322 6014 27489
27489 6014 23322
6014 23322 27489
8612 13583 21766
21766 8612 13583
13583 8612 21766
5980 2106 21034
2106 5980 21034
21034 2106 5980
20868 12438 15386
12438 15386 20868
15386 12438 20868
17292 5452 18244
18244 5452 17292
5452 17292 18244
25337 8962 9868
9868 8962 25337
8962 9868 25337
2049 6710 26814
26814 2049 6710
6710 2049 26814
22284 10813 28629
28629 10813 22284
10813 22284 28629
12722 8226 9293
8226 9293 12722
9293 8226 12722
404 12042 18214
12042 404 18214
18214 404 12042
20379 11429 12647
11429 12647 20379
12647 11429 20379
20214 21271 28842
21271 20214 28842
28842 20214 21271
10465 7307 22772
7307 10465 22772
22772 7307 10465
15422 3616 7174
3616 7174 15422
7174 3616 15422
21807 16689 17384
16689 17384 21807
17384 16689 21807
16879 8011 24134
24134 8011 16879
8011 16879 24134
17924 7003 23491
7003 17924 23491
23491 7003 17924
14936 434 28477
434 14936 28477
28477 434 14936
27814 1744 18534
18534 1744 27814
1744 18534 27814
6657 20635 28692
28692 6657 20635
20635 6657 28692
16314 1379 14526
1379 14526 16314
14526 1379 16314
3982 10276 22358
22358 3982 10276
10276 3982 22358
13194 5376 14383
5376 13194 14383
14383 5376 13194
11751 5575 12356
12356 5575 11751
5575 11751 12356
2722 2544 5046
5046 2544 2722
2544 2722 5046
16300 6150 24069
24069 6150 16300
6150 16300 24069
27449 1277 27155
1277 27155 27449
27155 1277 27449
28059 11491 20612
20612 11491 28059
11491 20612 28059
27915 10237 21164
21164 10237 27915
10237 21164 27915
16780 6068 21623
21623 6068 16780
6068 16780 21623
992 14032 28895
28895 992 14032
14032 992 28895
22707 393 29536
29536 393 22707
393 22707 29536
23889 14330 29507
29507 14330 23889
14330 23889 29507
23351 3118 6202
6202 3118 23351
3118 6202 23351
22562 16659 20714
16659 20714 22562
20714 16659 22562
26709 27765 28272
27765 26709 28272
28272 26709 27765
20120 3725 20893
3725 20120 20893
20893 3725 20120
23382 1420 18175
18175 1420 23382
1420 18175 23382
761 12728 17612
17612 761 12728
12728 761 17612
11906 24226 25744
24226 11906 25744
25744 11906 24226
4194 5335 25772
25772 4194 5335
5335 4194 25772
23096 17559 22770
17559 22770 23096
22770 17559 23096
15677 12431 15294
15294 12431 15677
12431 15294 15677
9461 2303 17706
2303 9461 17706
17706 2303 9461
13760 584 15080
584 13760 15080
15080 584 13760
15976 17123 25947
25947 15976 17123
17123 15976 25947
16743 16445 23796
16445 16743 23796
23796 16445 16743
2821 5991 23945
5991 2821 23945
23945 2821 5991
24436 8795 21866
8795 21866 24436
21866 8795 24436
24402 582 708
582 708 24402
708 582 24402
5995 5111 23499
5111 5995 23499
23499 5111 5995
27933 3935 20483
3935 20483 27933
20483 3935 27933
17072 709 17763
709 17072 17763
17763 709 17072
20942 17670 29243
29243 17670 20942
17670 20942 29243
24725 9682 16804
16804 9682 24725
9682 16804 24725
7058 5611 6669
6669 5611 7058
5611 6669 7058
692 6424 12688
6424 692 12688
12688 692 6424
4867 3766 16101
16101 3766 4867
3766 4867 16101
5245 581 11320
581 5245 11320
11320 581 5245
25979 13093 14802
14802 13093 25979
13093 14802 25979
6341 4042 23551
23551 4042 6341
4042 6341 23551
11502 19199 29926
29926 11502 19199
19199 11502 29926
26199 25791 26100
26100 25791 26199
25791 26100 26199
3547 16058 28517
16058 3547 28517
28517 3547 16058
1556 1565 4422
4422 1556 1565
1565 1556 4422
4424 6407 25735
6407 4424 25735
25735 4424 6407
679 4345 9760
4345 679 9760
9760 679 4345
8317 15622 18491
