24400 1775 18481
1775 18481 24400
18481 1775 24400
24341 15457 17482
15457 17482 24341
17482 15457 24341
28321 5124 14466
14466 5124 28321
5124 14466 28321
20054 9858 17834
9858 17834 20054
17834 9858 20054
29822 19079 25138
19079 25138 29822
25138 19079 29822
19481 5921 21318
5921 19481 21318
21318 5921 19481
20195 15032 25174
15032 20195 25174
25174 15032 20195
23833 6792 16402
6792 16402 23833
16402 6792 23833
14992 23827 26074
23827 14992 26074
26074 14992 23827
22622 8321 13327
8321 13327 22622
13327 8321 22622
11903 15169 17277
17277 11903 15169
15169 11903 17277
13999 687 11151
11151 687 13999
687 11151 13999
4221 16524 18312
16524 4221 18312
18312 4221 16524
17858 16642 17736
17736 16642 17858
16642 17736 17858
447 7925 19239
19239 447 7925
7925 447 19239
7189 25403 26119
25403 7189 26119
26119 7189 25403
212 16468 23024
16468 212 23024
23024 212 16468
11210 12601 19548
19548 11210 12601
12601 11210 19548
21973 22141 28371
28371 21973 22141
22141 21973 28371
21477 10887 26065
10887 21477 26065
26065 10887 21477
26813 176 26238
26238 176 26813
176 26238 26813
10278 8707 19271
8707 10278 19271
19271 8707 10278
28987 14518 21082
14518 21082 28987
21082 14518 28987
25292 13077 24136
13077 24136 25292
24136 13077 25292
1722 18466 25953
25953 1722 18466
18466 1722 25953
20466 1767 14449
1767 14449 20466
14449 1767 20466
19197 1803 16791
1803 16791 19197
16791 1803 19197
11769 13156 14954
14954 11769 13156
13156 11769 14954
16749 21455 28638
28638 16749 21455
21455 16749 28638
24995 6022 14210
14210 6022 24995
6022 14210 24995
18839 7125 8915
7125 8915 18839
8915 7125 18839
26916 3390 15857
15857 3390 26916
3390 15857 26916
25126 969 1303
969 1303 25126
1303 969 25126
29311 2142 8945
2142 8945 29311
8945 2142 29311
8420 1652 28386
1652 8420 28386
28386 1652 8420
1349 2178 15316
15316 1349 2178
2178 1349 15316
9000 26981 28862
26981 9000 28862
28862 9000 26981
953 8252 14579
8252 953 14579
14579 953 8252
12329 28806 29040
28806 12329 29040
29040 12329 28806
24697 13478 14363
14363 13478 24697
13478 14363 24697
28730 17570 20500
17570 20500 28730
20500 17570 28730
3496 9619 25325
25325 3496 9619
9619 3496 25325
12752 2725 19838
2725 12752 19838
19838 2725 12752
19227 6691 9203
9203 6691 19227
6691 9203 19227
22894 7404 14616
14616 7404 22894
7404 14616 22894
28265 17483 29198
17483 28265 29198
29198 17483 28265
11934 4245 22846
4245 11934 22846
22846 4245 11934
24356 18854 22173
18854 22173 24356
22173 18854 24356
10308 8118 10408
8118 10308 10408
10408 8118 10308
517 19787 26503
19787 517 26503
26503 517 19787
10166 23192 24228
24228 10166 23192
23192 10166 24228
25926 2833 14542
2833 14542 25926
14542 2833 25926
14521 1778 14658
1778 14521 14658
14658 1778 14521
2294 4373 12651
4373 2294 12651
12651 2294 4373
15666 24388 27584
24388 15666 27584
27584 15666 24388
9829 4345 5322
4345 5322 9829
5322 4345 9829
24027 1022 26723
1022 24027 26723
26723 1022 24027
23989 3261 26324
26324 3261 23989
3261 23989 26324
11221 1014 5395
1014 5395 11221
5395 1014 11221
17491 5721 26398
5721 17491 26398
26398 5721 17491
24673 8003 13329
8003 13329 24673
13329 8003 24673
2371 24128 27412
27412 2371 24128
24128 2371 27412
9591 22082 27311
27311 9591 22082
22082 9591 27311
12760 918 29704
29704 918 12760
918 12760 29704
19678 3606 13736
3606 13736 19678
13736 3606 19678
19258 15380 21329
21329 15380 19258
15380 19258 21329
5132 9302 14122
14122 5132 9302
9302 5132 14122
722 2136 16611
16611 722 2136
2136 722 16611
26785 21579 21649
21649 21579 26785
21579 21649 26785
11073 1095 14790
1095 11073 14790
14790 1095 11073
22532 11288 11378
11288 11378 22532
11378 11288 22532
25888 16103 17198
17198 16103 25888
16103 17198 25888
19646 10929 21114
21114 10929 19646
10929 19646 21114
5086 8813 10607
8813 5086 10607
10607 5086 8813
18242 24907 29571
29571 18242 24907
24907 18242 29571
4976 13628 28566
13628 4976 28566
28566 4976 13628
22102 20513 26169
20513 22102 26169
26169 20513 22102
24491 956 9777
9777 956 24491
956 9777 24491
17786 3840 28275
3840 17786 28275
28275 3840 17786
3358 17484 21743
21743 3358 17484
17484 3358 21743
21979 3850 17585
17585 3850 21979
3850 17585 21979
10601 2450 16979
2450 10601 16979
16979 2450 10601
10159 14291 15164
15164 10159 14291
14291 10159 15164
6607 6018 19082
19082 6018 6607
6018 6607 19082
24193 9044 26466
26466 9044 24193
9044 24193 26466
25649 5654 24333
5654 24333 25649
24333 5654 25649
14852 3473 16324
3473 14852 16324
16324 3473 14852
5083 7899 16711
16711 5083 7899
7899 5083 16711
8516 8475 22279
22279 8475 8516
8475 8516 22279
739 4661 24469
4661 739 24469
24469 739 4661
28168 16797 21181
21181 16797 28168
16797 21181 28168
26400 22352 25548
22352 25548 26400
25548 22352 26400
25422 8542 16922
16922 8542 25422
8542 16922 25422
11796 7663 11040
7663 11040 11796
11040 7663 11796
23591 4199 15636
4199 15636 23591
15636 4199 23591
6065 19909 28387
19909 6065 28387
28387 6065 19909
17255 583 5151
5151 583 17255
583 5151 17255
13737 610 4627
610 4627 13737
4627 610 13737
24861 3015 10275
10275 3015 24861
3015 10275 24861
19556 5270 10429
5270 10429 19556
10429 5270 19556
1512 17532 26645
17532 1512 26645
26645 1512 17532
29575 9300 11405
9300 11405 29575
11405 9300 29575
24716 28954 29780
28954 24716 29780
29780 24716 28954
7864 25031 28608
28608 7864 25031
25031 7864 28608
28233 8155 24452
8155 24452 28233
24452 8155 28233
20058 1384 23498
1384 20058 23498
23498 1384 20058
8519 17638 29643
17638 8519 29643
29643 8519 17638
3940 5313 23522
5313 3940 23522
23522 3940 5313
21338 1912 7608
1912 7608 21338
7608 1912 21338
11705 18991 19512
18991 11705 19512
19512 11705 18991
4946 5290 8686
5290 4946 8686
8686 4946 5290
24526 7060 7167
7060 7167 24526
7167 7060 24526
2819 14025 29017
14025 2819 29017
29017 2819 14025
4913 3747 9957
9957 3747 4913
3747 4913 9957
18819 17671 19179
17671 18819 19179
19179 17671 18819
28778 9009 9823
9823 9009 28778
9009 9823 28778
6378 22253 25544
22253 6378 25544
25544 6378 22253
11402 14679 18326
18326 11402 14679
14679 11402 18326
22577 1681 26698
1681 22577 26698
26698 1681 22577
23305 14571 29167
14571 23305 29167
29167 14571 23305
13978 1976 26253
1976 13978 26253
26253 1976 13978
2147 6739 11503
6739 2147 11503
11503 2147 6739
12871 10367 27512
10367 12871 27512
27512 10367 12871
5577 9708 25737
9708 5577 25737
25737 5577 9708
7540 7580 20033
7580 7540 20033
20033 7540 7580
14591 596 22360
596 14591 22360
22360 596 14591
25282 14068 23957
14068 23957 25282
23957 14068 25282
9523 11347 17376
11347 9523 17376
17376 9523 11347
28267 11365 21811
11365 21811 28267
21811 11365 28267
6390 15176 20082
20082 6390 15176
15176 6390 20082
14840 6759 25942
6759 14840 25942
25942 6759 14840
22355 714 24168
714 22355 24168
24168 714 22355
21545 14516 17138
17138 14516 21545
14516 17138 21545
12920 1457 1899
1899 1457 12920
1457 1899 12920
7319 18823 28600
28600 7319 18823
18823 7319 28600
10595 8675 17385
8675 10595 17385
17385 8675 10595
26358 16246 29655
16246 26358 29655
29655 16246 26358
25873 9296 26042
26042 9296 25873
9296 25873 26042
14955 288 8222
8222 288 14955
288 8222 14955
9740 11566 24949
24949 9740 11566
11566 9740 24949
10917 86 21480
21480 86 10917
86 10917 21480
6203 14162 27533
27533 6203 14162
14162 6203 27533
19018 7669 8481
8481 7669 19018
7669 8481 19018
19670 19053 28682
28682 19053 19670
19053 19670 28682
3325 13520 22506
13520 3325 22506
22506 3325 13520
12714 21257 26511
26511 12714 21257
21257 12714 26511
4824 11401 15609
15609 4824 11401
11401 4824 15609
23087 2788 6422
6422 2788 23087
2788 6422 23087
1643 1394 23177
1394 1643 23177
23177 1394 1643
24616 7490 19381
19381 7490 24616
7490 19381 24616
12729 3099 12546
12546 3099 12729
3099 12546 12729
8354 14634 25356
14634 8354 25356
25356 8354 14634
6883 6293 12618
6293 6883 12618
12618 6293 6883
14019 15575 16571
15575 14019 16571
16571 14019 15575
20410 6635 8889
6635 8889 20410
8889 6635 20410
10224 3663 25815
3663 10224 25815
25815 3663 10224
3601 21287 22542
22542 3601 21287
21287 3601 22542
13810 15588 27973
15588 13810 27973
27973 13810 15588
16548 16892 21660
16892 16548 21660
21660 16548 16892
13950 1443 13832
1443 13832 13950
13832 1443 13950
996 13002 22567
22567 996 13002
13002 996 22567
9606 12323 25155
25155 9606 12323
12323 9606 25155
14936 10823 26256
10823 14936 26256
26256 10823 14936
15564 10968 19637
10968 15564 19637
19637 10968 15564
7229 2520 15628
15628 2520 7229
2520 7229 15628
21221 5494 15795
5494 15795 21221
15795 5494 21221
1234 5283 18027
18027 1234 5283
5283 1234 18027
5646 11953 26492
11953 5646 26492
26492 5646 11953
15307 8979 24165
8979 15307 24165
24165 8979 15307
24175 2051 16814
16814 2051 24175
2051 16814 24175
18622 1157 21462
1157 18622 21462
21462 1157 18622
2508 14052 26526
26526 2508 14052
14052 2508 26526
15724 964 15501
15501 964 15724
964 15501 15724
29213 16554 21190
21190 16554 29213
16554 21190 29213
23017 10122 12452
12452 10122 23017
10122 12452 23017
9411 10244 26020
26020 9411 10244
10244 9411 26020
7636 2554 9175
2554 7636 9175
9175 2554 7636
307 6361 29547
6361 307 29547
29547 307 6361
2038 1900 20418
20418 1900 2038
1900 2038 20418
12220 8073 16053
8073 12220 16053
16053 8073 12220
12820 7337 28121
7337 12820 28121
28121 7337 12820
16123 7661 14486
14486 7661 16123
7661 14486 16123
11740 14317 16620
14317 11740 16620
16620 11740 14317
12801 1043 9405
9405 1043 12801
1043 9405 12801
19436 12778 24282
24282 12778 19436
12778 19436 24282
5957 18743 18862
18743 5957 18862
18862 5957 18743
18360 15007 23846
15007 18360 23846
23846 15007 18360
25002 3631 27240
27240 3631 25002
3631 25002 27240
9855 19807 21420
21420 9855 19807
19807 9855 21420
5157 6363 17713
17713 5157 6363
6363 5157 17713
6478 10484 11741
10484 6478 11741
11741 6478 10484
16308 7122 15677
7122 15677 16308
15677 7122 16308
23540 13057 23914
23914 13057 23540
13057 23540 23914
20511 5653 22014
22014 5653 20511
5653 20511 22014
5626 545 25568
545 5626 25568
25568 545 5626
16559 9716 25254
25254 9716 16559
9716 16559 25254
3460 3072 17988
3072 3460 17988
17988 3072 3460
17577 4186 23972
23972 4186 17577
4186 17577 23972
9465 17053 21932
17053 9465 21932
21932 9465 17053
5483 20707 24939
20707 5483 24939
24939 5483 20707
27625 4180 23835
4180 23835 27625
23835 4180 27625
27233 17902 25375
17902 25375 27233
25375 17902 27233
15401 16351 28400
16351 15401 28400
28400 15401 16351
11075 16234 25657
16234 11075 25657
25657 11075 16234
21023 14538 25817
14538 21023 25817
25817 14538 21023
18434 6489 19237
6489 18434 19237
19237 6489 18434
22904 12409 19883
12409 19883 22904
19883 12409 22904
17914 5673 12012
5673 12012 17914
12012 5673 17914
1790 4224 23400
23400 1790 4224
4224 1790 23400
28733 5702 7321
5702 7321 28733
7321 5702 28733
28420 1285 28780
1285 28420 28780
28780 1285 28420
19701 1791 6551
6551 1791 19701
1791 6551 19701
89 14964 26311
26311 89 14964
14964 89 26311
10808 28375 29250
29250 10808 28375
28375 10808 29250
4859 4436 15731
4436 4859 15731
15731 4436 4859
16204 2487 5950
5950 2487 16204
2487 5950 16204
7006 25726 27196
25726 7006 27196
27196 7006 25726
17669 2449 22123
2449 17669 22123
22123 2449 17669
6287 6460 18837
18837 6287 6460
6460 6287 18837
29967 11159 18474
11159 18474 29967
18474 11159 29967
22007 12843 21934
12843 21934 22007
21934 12843 22007
25727 7102 16214
16214 7102 25727
7102 16214 25727
12077 5982 9530
9530 5982 12077
5982 9530 12077
17416 4813 5776
4813 5776 17416
5776 4813 17416
4091 10362 10845
10362 4091 10845
10845 4091 10362
23789 1757 6046
1757 6046 23789
6046 1757 23789
449 16261 20122
16261 449 20122
20122 449 16261
477 759 21877
21877 477 759
759 477 21877
23677 5156 16909
5156 16909 23677
16909 5156 23677
18018 24285 28304
28304 18018 24285
24285 18018 28304
6925 5964 24443
24443 5964 6925
5964 6925 24443
25147 17704 26410
17704 25147 26410
26410 17704 25147
9910 13378 16714
16714 9910 13378
13378 9910 16714
15623 1306 3011
1306 3011 15623
3011 1306 15623
6703 10332 18060
18060 6703 10332
10332 6703 18060
9028 17880 22175
22175 9028 17880
17880 9028 22175
24906 5446 29657
5446 24906 29657
29657 5446 24906
24107 11681 17842
11681 17842 24107
17842 11681 24107
20503 1322 1642
1322 1642 20503
1642 1322 20503
21996 4123 15210
15210 4123 21996
4123 15210 21996
22804 402 17591
17591 402 22804
402 17591 22804
26537 893 13659
13659 893 26537
893 13659 26537
28029 3407 13263
13263 3407 28029
3407 13263 28029
15220 8169 14707
8169 14707 15220
14707 8169 15220
11693 4667 16931
16931 4667 11693
4667 11693 16931
17528 8090 18671
18671 8090 17528
8090 17528 18671
653 2188 20907
20907 653 2188
2188 653 20907
2259 11737 20531
11737 2259 20531
20531 2259 11737
17309 25228 25851
25228 17309 25851
25851 17309 25228
26929 15377 22366
15377 22366 26929
22366 15377 26929
18397 2516 5894
2516 5894 18397
5894 2516 18397
26089 9092 24060
9092 24060 26089
24060 9092 26089
18017 11201 29085
29085 11201 18017
11201 18017 29085
21718 3808 16838
16838 3808 21718
3808 16838 21718
13900 2728 11763
11763 2728 13900
2728 11763 13900
16027 5200 26440
5200 16027 26440
26440 5200 16027
12433 10378 22471
10378 12433 22471
22471 10378 12433
17217 1880 14922
1880 14922 17217
14922 1880 17217
12772 8630 23633
23633 8630 12772
8630 12772 23633
20353 21967 25552
25552 20353 21967
21967 20353 25552
26080 13158 27397
27397 13158 26080
13158 26080 27397
662 907 4016
4016 662 907
907 662 4016
15149 1990 26687
26687 1990 15149
1990 15149 26687
29614 15331 15536
15536 15331 29614
15331 15536 29614
9934 10430 25399
25399 9934 10430
10430 9934 25399
7387 10516 25606
10516 7387 25606
25606 7387 10516
16185 6604 13309
13309 6604 16185
6604 13309 16185
5955 837 7507
837 5955 7507
7507 837 5955
27461 22477 25281
25281 22477 27461
22477 25281 27461
9051 3290 10940
10940 3290 9051
3290 9051 10940
19698 17327 22940
17327 19698 22940
22940 17327 19698
29131 15534 25693
25693 15534 29131
15534 25693 29131
9727 3522 16834
3522 9727 16834
16834 3522 9727
1013 3082 7254
7254 1013 3082
3082 1013 7254
20024 2650 29999
29999 2650 20024
2650 20024 29999
9758 14445 22979
22979 9758 14445
14445 9758 22979
26031 12897 27843
27843 12897 26031
12897 26031 27843
3068 4937 16282
16282 3068 4937
4937 3068 16282
17641 1697 15204
1697 15204 17641
15204 1697 17641
17498 19559 27658
19559 17498 27658
27658 17498 19559
21844 5572 9794
5572 9794 21844
9794 5572 21844
17234 1481 3506
1481 3506 17234
3506 1481 17234
24521 11889 22998
11889 22998 24521
22998 11889 24521
9209 406 29253
29253 406 9209
406 9209 29253
21993 11904 24497
24497 11904 21993
11904 21993 24497
14267 6307 14767
6307 14267 14767
14767 6307 14267
15155 17508 20088
17508 15155 20088
20088 15155 17508
5376 9691 16464
16464 5376 9691
9691 5376 16464
2745 14346 24817
14346 2745 24817
24817 2745 14346
15994 6786 24088
6786 15994 24088
24088 6786 15994
7425 1395 28385
1395 7425 28385
28385 1395 7425
648 4750 11675
11675 648 4750
4750 648 11675
217 5794 13322
13322 217 5794
5794 217 13322
27938 3198 4593
4593 3198 27938
3198 4593 27938
2580 18061 21685
21685 2580 18061
18061 2580 21685
13476 23600 24419
23600 13476 24419
24419 13476 23600
25428 14524 28259
28259 14524 25428
14524 25428 28259
9010 5775 21174
21174 5775 9010
5775 9010 21174
5096 11711 22212
11711 5096 22212
22212 5096 11711
16311 8923 16499
8923 16311 16499
16499 8923 16311
25795 6052 25786
6052 25786 25795
25786 6052 25795
25985 2682 22993
2682 22993 25985
22993 2682 25985
16241 24158 24793
24158 16241 24793
24793 16241 24158
13243 18670 28361
28361 13243 18670
18670 13243 28361
781 5002 24501
5002 781 24501
24501 781 5002
24245 7038 17922
17922 7038 24245
7038 17922 24245
3852 1466 21118
21118 1466 3852
1466 3852 21118
2413 2079 15298
2079 2413 15298
15298 2079 2413
10689 690 1163
690 1163 10689
1163 690 10689
3593 13691 17226
13691 3593 17226
17226 3593 13691
21005 3609 29599
3609 21005 29599
29599 3609 21005
1213 11331 18306
11331 1213 18306
18306 1213 11331
12103 10948 16058
10948 12103 16058
16058 10948 12103
5847 8617 21665
8617 5847 21665
21665 5847 8617
8242 21620 27949
21620 8242 27949
27949 8242 21620
29452 4086 21524
4086 21524 29452
21524 4086 29452
24709 7901 18859
7901 18859 24709
18859 7901 24709
8878 27040 29595
29595 8878 27040
27040 8878 29595
20397 1836 11714
11714 1836 20397
1836 11714 20397
458 20224 27183
20224 458 27183
27183 458 20224
15867 24865 24919
24865 15867 24919
24919 15867 24865
2086 8363 13690
13690 2086 8363
8363 2086 13690
3937 12697 14266
12697 3937 14266
14266 3937 12697
22095 5683 20455
20455 5683 22095
5683 20455 22095
3069 10368 26085
10368 3069 26085
26085 3069 10368
22363 15406 20198
15406 20198 22363
20198 15406 22363
3259 13479 29574
13479 3259 29574
29574 3259 13479
5240 959 9229
959 5240 9229
9229 959 5240
29708 9551 11734
11734 9551 29708
9551 11734 29708
12443 23703 25583
25583 12443 23703
23703 12443 25583
196 11906 24522
11906 196 24522
24522 196 11906
4225 25728 26240
25728 4225 26240
26240 4225 25728
24482 12440 16016
12440 16016 24482
16016 12440 24482
6621 9525 25336
9525 6621 25336
25336 6621 9525
9110 21951 28530
21951 9110 28530
28530 9110 21951
15512 3573 15641
15641 3573 15512
3573 15512 15641
3156 5956 11176
11176 3156 5956
5956 3156 11176
27237 10167 23693
10167 23693 27237
23693 10167 27237
11861 15191 15793
15793 11861 15191
15191 11861 15793
4905 9510 26431
9510 4905 26431
26431 4905 9510
1137 656 3650
3650 656 1137
656 1137 3650
9157 1253 2737
1253 2737 9157
2737 1253 9157
5634 359 17956
17956 359 5634
359 5634 17956
26138 14783 18914
14783 18914 26138
18914 14783 26138
1616 7766 19621
7766 1616 19621
19621 1616 7766
12508 397 10962
10962 397 12508
397 10962 12508
13213 6696 14391
6696 13213 14391
14391 6696 13213
5009 10090 10374
10090 5009 10374
10374 5009 10090
15484 5670 17874
5670 15484 17874
17874 5670 15484
25086 2488 12373
2488 12373 25086
12373 2488 25086
3967 23078 26906
23078 3967 26906
26906 3967 23078
23014 2529 10150
2529 10150 23014
10150 2529 23014
14916 968 2723
2723 968 14916
968 2723 14916
11114 16473 20446
16473 11114 20446
20446 11114 16473
2542 9141 20383
20383 2542 9141
9141 2542 20383
9850 6817 12363
12363 6817 9850
6817 9850 12363
11266 1183 7394
1183 7394 11266
7394 1183 11266
14352 6365 17633
6365 14352 17633
17633 6365 14352
25460 23233 28584
23233 25460 28584
28584 23233 25460
14777 9454 15122
9454 14777 15122
15122 9454 14777
3311 17836 21601
21601 3311 17836
17836 3311 21601
1665 8774 15485
8774 1665 15485
15485 1665 8774
14796 6227 10779
6227 10779 14796
10779 6227 14796
21940 26190 28475
28475 21940 26190
26190 21940 28475
26391 5123 28242
28242 5123 26391
5123 26391 28242
29360 126 2093
2093 126 29360
126 2093 29360
21440 18118 23339
18118 21440 23339
23339 18118 21440
12139 1459 23554
23554 1459 12139
1459 12139 23554
7654 9166 28803
9166 7654 28803
28803 7654 9166
13676 18274 27833
27833 13676 18274
18274 13676 27833
259 6331 26373
26373 259 6331
6331 259 26373
13669 12121 15055
12121 13669 15055
15055 12121 13669
10502 357 11958
11958 357 10502
357 10502 11958
18971 13613 17045
17045 13613 18971
13613 17045 18971
54 425 20458
20458 54 425
425 54 20458
15207 1377 8353
1377 8353 15207
8353 1377 15207
19810 8191 29258
8191 19810 29258
29258 8191 19810
27337 8925 10108
10108 8925 27337
8925 10108 27337
5058 12555 23204
23204 5058 12555
12555 5058 23204
17435 21920 25518
25518 17435 21920
21920 17435 25518
14890 16969 21147
16969 14890 21147
21147 14890 16969
11590 4047 28770
28770 4047 11590
4047 11590 28770
28451 5268 11465
11465 5268 28451
5268 11465 28451
8781 9793 24484
24484 8781 9793
9793 8781 24484
26696 2320 4822
2320 4822 26696
4822 2320 26696
24314 582 26215
26215 582 24314
582 24314 26215
11404 17539 27018
17539 11404 27018
27018 11404 17539
24441 3813 21073
21073 3813 24441
3813 21073 24441
25459 11213 28181
28181 11213 25459
11213 25459 28181
23643 5700 8683
5700 8683 23643
8683 5700 23643
25913 17470 25157
25157 17470 25913
17470 25157 25913
1279 15496 28247
28247 1279 15496
15496 1279 28247
24177 1727 19566
19566 1727 24177
1727 19566 24177
6413 22205 25167
25167 6413 22205
22205 6413 25167
14886 4209 8450
8450 4209 14886
4209 8450 14886
8914 10334 12585
10334 8914 12585
12585 8914 10334
21826 7103 13038
13038 7103 21826
7103 13038 21826
2813 19348 29589
19348 2813 29589
29589 2813 19348
8051 22027 27097
27097 8051 22027
22027 8051 27097
24383 24831 25010
24831 24383 25010
25010 24383 24831
73 15374 24307
15374 73 24307
24307 73 15374
22042 4958 6161
4958 6161 22042
6161 4958 22042
18265 11670 27204
11670 18265 27204
27204 11670 18265
8402 9762 15299
15299 8402 9762
9762 8402 15299
22108 13747 25217
13747 22108 25217
25217 13747 22108
15735 18877 24336
18877 15735 24336
24336 15735 18877
27629 5127 5548
5127 5548 27629
5548 5127 27629
24808 1637 26691
26691 1637 24808
1637 24808 26691
19108 4167 19256
4167 19108 19256
19256 4167 19108
24100 19676 24437
24437 19676 24100
19676 24100 24437
26859 25512 29569
29569 25512 26859
25512 26859 29569
12450 788 8910
8910 788 12450
788 8910 12450
16099 4671 5616
5616 4671 16099
4671 5616 16099
5260 2742 22017
22017 2742 5260
2742 5260 22017
9847 14627 15178
15178 9847 14627
14627 9847 15178
4733 16006 25210
16006 4733 25210
25210 4733 16006
20240 14677 16900
16900 14677 20240
14677 16900 20240
23197 3061 28007
28007 3061 23197
3061 23197 28007
27720 6183 21573
6183 21573 27720
21573 6183 27720
20332 8906 22963
22963 8906 20332
8906 20332 22963
13190 10099 28303
10099 13190 28303
28303 10099 13190
394 6748 18809
18809 394 6748
6748 394 18809
28720 25937 27269
27269 25937 28720
25937 27269 28720
25931 23764 23864
23764 23864 25931
23864 23764 25931
17023 10265 11256
11256 10265 17023
10265 11256 17023
2845 14620 16561
16561 2845 14620
14620 2845 16561
18765 1085 19567
19567 1085 18765
1085 18765 19567
11488 14115 16038
16038 11488 14115
14115 11488 16038
27454 10123 13723
13723 10123 27454
10123 13723 27454
26297 825 20568
825 20568 26297
20568 825 26297
27797 13092 24661
24661 13092 27797
13092 24661 27797
14106 1623 15581
1623 14106 15581
15581 1623 14106
28315 5763 24970
24970 5763 28315
5763 24970 28315
28880 1433 17655
1433 17655 28880
17655 1433 28880
19305 3487 12943
3487 12943 19305
12943 3487 19305
4759 2322 21109
2322 4759 21109
21109 2322 4759
13457 10923 29042
10923 13457 29042
29042 10923 13457
14986 6197 14392
14392 6197 14986
6197 14392 14986
5971 8604 9553
8604 5971 9553
9553 5971 8604
1700 14252 14697
14697 1700 14252
14252 1700 14697
17691 26992 28498
28498 17691 26992
26992 17691 28498
8700 12950 20675
12950 8700 20675
20675 8700 12950
24748 5060 14715
5060 14715 24748
14715 5060 24748
3822 3679 16760
3679 3822 16760
16760 3679 3822
13079 21839 25704
21839 13079 25704
25704 13079 21839
28647 9788 18897
9788 18897 28647
18897 9788 28647
18343 20586 23268
20586 18343 23268
23268 18343 20586
19427 6077 23918
23918 6077 19427
6077 19427 23918
21914 10104 29925
29925 10104 21914
10104 21914 29925
7549 2155 9899
9899 2155 7549
2155 7549 9899
13650 12917 19668
12917 13650 19668
19668 12917 13650
9564 1599 21683
1599 9564 21683
21683 1599 9564
12877 11180 15435
15435 11180 12877
11180 12877 15435
17303 8643 15373
15373 8643 17303
8643 15373 17303
15967 13137 20022
20022 13137 15967
13137 15967 20022
20108 11217 27309
27309 11217 20108
11217 20108 27309
232 17699 22439
22439 232 17699
17699 232 22439
23352 12352 15418
12352 15418 23352
15418 12352 23352
5518 8103 23521
23521 5518 8103
8103 5518 23521
4935 1777 18264
18264 1777 4935
1777 4935 18264
8464 5221 6175
5221 6175 8464
6175 5221 8464
15352 5344 19849
5344 15352 19849
19849 5344 15352
229 18442 19042
18442 229 19042
19042 229 18442
5328 15237 20334
15237 5328 20334
20334 5328 15237
22860 14673 20949
20949 14673 22860
14673 20949 22860
18693 8377 25645
25645 8377 18693
8377 18693 25645
15642 4410 5215
4410 5215 15642
5215 4410 15642
10659 22588 28018
28018 10659 22588
22588 10659 28018
17848 23439 28419
23439 17848 28419
28419 17848 23439
25290 2491 29471
29471 2491 25290
2491 25290 29471
15797 1426 28384
1426 15797 28384
28384 1426 15797
24671 7070 21046
21046 7070 24671
7070 21046 24671
13759 6617 18111
6617 13759 18111
18111 6617 13759
8819 24328 27699
27699 8819 24328
24328 8819 27699
601 11637 21387
21387 601 11637
11637 601 21387
25488 4555 7436
4555 7436 25488
7436 4555 25488
5589 10162 15660
15660 5589 10162
10162 5589 15660
23436 8558 21770
8558 21770 23436
21770 8558 23436
1847 10069 16835
10069 1847 16835
16835 1847 10069
3232 19004 20408
19004 3232 20408
20408 3232 19004
7205 8058 21272
21272 7205 8058
8058 7205 21272
5547 6035 25445
6035 5547 25445
25445 5547 6035
2120 9833 13449
9833 2120 13449
13449 2120 9833
7798 20451 26339
26339 7798 20451
20451 7798 26339
851 21859 23550
21859 851 23550
23550 851 21859
13803 4021 12726
12726 4021 13803
4021 12726 13803
13577 1407 12706
1407 12706 13577
12706 1407 13577
19652 12831 29778
29778 12831 19652
12831 19652 29778
3619 16543 19726
16543 3619 19726
19726 3619 16543
20514 12936 26844
26844 12936 20514
12936 20514 26844
14184 12192 12962
12962 12192 14184
12192 12962 14184
9576 1829 5923
1829 5923 9576
5923 1829 9576
2648 26349 26868
26868 2648 26349
26349 2648 26868
4256 3497 25266
25266 3497 4256
3497 4256 25266
15791 21004 21461
21461 15791 21004
21004 15791 21461
20473 4175 17204
4175 17204 20473
17204 4175 20473
25679 14462 28149
14462 25679 28149
28149 14462 25679
22811 811 3489
3489 811 22811
811 3489 22811
1822 4875 13675
4875 1822 13675
13675 1822 4875
2597 2080 24822
24822 2080 2597
2080 2597 24822
23750 651 2416
2416 651 23750
651 2416 23750
28366 13814 14903
13814 14903 28366
14903 13814 28366
4140 19514 26220
26220 4140 19514
19514 4140 26220
22162 4928 7278
7278 4928 22162
4928 7278 22162
10271 14716 15715
14716 10271 15715
15715 10271 14716
3297 7399 17276
7399 3297 17276
17276 3297 7399
13203 28508 29633
28508 13203 29633
29633 13203 28508
17360 6596 29416
29416 6596 17360
6596 17360 29416
10446 12561 15375
12561 10446 15375
15375 10446 12561
22610 997 5391
997 5391 22610
5391 997 22610
24746 14372 17759
17759 14372 24746
14372 17759 24746
24046 13503 29852
29852 13503 24046
13503 24046 29852
17712 26952 27350
27350 17712 26952
26952 17712 27350
16045 3352 11023
3352 11023 16045
11023 3352 16045
12680 6218 18682
6218 12680 18682
18682 6218 12680
4548 13997 28966
13997 4548 28966
28966 4548 13997
17580 15471 20712
15471 17580 20712
20712 15471 17580
27656 3451 27250
27250 3451 27656
3451 27250 27656
1620 4956 14085
4956 1620 14085
14085 1620 4956
3697 9663 10055
9663 3697 10055
10055 3697 9663
18353 17901 19317
17901 18353 19317
19317 17901 18353
15407 3718 23671
3718 15407 23671
23671 3718 15407
3749 27684 28715
27684 3749 28715
28715 3749 27684
22354 3655 5351
3655 5351 22354
5351 3655 22354
10656 8235 11149
11149 8235 10656
8235 10656 11149
25469 20445 24712
24712 20445 25469
20445 24712 25469
12926 21266 27653
21266 12926 27653
27653 12926 21266
12000 17731 20922
20922 12000 17731
17731 12000 20922
2820 12120 24229
24229 2820 12120
12120 2820 24229
27768 4399 29894
29894 4399 27768
4399 27768 29894
20232 28067 28208
28067 20232 28208
28208 20232 28067
2578 2243 28363
28363 2243 2578
2243 2578 28363
1825 9916 29374
9916 1825 29374
29374 1825 9916
20060 11344 23870
11344 20060 23870
23870 11344 20060
24659 24991 26575
26575 24659 24991
24991 24659 26575
9070 14323 19620
14323 9070 19620
19620 9070 14323
8161 8562 26712
26712 8161 8562
8562 8161 26712
28317 23711 25142
23711 25142 28317
25142 23711 28317
20941 7472 29465
7472 20941 29465
29465 7472 20941
12968 13228 15620
15620 12968 13228
13228 12968 15620
15100 21561 24291
24291 15100 21561
21561 15100 24291
4833 19877 27673
27673 4833 19877
19877 4833 27673
13535 16486 23249
23249 13535 16486
16486 13535 23249
1223 22964 25443
25443 1223 22964
22964 1223 25443
5936 4235 24399
4235 5936 24399
24399 4235 5936
25137 7809 24531
7809 24531 25137
24531 7809 25137
12477 913 7194
913 7194 12477
7194 913 12477
26647 13827 19493
13827 19493 26647
19493 13827 26647
27453 15993 27838
27838 15993 27453
15993 27453 27838
18467 4837 21605
21605 4837 18467
4837 18467 21605
13889 2954 29299
2954 13889 29299
29299 2954 13889
16631 13536 15578
15578 13536 16631
13536 15578 16631
7224 12348 28872
12348 7224 28872
28872 7224 12348
6708 628 25122
25122 628 6708
628 6708 25122
7776 1905 8108
8108 1905 7776
1905 7776 8108
6707 19166 29738
29738 6707 19166
19166 6707 29738
10556 15679 25176
25176 10556 15679
15679 10556 25176
22772 3628 9694
9694 3628 22772
3628 9694 22772
27638 6416 24614
24614 6416 27638
6416 24614 27638
9832 5565 21210
21210 5565 9832
5565 9832 21210
27000 14121 18234
18234 14121 27000
14121 18234 27000
13414 1003 15699
15699 1003 13414
1003 13414 15699
22473 20396 29207
20396 22473 29207
29207 20396 22473
23598 657 25208
657 23598 25208
25208 657 23598
28800 2594 29610
29610 2594 28800
2594 28800 29610
24812 8151 17977
8151 17977 24812
17977 8151 24812
26187 2836 3695
2836 3695 26187
3695 2836 26187
27937 4773 24679
24679 4773 27937
4773 24679 27937
1931 17242 19540
17242 1931 19540
19540 1931 17242
7508 2400 8826
8826 2400 7508
2400 7508 8826
354 1251 10169
10169 354 1251
1251 354 10169
23452 23387 25230
25230 23387 23452
23387 23452 25230
15159 15920 29931
29931 15159 15920
15920 15159 29931
9280 14423 16284
14423 9280 16284
16284 9280 14423
4766 15038 25665
15038 4766 25665
25665 4766 15038
1883 14632 17985
14632 1883 17985
17985 1883 14632
7020 7294 12530
7294 7020 12530
12530 7020 7294
9726 3054 13590
13590 3054 9726
3054 9726 13590
3691 7027 15738
15738 3691 7027
7027 3691 15738
25128 11391 29511
11391 25128 29511
29511 11391 25128
12628 29256 29355
29355 12628 29256
29256 12628 29355
12657 9555 11444
9555 11444 12657
11444 9555 12657
10953 3723 24757
3723 10953 24757
24757 3723 10953
5289 12649 29092
29092 5289 12649
12649 5289 29092
16320 7511 20357
7511 16320 20357
20357 7511 16320
24401 11485 13379
11485 13379 24401
13379 11485 24401
2980 11768 24272
11768 2980 24272
24272 2980 11768
13177 7059 11001
11001 7059 13177
7059 11001 13177
7169 4456 10731
4456 7169 10731
10731 4456 7169
24860 12574 26991
12574 24860 26991
26991 12574 24860
13565 14913 25178
25178 13565 14913
14913 13565 25178
11424 14438 23641
23641 11424 14438
14438 11424 23641
22475 5797 26715
5797 22475 26715
26715 5797 22475
25977 1104 2667
2667 1104 25977
1104 2667 25977
4439 7983 17711
17711 4439 7983
7983 4439 17711
18170 15379 17885
17885 15379 18170
15379 17885 18170
24322 24480 28483
24480 24322 28483
28483 24322 24480
559 7732 7867
7732 559 7867
7867 559 7732
7009 20339 21381
21381 7009 20339
20339 7009 21381
25770 20474 26227
20474 25770 26227
26227 20474 25770
28207 15718 19080
15718 19080 28207
19080 15718 28207
23474 4404 19444
4404 19444 23474
19444 4404 23474
18936 14523 21362
21362 14523 18936
14523 18936 21362
24701 14129 18455
18455 14129 24701
14129 18455 24701
3659 16888 19412
19412 3659 16888
16888 3659 19412
21358 18174 23679
18174 21358 23679
23679 18174 21358
7199 2937 8590
8590 2937 7199
2937 7199 8590
16202 489 20121
489 16202 20121
20121 489 16202
3180 10290 24391
10290 3180 24391
24391 3180 10290
16252 1299 7263
7263 1299 16252
1299 7263 16252
5968 17390 25018
25018 5968 17390
17390 5968 25018
238 11815 16127
16127 238 11815
11815 238 16127
22250 10246 25071
10246 22250 25071
25071 10246 22250
12988 890 9043
890 9043 12988
9043 890 12988
13265 7869 27778
7869 13265 27778
27778 7869 13265
29249 2050 25030
25030 2050 29249
2050 25030 29249
23562 4379 27879
4379 23562 27879
27879 4379 23562
25865 4194 8570
4194 8570 25865
8570 4194 25865
16479 11388 13601
13601 11388 16479
11388 13601 16479
19087 12351 18034
12351 18034 19087
18034 12351 19087
7907 2060 18777
18777 2060 7907
2060 7907 18777
4052 2114 24076
24076 2114 4052
2114 4052 24076
11930 2526 19710
2526 11930 19710
19710 2526 11930
14912 8581 12512
8581 12512 14912
12512 8581 14912
11267 372 16181
372 11267 16181
16181 372 11267
22707 3111 22025
3111 22025 22707
22025 3111 22707
29523 3387 27474
27474 3387 29523
3387 27474 29523
26766 10856 27746
10856 26766 27746
27746 10856 26766
9299 5355 15125
15125 5355 9299
5355 9299 15125
22237 9680 16844
9680 16844 22237
16844 9680 22237
13864 8635 16303
8635 13864 16303
16303 8635 13864
5368 22914 27124
27124 5368 22914
22914 5368 27124
24696 8534 27920
27920 8534 24696
8534 24696 27920
17082 1246 11057
11057 1246 17082
1246 11057 17082
26694 2494 29902
29902 2494 26694
2494 26694 29902
19328 4754 22503
4754 19328 22503
22503 4754 19328
4652 9628 19403
19403 4652 9628
9628 4652 19403
4477 937 19144
19144 937 4477
937 4477 19144
13416 13951 20615
13951 13416 20615
20615 13416 13951
24767 4964 17471
17471 4964 24767
4964 17471 24767
17748 7504 13993
7504 13993 17748
13993 7504 17748
6302 1573 2848
1573 2848 6302
2848 1573 6302
23495 13652 15522
15522 13652 23495
13652 15522 23495
12798 2305 13883
13883 2305 12798
2305 12798 13883
25696 21866 28404
28404 21866 25696
21866 25696 28404
14791 603 14021
603 14021 14791
14021 603 14791
1529 12360 14699
14699 1529 12360
12360 1529 14699
25879 13267 24098
24098 13267 25879
13267 24098 25879
13133 20294 24583
20294 13133 24583
24583 13133 20294
15181 11792 27360
11792 15181 27360
27360 11792 15181
11030 13637 28215
13637 11030 28215
28215 11030 13637
15130 718 3909
3909 718 15130
718 3909 15130
618 7951 13279
13279 618 7951
7951 618 13279
16733 23463 25066
23463 16733 25066
25066 16733 23463
17181 2619 16687
2619 16687 17181
16687 2619 17181
12630 12717 17172
17172 12630 12717
12717 12630 17172
10651 355 27721
27721 355 10651
355 10651 27721
7392 13170 29385
13170 7392 29385
29385 7392 13170
13674 19704 28583
19704 13674 28583
28583 13674 19704
29108 12430 27732
27732 12430 29108
12430 27732 29108
29132 7431 18961
18961 7431 29132
7431 18961 29132
22126 6572 18297
6572 18297 22126
18297 6572 22126
29644 14365 19460
14365 19460 29644
19460 14365 29644
6048 4584 26149
4584 6048 26149
26149 4584 6048
590 12947 13207
12947 590 13207
13207 590 12947
20039 13331 14124
14124 13331 20039
13331 14124 20039
24961 21569 21857
21569 21857 24961
21857 21569 24961
22828 3482 23882
23882 3482 22828
3482 22828 23882
5117 18511 19072
19072 5117 18511
18511 5117 19072
17966 5207 28294
28294 5207 17966
5207 17966 28294
5375 1069 11275
1069 5375 11275
11275 1069 5375
29396 20608 26627
26627 20608 29396
20608 26627 29396
24594 2389 2411
2389 2411 24594
2411 2389 24594
27014 10317 26456
10317 26456 27014
26456 10317 27014
25184 4635 18628
4635 18628 25184
18628 4635 25184
14238 14141 27943
14141 14238 27943
27943 14141 14238
9399 2808 29191
29191 2808 9399
2808 9399 29191
21825 27251 27780
27780 21825 27251
27251 21825 27780
26718 18429 25807
18429 25807 26718
25807 18429 26718
9611 12577 13742
13742 9611 12577
12577 9611 13742
26632 13238 18812
18812 13238 26632
13238 18812 26632
13679 1452 6303
1452 6303 13679
6303 1452 13679
29764 7222 15102
15102 7222 29764
7222 15102 29764
19162 16290 26018
16290 19162 26018
26018 16290 19162
28627 15593 19828
19828 15593 28627
15593 19828 28627
26312 14531 19358
19358 14531 26312
14531 19358 26312
24992 6500 21958
6500 21958 24992
21958 6500 24992
796 3346 26219
3346 796 26219
26219 796 3346
26736 7699 13258
13258 7699 26736
7699 13258 26736
13559 1053 16367
16367 1053 13559
1053 13559 16367
3000 2572 6745
6745 2572 3000
2572 3000 6745
17136 10937 11614
11614 10937 17136
10937 11614 17136
17258 9657 21761
21761 9657 17258
9657 17258 21761
28651 23932 29929
23932 28651 29929
29929 23932 28651
28522 5315 21693
21693 5315 28522
5315 21693 28522
5170 6810 17723
17723 5170 6810
6810 5170 17723
11336 5962 15358
5962 11336 15358
15358 5962 11336
1326 2002 16643
16643 1326 2002
2002 1326 16643
10943 18691 25811
18691 10943 25811
25811 10943 18691
25844 2555 26733
26733 2555 25844
2555 25844 26733
27617 13603 27815
13603 27617 27815
27815 13603 27617
19703 457 24851
24851 457 19703
457 19703 24851
10262 7757 27905
27905 7757 10262
7757 10262 27905
8855 19784 28838
19784 8855 28838
28838 8855 19784
11974 17183 22649
17183 11974 22649
22649 11974 17183
21883 2455 15748
2455 15748 21883
15748 2455 21883
22831 5488 16317
5488 16317 22831
16317 5488 22831
11568 3851 24084
24084 3851 11568
3851 11568 24084
18239 7300 10616
7300 10616 18239
10616 7300 18239
22324 7795 22070
22070 7795 22324
7795 22070 22324
19203 789 26517
26517 789 19203
789 19203 26517
24420 9528 22646
9528 22646 24420
22646 9528 24420
29165 185 26940
185 26940 29165
26940 185 29165
27294 17789 25169
17789 25169 27294
25169 17789 27294
11781 10573 24928
24928 10573 11781
10573 11781 24928
21423 3514 27696
27696 3514 21423
3514 21423 27696
13351 18438 24103
24103 13351 18438
18438 13351 24103
21410 14144 18098
14144 18098 21410
18098 14144 21410
5393 7524 21550
21550 5393 7524
7524 5393 21550
21206 13854 18730
18730 13854 21206
13854 18730 21206
2510 2170 3986
3986 2170 2510
2170 2510 3986
18398 14745 22665
14745 18398 22665
22665 14745 18398
26855 2314 9301
2314 9301 26855
9301 2314 26855
2332 9860 27390
27390 2332 9860
9860 2332 27390
7678 14138 18943
14138 7678 18943
18943 7678 14138
12468 4368 13354
4368 12468 13354
13354 4368 12468
6071 4294 18931
4294 6071 18931
18931 4294 6071
8260 1603 26326
1603 8260 26326
26326 1603 8260
319 9613 10778
10778 319 9613
9613 319 10778
22467 13499 24143
13499 22467 24143
24143 13499 22467
9729 15766 27041
27041 9729 15766
15766 9729 27041
28406 4521 18381
18381 4521 28406
4521 18381 28406
2063 1709 24811
24811 1709 2063
1709 2063 24811
20152 16138 20648
20648 16138 20152
16138 20152 20648
91 4427 24150
24150 91 4427
4427 91 24150
21492 1662 15895
1662 15895 21492
15895 1662 21492
3621 11141 25250
25250 3621 11141
11141 3621 25250
16247 25425 29392
29392 16247 25425
25425 16247 29392
21543 5871 17870
17870 5871 21543
5871 17870 21543
8663 18550 21261
21261 8663 18550
18550 8663 21261
13575 8030 13936
13936 8030 13575
8030 13575 13936
7426 891 21014
21014 891 7426
891 7426 21014
2081 13052 13352
13052 2081 13352
13352 2081 13052
27042 22647 23374
22647 23374 27042
23374 22647 27042
14552 7391 22519
22519 7391 14552
7391 14552 22519
26062 11837 24073
11837 24073 26062
24073 11837 26062
23321 12293 18749
12293 18749 23321
18749 12293 23321
15515 6000 18907
6000 15515 18907
18907 6000 15515
9756 6180 6839
6839 6180 9756
6180 6839 9756
27996 11220 28910
11220 27996 28910
28910 11220 27996
8913 12513 28201
12513 8913 28201
28201 8913 12513
11067 5733 15972
5733 11067 15972
15972 5733 11067
3444 23201 28829
23201 3444 28829
28829 3444 23201
1927 5108 12910
12910 1927 5108
5108 1927 12910
5237 16496 19489
19489 5237 16496
16496 5237 19489
27686 5451 27964
5451 27686 27964
27964 5451 27686
2439 12742 29674
29674 2439 12742
12742 2439 29674
548 11766 20046
11766 548 20046
20046 548 11766
8660 21304 27105
27105 8660 21304
21304 8660 27105
15225 4183 25966
4183 15225 25966
25966 4183 15225
16740 20767 28645
28645 16740 20767
20767 16740 28645
15531 22382 26802
22382 15531 26802
26802 15531 22382
327 14224 23612
23612 327 14224
14224 327 23612
8293 6476 6672
6672 6476 8293
6476 6672 8293
21397 306 19351
19351 306 21397
306 19351 21397
9689 2765 9873
9873 2765 9689
2765 9689 9873
1347 20001 29212
20001 1347 29212
29212 1347 20001
11260 983 8463
8463 983 11260
983 8463 11260
27689 24278 28963
28963 24278 27689
24278 27689 28963
12679 22421 22944
22944 12679 22421
22421 12679 22944
7048 9998 21609
21609 7048 9998
9998 7048 21609
12821 3893 9047
3893 9047 12821
9047 3893 12821
18982 2700 14145
2700 14145 18982
14145 2700 18982
5949 731 15573
731 5949 15573
15573 731 5949
13725 6092 25092
25092 6092 13725
6092 13725 25092
21766 10954 13648
10954 13648 21766
13648 10954 21766
25688 9037 12933
12933 9037 25688
9037 12933 25688
19796 5142 6908
5142 6908 19796
6908 5142 19796
17289 13756 14434
13756 14434 17289
14434 13756 17289
2653 3993 12545
12545 2653 3993
3993 2653 12545
18494 558 19871
558 18494 19871
19871 558 18494
14071 17117 21912
17117 14071 21912
21912 14071 17117
25885 22509 28695
28695 22509 25885
22509 25885 28695
10663 3147 22832
3147 10663 22832
22832 3147 10663
21028 19520 27155
19520 21028 27155
27155 19520 21028
12180 9609 26983
26983 9609 12180
9609 12180 26983
17419 3294 6611
3294 6611 17419
6611 3294 17419
24055 2518 20277
2518 20277 24055
20277 2518 24055
25275 16307 19346
19346 16307 25275
16307 19346 25275
65 15488 27754
