199 156 286
286 156 199
156 199 286
189 212 283
283 189 212
212 189 283
238 132 279
279 132 238
132 238 279
297 56 239
239 56 297
56 239 297
12 61 214
61 12 214
214 12 61
259 97 215
215 97 259
97 215 259
6 87 226
87 6 226
226 6 87
18 166 185
185 18 166
166 18 185
69 4 33
4 33 69
33 4 69
51 200 224
224 51 200
200 51 224
110 134 167
167 110 134
134 110 167
136 44 220
44 136 220
220 44 136
119 76 187
187 76 119
76 119 187
139 23 155
23 139 155
155 23 139
274 2 222
2 222 274
222 2 274
67 81 128
128 67 81
81 67 128
93 34 99
99 34 93
34 93 99
38 95 266
95 38 266
266 38 95
182 157 295
157 182 295
295 157 182
178 15 257
257 15 178
15 178 257
26 126 206
206 26 126
126 26 206
144 101 141
141 101 144
101 141 144
83 158 289
158 83 289
289 83 158
291 102 137
102 137 291
137 102 291
213 100 210
210 100 213
100 210 213
78 96 129
96 78 129
129 78 96
28 111 277
277 28 111
111 28 277
60 146 292
292 60 146
146 60 292
190 52 276
52 190 276
276 52 190
281 71 154
71 154 281
154 71 281
13 11 169
11 13 169
169 11 13
184 163 253
253 163 184
163 184 253
90 1 32
32 1 90
1 32 90
74 35 149
149 35 74
35 74 149
108 5 57
5 57 108
57 5 108
254 58 251
251 58 254
58 251 254
77 79 233
79 77 233
233 77 79
176 130 278
130 176 278
278 130 176
75 92 140
140 75 92
92 75 140
290 3 104
104 3 290
3 104 290
42 24 230
230 24 42
24 42 230
191 65 270
270 65 191
65 191 270
121 50 131
50 121 131
131 50 121
293 173 201
201 173 293
173 201 293
242 30 275
30 242 275
275 30 242
205 59 195
195 59 205
59 195 205
273 19 25
19 25 273
25 19 273
272 142 236
236 142 272
142 236 272
20 113 228
113 20 228
228 20 113
282 186 207
207 186 282
186 207 282
48 9 14
9 14 48
14 9 48
82 116 262
262 82 116
116 82 262
192 202 203
202 192 203
203 192 202
73 49 265
265 49 73
49 73 265
252 180 227
227 180 252
180 227 252
98 171 183
183 98 171
171 98 183
298 62 288
288 62 298
62 288 298
29 89 125
89 29 125
125 29 89
115 47 241
241 47 115
47 115 241
172 103 106
106 103 172
103 106 172
194 94 193
193 94 194
94 193 194
133 218 258
258 133 218
218 133 258
267 197 271
197 267 271
271 197 267
91 16 168
16 91 168
168 16 91
64 70 151
70 64 151
151 64 70
31 85 235
85 31 235
235 31 85
148 27 53
53 27 148
27 53 148
217 135 159
135 159 217
159 135 217
248 229 268
229 248 268
268 229 248
216 147 240
240 147 216
147 216 240
68 17 39
17 39 68
39 17 68
109 120 152
152 109 120
120 109 152
209 46 177
177 46 209
46 177 209
250 21 261
261 21 250
21 250 261
255 84 198
84 198 255
198 84 255
208 118 122
122 118 208
118 122 208
41 54 300
54 41 300
300 41 54
66 123 174
123 66 174
174 66 123
72 117 153
153 72 117
117 72 153
223 10 22
10 22 223
22 10 223
37 221 247
247 37 221
221 37 247
287 7 204
204 7 287
7 204 287
124 164 188
164 124 188
188 124 164
36 246 296
296 36 246
246 36 296
181 175 285
285 175 181
175 181 285
86 43 160
43 86 160
160 43 86
114 162 264
264 114 162
162 114 264
8 45 256
256 8 45
45 8 256
170 219 263
219 170 263
263 170 219
80 237 269
269 80 237
237 80 269
234 55 179
55 179 234
179 55 234
243 63 299
63 243 299
299 63 243
161 244 294
244 161 294
294 161 244
145 211 231
231 145 211
211 145 231
225 40 143
143 40 225
40 143 225
165 107 112
112 107 165
107 112 165
88 249 260
260 88 249
249 88 260
138 280 284
280 138 284
284 138 280
150 196 245
196 150 245
245 150 196
105 127 232
127 105 232
232 105 127
