1716 85 2333
2333 85 1716
85 1716 2333
1717 1540 2019
2019 1540 1717
1540 1717 2019
1833 890 1362
1362 890 1833
890 1362 1833
2416 158 732
158 732 2416
732 158 2416
783 2454 2710
2454 783 2710
2710 783 2454
290 1447 2993
2993 290 1447
1447 290 2993
680 1654 1824
1824 680 1654
1654 680 1824
2426 2035 2042
2042 2035 2426
2035 2042 2426
1366 1199 1380
1199 1366 1380
1380 1199 1366
1245 1661 2961
1661 1245 2961
2961 1245 1661
1858 339 2804
2804 339 1858
339 1858 2804
962 307 2767
2767 307 962
307 962 2767
1311 1481 2284
1481 1311 2284
2284 1311 1481
2469 93 2327
93 2327 2469
2327 93 2469
2062 2315 2700
2315 2062 2700
2700 2062 2315
1381 673 1070
673 1070 1381
1070 673 1381
2341 1432 2487
2487 1432 2341
1432 2341 2487
276 429 1224
1224 276 429
429 276 1224
2161 82 2365
82 2161 2365
2365 82 2161
814 1465 2691
1465 814 2691
2691 814 1465
170 1287 1972
1287 170 1972
1972 170 1287
1759 495 1134
1134 495 1759
495 1134 1759
106 232 2746
2746 106 232
232 106 2746
2030 1209 2510
2510 1209 2030
1209 2030 2510
949 951 1883
951 949 1883
1883 949 951
2300 596 701
701 596 2300
596 701 2300
506 661 1328
1328 506 661
661 506 1328
510 577 1080
577 510 1080
1080 510 577
2104 203 1016
203 1016 2104
1016 203 2104
742 2074 2795
2795 742 2074
2074 742 2795
1878 44 261
261 44 1878
44 261 1878
2547 157 1503
157 1503 2547
1503 157 2547
1263 865 2401
865 1263 2401
2401 865 1263
549 664 704
664 549 704
704 549 664
1776 1580 2829
2829 1580 1776
1580 1776 2829
1144 1748 2400
1748 1144 2400
2400 1144 1748
2553 916 2002
2002 916 2553
916 2002 2553
1142 59 610
610 59 1142
59 610 1142
35 1100 1410
1100 35 1410
1410 35 1100
1892 2158 2253
2253 1892 2158
2158 1892 2253
1063 58 896
896 58 1063
58 896 1063
809 1905 2853
2853 809 1905
1905 809 2853
16 277 1463
1463 16 277
277 16 1463
935 388 2754
2754 388 935
388 935 2754
393 936 1014
936 393 1014
1014 393 936
740 642 1786
1786 642 740
642 740 1786
2930 703 1855
703 1855 2930
1855 703 2930
2571 2270 2503
2270 2503 2571
2503 2270 2571
918 2381 2615
2615 918 2381
2381 918 2615
148 712 2344
712 148 2344
2344 148 712
1288 1286 2148
1286 1288 2148
2148 1286 1288
773 807 1093
1093 773 807
807 773 1093
1420 39 1564
39 1420 1564
1564 39 1420
1530 1049 2883
2883 1049 1530
1049 1530 2883
2154 931 1255
931 1255 2154
1255 931 2154
1857 1220 2279
1220 1857 2279
2279 1220 1857
288 1185 1829
1185 288 1829
1829 288 1185
1294 107 238
238 107 1294
107 238 1294
1133 230 1760
1760 230 1133
230 1133 1760
733 318 1787
1787 318 733
318 733 1787
89 183 322
322 89 183
183 89 322
477 1060 1461
1461 477 1060
1060 477 1461
2506 499 2894
2894 499 2506
499 2506 2894
475 868 2967
2967 475 868
868 475 2967
1527 1202 2459
1202 1527 2459
2459 1202 1527
645 2522 2704
2522 645 2704
2704 645 2522
2734 19 174
19 174 2734
174 19 2734
1419 2038 2348
2348 1419 2038
2038 1419 2348
2867 1238 2579
1238 2579 2867
2579 1238 2867
1073 1221 2858
1221 1073 2858
2858 1073 1221
2914 2228 2290
2290 2228 2914
2228 2290 2914
542 938 2864
938 542 2864
2864 542 938
2021 243 1140
1140 243 2021
243 1140 2021
1830 1102 1535
1535 1102 1830
1102 1535 1830
2133 267 2323
2323 267 2133
267 2133 2323
806 162 1361
162 806 1361
1361 162 806
621 950 1586
950 621 1586
1586 621 950
898 1173 1761
1761 898 1173
1173 898 1761
2965 2003 2855
2855 2003 2965
2003 2855 2965
1695 580 2064
580 1695 2064
2064 580 1695
1137 597 1648
1648 597 1137
597 1137 1648
2222 500 2085
2085 500 2222
500 2085 2222
78 446 1758
446 78 1758
1758 78 446
1415 1417 2644
2644 1415 1417
1417 1415 2644
325 1055 2565
1055 325 2565
2565 325 1055
1656 702 1351
1351 702 1656
702 1351 1656
1916 1870 2461
2461 1870 1916
1870 1916 2461
391 859 2447
859 391 2447
2447 391 859
1107 1392 1439
1439 1107 1392
1392 1107 1439
2422 819 1692
819 1692 2422
1692 819 2422
347 52 2541
2541 52 347
52 347 2541
2975 355 1197
355 1197 2975
1197 355 2975
2357 1747 2810
2810 1747 2357
1747 2357 2810
1872 1686 2775
2775 1686 1872
1686 1872 2775
2973 2595 2598
2598 2595 2973
2595 2598 2973
509 2210 2750
2210 509 2750
2750 509 2210
1818 1482 2659
1482 1818 2659
2659 1482 1818
2462 1035 2134
2134 1035 2462
1035 2134 2462
1346 1390 1597
1597 1346 1390
1390 1346 1597
2476 21 2180
2180 21 2476
21 2180 2476
1338 1731 2601
1731 1338 2601
2601 1338 1731
640 1247 2025
1247 640 2025
2025 640 1247
1962 2519 2646
2519 1962 2646
2646 1962 2519
400 342 1851
1851 342 400
342 400 1851
2199 486 2969
2969 486 2199
486 2199 2969
2979 548 2272
2272 548 2979
548 2272 2979
1044 2493 2924
2924 1044 2493
2493 1044 2924
522 1206 1658
1206 522 1658
1658 522 1206
1994 1683 2655
1683 1994 2655
2655 1683 1994
188 1842 2383
1842 188 2383
2383 188 1842
2602 546 1045
546 1045 2602
1045 546 2602
72 1157 1762
1762 72 1157
1157 72 1762
517 1304 2686
1304 517 2686
2686 517 1304
2906 2759 2886
2886 2759 2906
2759 2886 2906
351 478 1868
1868 351 478
478 351 1868
2627 180 833
833 180 2627
180 833 2627
294 1067 1822
1822 294 1067
1067 294 1822
2608 181 1150
1150 181 2608
181 1150 2608
863 2317 2488
2488 863 2317
2317 863 2488
1907 1574 2192
1574 1907 2192
2192 1574 1907
361 1126 1643
1643 361 1126
1126 361 1643
2895 572 2122
2122 572 2895
572 2122 2895
2496 40 2446
2446 40 2496
40 2446 2496
2268 100 2874
2874 100 2268
100 2268 2874
241 1741 1743
1741 241 1743
1743 241 1741
882 1839 2494
2494 882 1839
1839 882 2494
1388 1728 2789
2789 1388 1728
1728 1388 2789
1746 496 2607
496 1746 2607
2607 496 1746
1192 990 2245
2245 990 1192
990 1192 2245
675 137 532
532 137 675
137 532 675
1276 728 2358
728 1276 2358
2358 728 1276
1606 531 1349
1349 531 1606
531 1349 1606
543 433 677
677 433 543
433 543 677
341 1523 2875
1523 341 2875
2875 341 1523
2656 191 1612
191 1612 2656
1612 191 2656
2036 70 2915
70 2036 2915
2915 70 2036
357 259 1871
259 357 1871
1871 259 357
1749 24 943
943 24 1749
24 943 1749
1782 985 2072
985 1782 2072
2072 985 1782
655 1805 2697
1805 655 2697
2697 655 1805
2116 2701 2797
2701 2116 2797
2797 2116 2701
2088 1929 1951
1951 1929 2088
1929 1951 2088
520 2618 2971
2618 520 2971
2971 520 2618
1033 240 767
240 767 1033
767 240 1033
306 2318 2636
2318 306 2636
2636 306 2318
2881 54 2371
2371 54 2881
54 2371 2881
845 902 2823
2823 845 902
902 845 2823
1979 1505 2115
1505 1979 2115
2115 1505 1979
2453 2556 2904
2556 2453 2904
2904 2453 2556
2196 1216 2739
2739 1216 2196
1216 2196 2739
476 2179 2528
2179 476 2528
2528 476 2179
1378 615 854
854 615 1378
615 854 1378
105 484 1277
1277 105 484
484 105 1277
1724 1680 2790
2790 1680 1724
1680 1724 2790
1945 8 1258
8 1258 1945
1258 8 1945
1738 380 1542
1542 380 1738
380 1542 1738
2238 975 2386
975 2238 2386
2386 975 2238
1479 104 2366
2366 104 1479
104 1479 2366
829 730 1092
1092 730 829
730 829 1092
18 2195 2841
2841 18 2195
2195 18 2841
1273 1971 2084
2084 1273 1971
1971 1273 2084
2943 1303 1678
1303 1678 2943
1678 1303 2943
2296 545 628
628 545 2296
545 628 2296
1622 177 2532
177 1622 2532
2532 177 1622
2807 378 1638
1638 378 2807
378 1638 2807
2711 1397 1989
1397 1989 2711
1989 1397 2711
1230 658 1178
1178 658 1230
658 1178 1230
1357 1906 2310
1906 1357 2310
2310 1357 1906
1885 1109 2144
2144 1109 1885
1109 1885 2144
1645 754 1798
754 1645 1798
1798 754 1645
980 79 1032
1032 79 980
79 980 1032
2010 666 2667
666 2010 2667
2667 666 2010
1213 835 2226
835 1213 2226
2226 835 1213
116 193 1803
1803 116 193
193 116 1803
2417 2286 2742
2286 2417 2742
2742 2286 2417
1693 505 1053
505 1053 1693
1053 505 1693
97 2688 2859
2859 97 2688
2688 97 2859
1114 123 2185
2185 123 1114
123 1114 2185
2050 746 813
746 813 2050
813 746 2050
2440 2216 2980
2216 2440 2980
2980 2216 2440
2562 1065 2873
2873 1065 2562
1065 2562 2873
1862 469 1040
1040 469 1862
469 1040 1862
1423 1450 1477
1450 1423 1477
1477 1423 1450
1264 876 1965
876 1264 1965
1965 876 1264
1882 557 2145
557 1882 2145
2145 557 1882
2219 2756 2778
2778 2219 2756
2756 2219 2778
905 1583 2900
1583 905 2900
2900 905 1583
2004 57 130
57 130 2004
130 57 2004
1712 31 1098
1098 31 1712
31 1098 1712
690 2058 2309
2309 690 2058
2058 690 2309
608 2186 2757
2757 608 2186
2186 608 2757
2652 160 512
512 160 2652
160 512 2652
844 432 1135
432 844 1135
1135 432 844
1031 140 1511
1511 140 1031
140 1031 1511
296 1596 2156
2156 296 1596
1596 296 2156
2139 555 1834
1834 555 2139
555 1834 2139
1371 1593 2251
2251 1371 1593
1593 1371 2251
2641 398 1036
1036 398 2641
398 1036 2641
2259 128 2628
128 2259 2628
2628 128 2259
1171 891 2774
891 1171 2774
2774 891 1171
331 934 2908
2908 331 934
934 331 2908
625 1487 2945
1487 625 2945
2945 625 1487
1148 1545 1999
1545 1148 1999
1999 1148 1545
888 332 735
332 735 888
735 332 888
147 141 1617
1617 141 147
141 147 1617
612 1766 2444
2444 612 1766
1766 612 2444
25 275 295
295 25 275
275 25 295
2449 650 2899
2899 650 2449
650 2449 2899
1595 686 2420
2420 686 1595
686 1595 2420
1910 268 1054
268 1054 1910
1054 268 1910
1711 1696 2360
2360 1696 1711
1696 1711 2360
182 489 965
965 182 489
489 182 965
2537 879 2673
879 2537 2673
2673 879 2537
2816 791 1233
1233 791 2816
791 1233 2816
1954 932 2785
932 1954 2785
2785 932 1954
2026 2014 2698
2014 2026 2698
2698 2014 2026
2200 1257 1375
1257 1375 2200
1375 1257 2200
409 1218 2554
1218 409 2554
2554 409 1218
1990 237 1702
237 1702 1990
1702 237 1990
1184 2135 2805
2805 1184 2135
2135 1184 2805
1605 330 2729
330 1605 2729
2729 330 1605
811 1298 2647
1298 811 2647
2647 811 1298
2277 684 1190
684 1190 2277
1190 684 2277
2619 2102 2389
2102 2389 2619
2389 2102 2619
1334 399 412
412 399 1334
399 412 1334
1779 1428 2931
1428 1779 2931
2931 1428 1779
206 528 1038
1038 206 528
528 206 1038
992 1859 2497
1859 992 2497
2497 992 1859
2262 83 709
709 83 2262
83 709 2262
1344 1921 2674
2674 1344 1921
1921 1344 2674
224 539 2798
2798 224 539
539 224 2798
2151 109 1757
1757 109 2151
109 1757 2151
2621 1316 2793
2793 1316 2621
1316 2621 2793
1997 1560 2276
2276 1560 1997
1560 1997 2276
2877 2022 2613
2022 2613 2877
2613 2022 2877
1932 300 1650
1650 300 1932
300 1650 1932
2972 447 1765
447 1765 2972
1765 447 2972
2458 1271 1318
1318 1271 2458
1271 1318 2458
164 392 2689
2689 164 392
392 164 2689
2445 540 1030
540 1030 2445
1030 540 2445
251 2306 2936
2306 251 2936
2936 251 2306
1115 1815 2166
1815 1115 2166
2166 1115 1815
1208 194 1327
1327 194 1208
194 1208 1327
450 1729 2225
2225 450 1729
1729 450 2225
1152 987 1660
1660 987 1152
987 1152 1660
1280 227 917
227 917 1280
917 227 1280
1128 1289 2377
1289 1128 2377
2377 1128 1289
2405 2404 2466
2466 2404 2405
2404 2405 2466
1901 1169 2988
2988 1169 1901
1169 1901 2988
1836 146 2851
2851 146 1836
146 1836 2851
2159 2198 2246
2246 2159 2198
2198 2159 2246
444 1139 2175
1139 444 2175
2175 444 1139
2455 30 1358
1358 30 2455
30 1358 2455
795 682 1021
682 795 1021
1021 682 795
973 1490 1873
1873 973 1490
1490 973 1873
333 1329 2211
1329 333 2211
2211 333 1329
1290 303 1131
303 1131 1290
1131 303 1290
2794 937 2671
2671 937 2794
937 2671 2794
1374 585 1228
1228 585 1374
585 1228 1374
1034 155 2202
155 1034 2202
2202 155 1034
719 2057 2520
2057 719 2520
2520 719 2057
168 1446 1850
1850 168 1446
1446 168 1850
1113 1591 2752
1591 1113 2752
2752 1113 1591
726 649 1251
1251 649 726
649 726 1251
110 139 2643
139 110 2643
2643 110 139
2715 1735 2814
1735 2715 2814
2814 1735 2715
1566 1553 2137
1553 1566 2137
2137 1553 1566
2958 1360 2728
1360 2728 2958
2728 1360 2958
1353 1177 2011
2011 1177 1353
1177 1353 2011
2168 687 1543
1543 687 2168
687 1543 2168
659 449 2588
449 659 2588
2588 449 659
1068 1373 2093
2093 1068 1373
1373 1068 2093
911 586 1742
1742 586 911
586 911 1742
122 1466 1821
1821 122 1466
1466 122 1821
1421 1451 2662
1451 1421 2662
2662 1421 1451
1471 1755 1799
1755 1471 1799
1799 1471 1755
910 1827 2254
2254 910 1827
1827 910 2254
2950 1537 1750
1537 1750 2950
1750 1537 2950
1106 749 2885
749 1106 2885
2885 749 1106
2123 485 1339
485 1339 2123
1339 485 2123
149 706 1559
706 149 1559
1559 149 706
1845 269 2468
2468 269 1845
269 1845 2468
1931 1823 2788
1823 1931 2788
2788 1823 1931
1668 1772 2694
2694 1668 1772
1772 1668 2694
1056 743 2762
2762 743 1056
743 1056 2762
1867 736 1674
736 1674 1867
1674 736 1867
2929 1020 2634
1020 2634 2929
2634 1020 2929
592 1960 2551
1960 592 2551
2551 592 1960
2891 142 1861
142 1861 2891
1861 142 2891
2124 2533 2926
2533 2124 2926
2926 2124 2533
710 53 1853
1853 53 710
53 710 1853
2393 2209 2820
2209 2393 2820
2820 2209 2393
344 1681 2870
2870 344 1681
1681 344 2870
2212 375 1520
375 1520 2212
1520 375 2212
1789 1973 2165
2165 1789 1973
1973 1789 2165
2876 1576 2473
1576 2473 2876
2473 1576 2876
382 1950 2047
2047 382 1950
1950 382 2047
1539 1534 1768
1768 1534 1539
1534 1539 1768
48 784 815
815 48 784
784 48 815
69 504 1659
1659 69 504
504 69 1659
1321 2056 2974
2974 1321 2056
2056 1321 2974
928 2587 2675
2675 928 2587
2587 928 2675
1792 279 2557
2557 279 1792
279 1792 2557
530 115 1890
115 530 1890
1890 115 530
1546 768 2766
2766 768 1546
768 1546 2766
2911 285 1679
285 1679 2911
1679 285 2911
187 397 1610
1610 187 397
397 187 1610
4 832 1880
832 4 1880
1880 4 832
2882 1797 2433
2433 1797 2882
1797 2433 2882
464 80 2081
80 464 2081
2081 80 464
2871 1460 2181
2181 1460 2871
1460 2181 2871
309 1312 2214
2214 309 1312
1312 309 2214
1942 1394 2573
1394 1942 2573
2573 1394 1942
189 1274 1350
1350 189 1274
1274 189 1350
233 2313 2928
2928 233 2313
2313 233 2928
1544 758 2848
2848 758 1544
758 1544 2848
1266 92 308
92 308 1266
308 92 1266
2436 1162 1647
1162 1647 2436
1647 1162 2436
1800 1123 2107
2107 1123 1800
1123 1800 2107
523 127 2399
127 523 2399
2399 127 523
145 803 1727
803 145 1727
1727 145 803
1854 2016 2051
2016 1854 2051
2051 1854 2016
900 47 2586
2586 47 900
47 900 2586
991 1449 2567
2567 991 1449
1449 991 2567
624 1603 1909
1603 624 1909
1909 624 1603
1705 1569 2984
1569 1705 2984
2984 1569 1705
884 808 1879
808 884 1879
1879 808 884
1434 516 1243
516 1243 1434
1243 516 1434
827 1365 2322
1365 827 2322
2322 827 1365
1570 423 745
423 745 1570
745 423 1570
1455 327 1046
327 1046 1455
1046 327 1455
1330 1391 2856
2856 1330 1391
1391 1330 2856
385 644 2933
644 385 2933
2933 385 644
2082 1478 2542
2542 1478 2082
1478 2082 2542
927 2100 2351
2100 927 2351
2351 927 2100
186 236 553
553 186 236
236 186 553
1175 1260 2705
2705 1175 1260
1260 1175 2705
853 1952 2421
2421 853 1952
1952 853 2421
402 1122 2409
1122 402 2409
2409 402 1122
2847 2005 2356
2005 2356 2847
2356 2005 2847
323 547 1284
1284 323 547
547 323 1284
1817 1975 2191
2191 1817 1975
1975 1817 2191
2483 1992 2862
1992 2483 2862
2862 1992 2483
234 792 2319
792 234 2319
2319 234 792
2267 1384 2597
2597 1384 2267
1384 2267 2597
1904 132 2439
132 1904 2439
2439 132 1904
2692 2244 2664
2664 2244 2692
2244 2664 2692
179 32 909
909 32 179
32 179 909
379 439 741
439 379 741
741 379 439
2568 2484 2596
2596 2484 2568
2484 2568 2596
766 321 437
437 321 766
321 437 766
964 1531 2424
2424 964 1531
1531 964 2424
1956 1297 2964
2964 1297 1956
1297 1956 2964
2340 286 2708
286 2340 2708
2708 286 2340
1283 1000 2535
1000 1283 2535
2535 1000 1283
595 1655 2905
1655 595 2905
2905 595 1655
1557 67 358
358 67 1557
67 358 1557
1995 452 2152
2152 452 1995
452 1995 2152
2285 1110 1963
1110 1963 2285
1963 1110 2285
76 1969 2095
2095 76 1969
1969 76 2095
1908 197 465
465 197 1908
197 465 1908
1160 2184 2479
2479 1160 2184
2184 1160 2479
2395 2566 2852
2566 2395 2852
2852 2395 2566
2940 1671 1896
1896 1671 2940
1671 1896 2940
2438 1499 2879
1499 2438 2879
2879 1499 2438
724 798 2791
2791 724 798
798 724 2791
2637 2888 2927
2888 2637 2927
2927 2637 2888
23 131 2982
2982 23 131
131 23 2982
676 2147 2304
2147 676 2304
2304 676 2147
1075 166 867
867 166 1075
166 867 1075
796 2121 2443
2121 796 2443
2443 796 2121
2353 1121 1369
1369 1121 2353
1121 1369 2353
2695 2367 2591
2591 2367 2695
2367 2591 2695
594 1165 2753
1165 594 2753
2753 594 1165
926 1618 2590
1618 926 2590
2590 926 1618
1582 1091 2828
2828 1091 1582
1091 1582 2828
1022 1640 2649
2649 1022 1640
1640 1022 2649
1694 1828 2240
2240 1694 1828
1828 1694 2240
2563 904 2299
904 2299 2563
2299 904 2563
376 425 1784
425 376 1784
1784 376 425
1336 1062 1737
1062 1336 1737
1737 1062 1336
1967 2690 2835
2835 1967 2690
2690 1967 2835
1529 670 1629
1629 670 1529
670 1529 1629
1611 2075 2985
2075 1611 2985
2985 1611 2075
1293 700 1697
700 1293 1697
1697 700 1293
2822 1272 1690
1272 1690 2822
1690 1272 2822
1982 117 2952
2952 117 1982
117 1982 2952
558 340 958
958 340 558
340 558 958
2472 1085 1721
1721 1085 2472
1085 1721 2472
579 957 1337
1337 579 957
957 579 1337
997 947 2452
947 997 2452
2452 947 997
2517 1651 2258
1651 2258 2517
2258 1651 2517
2236 289 1924
289 1924 2236
1924 289 2236
443 889 2624
889 443 2624
2624 443 889
2784 38 2651
2651 38 2784
38 2651 2784
278 1483 1608
1483 278 1608
1608 278 1483
1802 416 2818
416 1802 2818
2818 416 1802
634 1309 1562
1562 634 1309
1309 634 1562
1222 118 1470
118 1222 1470
1470 118 1222
1796 787 1018
1018 787 1796
787 1018 1796
2792 817 2291
2291 817 2792
817 2291 2792
2540 2247 2332
2247 2332 2540
2332 2247 2540
248 982 1252
982 248 1252
1252 248 982
1368 2052 2677
2052 1368 2677
2677 1368 2052
1193 1099 2629
2629 1099 1193
1099 1193 2629
2760 841 1399
841 1399 2760
1399 841 2760
1172 208 637
208 637 1172
637 208 1172
441 2119 2271
2271 441 2119
2119 441 2271
534 1435 1708
1708 534 1435
1435 534 1708
1663 1726 1877
1877 1663 1726
1726 1663 1877
169 1550 2740
1550 169 2740
2740 169 1550
508 897 2257
897 508 2257
2257 508 897
350 769 1961
769 350 1961
1961 350 769
2378 826 1200
826 1200 2378
1200 826 2378
324 1918 2806
2806 324 1918
1918 324 2806
154 503 2910
2910 154 503
503 154 2910
320 1416 2531
1416 320 2531
2531 320 1416
1159 616 1937
616 1159 1937
1937 616 1159
2796 559 1849
1849 559 2796
559 1849 2796
2832 2046 2826
2046 2826 2832
2826 2046 2832
2909 848 1188
848 1188 2909
1188 848 2909
838 1555 1689
1689 838 1555
1555 838 1689
1939 2235 2388
2235 1939 2388
2388 1939 2235
1998 590 1227
1227 590 1998
590 1227 1998
1507 220 552
552 220 1507
220 552 1507
1431 112 159
112 159 1431
159 112 1431
855 685 1791
1791 685 855
685 855 1791
1710 630 2065
2065 630 1710
630 1710 2065
2287 708 940
708 940 2287
940 708 2287
1524 2610 2801
2801 1524 2610
2610 1524 2801
2239 198 1430
198 1430 2239
1430 198 2239
1138 1042 1977
1977 1042 1138
1042 1138 1977
583 2902 2921
2902 583 2921
2921 583 2902
1976 1198 1911
1198 1911 1976
1911 1198 1976
2508 460 1270
1270 460 2508
460 1270 2508
1928 317 2502
2502 317 1928
317 1928 2502
2633 1577 2550
1577 2550 2633
2550 1577 2633
899 73 638
638 73 899
73 638 899
2370 2415 2800
2415 2370 2800
2800 2370 2415
1974 2514 2962
2514 1974 2962
2962 1974 2514
2174 17 1616
17 1616 2174
1616 17 2174
1838 2359 2741
2741 1838 2359
2359 1838 2741
1354 2129 2949
2949 1354 2129
2129 1354 2949
1467 717 799
799 717 1467
717 799 1467
1406 875 2320
875 1406 2320
2320 875 1406
2831 1047 2177
2177 1047 2831
1047 2177 2831
2040 1955 2512
2512 1955 2040
1955 2040 2512
1699 788 994
994 788 1699
788 994 1699
662 195 1443
1443 195 662
195 662 1443
1528 699 1205
1205 699 1528
699 1205 1528
1452 404 1525
404 1452 1525
1525 404 1452
2912 253 929
929 253 2912
253 929 2912
265 550 1985
550 265 1985
1985 265 550
98 138 1627
1627 98 138
138 98 1627
715 846 1181
846 715 1181
1181 715 846
627 1763 2114
2114 627 1763
1763 627 2114
45 2140 2501
2140 45 2501
2501 45 2140
2827 1634 1948
1634 1948 2827
1948 1634 2827
2224 2863 2884
2884 2224 2863
2863 2224 2884
1933 524 1389
524 1389 1933
1389 524 1933
1112 167 1130
1130 167 1112
167 1112 1130
672 2097 2963
2097 672 2963
2963 672 2097
2335 999 1604
999 1604 2335
1604 999 2335
363 1664 2976
2976 363 1664
1664 363 2976
1533 175 1568
1568 175 1533
175 1533 1568
2295 1317 2606
2606 1317 2295
1317 2295 2606
2275 1677 1864
1677 1864 2275
1864 1677 2275
1884 2650 2941
2941 1884 2650
2650 1884 2941
633 2513 2825
2825 633 2513
2513 633 2825
2786 847 2307
2307 847 2786
847 2307 2786
2288 921 2242
921 2242 2288
2242 921 2288
2008 1382 2339
1382 2008 2339
2339 1382 2008
1691 521 1437
521 1437 1691
1437 521 1691
1744 244 1458
244 1458 1744
1458 244 1744
2632 15 1598
15 1598 2632
1598 15 2632
571 613 2163
2163 571 613
613 571 2163
410 284 1514
284 410 1514
1514 284 410
2808 125 326
326 125 2808
125 326 2808
1513 1492 2642
2642 1492 1513
1492 1513 2642
1538 1017 1676
1017 1538 1676
1676 1017 1538
2722 299 1074
299 1074 2722
1074 299 2722
1841 2403 2719
2719 1841 2403
2403 1841 2719
2028 959 2429
2429 959 2028
959 2028 2429
2731 1240 2480
2480 1240 2731
1240 2480 2731
2234 2071 2681
2681 2071 2234
2071 2234 2681
1223 790 1549
1549 790 1223
790 1223 1549
51 133 1296
133 51 1296
1296 51 133
2996 119 804
119 804 2996
804 119 2996
1182 172 2218
2218 172 1182
172 1182 2218
2723 1214 2917
2917 1214 2723
1214 2723 2917
1893 120 1039
1039 120 1893
120 1039 1893
1874 463 2544
2544 463 1874
463 1874 2544
1448 1894 1986
1894 1448 1986
1986 1448 1894
2434 1343 2289
1343 2289 2434
2289 1343 2434
2626 1732 2331
2331 1732 2626
1732 2331 2626
2944 2094 2576
2094 2576 2944
2576 2094 2944
1981 1322 2412
1322 1981 2412
2412 1322 1981
2733 313 2707
2707 313 2733
313 2707 2733
851 794 2125
794 851 2125
2125 794 851
620 1005 2490
1005 620 2490
2490 620 1005
33 1096 1636
1636 33 1096
1096 33 1636
763 257 2777
257 763 2777
2777 257 763
2769 2143 2918
2918 2143 2769
2143 2769 2918
2703 1966 2280
1966 2280 2703
2280 1966 2703
386 2066 2735
2735 386 2066
2066 386 2735
2068 365 707
707 365 2068
365 707 2068
2326 1403 1809
1403 1809 2326
1809 1403 2326
255 401 551
551 255 401
401 255 551
1713 373 490
373 490 1713
490 373 1713
1041 1506 1740
1740 1041 1506
1506 1041 1740
2771 2172 2294
2294 2172 2771
2172 2294 2771
611 1057 1848
1057 611 1848
1848 611 1057
229 653 1396
1396 229 653
653 229 1396
1978 1167 1881
1167 1881 1978
1881 1167 1978
1183 136 2380
2380 136 1183
136 1183 2380
953 129 346
346 129 953
129 346 953
2890 961 2987
961 2890 2987
2987 961 2890
246 2505 2937
2937 246 2505
2505 246 2937
2749 1342 2385
2385 1342 2749
1342 2385 2749
2076 527 849
849 527 2076
527 849 2076
62 1633 1715
1715 62 1633
1633 62 1715
2053 2451 2861
2861 2053 2451
2451 2053 2861
605 1835 2205
1835 605 2205
2205 605 1835
2078 1125 1196
1196 1125 2078
1125 1196 2078
2432 713 1811
713 1811 2432
1811 713 2432
984 1359 1442
1442 984 1359
1359 984 1442
2844 247 1009
247 1009 2844
1009 247 2844
1670 287 1625
287 1625 1670
1625 287 1670
668 419 1875
419 668 1875
1875 419 668
1422 200 2612
200 1422 2612
2612 200 1422
2037 222 566
566 222 2037
222 566 2037
1051 55 2772
55 1051 2772
2772 55 1051
1027 850 2751
2751 850 1027
850 1027 2751
1404 1934 2726
1934 1404 2726
2726 1404 1934
171 1170 1970
1970 171 1170
1170 171 1970
2354 413 1071
413 1071 2354
1071 413 2354
881 1119 1281
1281 881 1119
1119 881 1281
1526 2329 2755
2755 1526 2329
2329 1526 2755
914 954 2956
2956 914 954
954 914 2956
2423 2162 2580
2162 2423 2580
2580 2162 2423
226 273 2712
2712 226 273
273 226 2712
1383 1781 2141
2141 1383 1781
1781 1383 2141
2947 618 1249
1249 618 2947
618 1249 2947
915 223 2530
223 915 2530
2530 223 915
752 1601 1957
1601 752 1957
1957 752 1601
1225 1988 2034
1988 1225 2034
2034 1225 1988
556 1019 1613
1613 556 1019
1019 556 1613
2779 1275 2635
1275 2635 2779
2635 1275 2779
364 99 2833
2833 99 364
99 364 2833
2233 124 1429
124 1429 2233
1429 124 2233
619 360 472
360 472 619
472 360 619
2575 1502 2073
1502 2073 2575
2073 1502 2575
793 536 860
536 793 860
860 536 793
2227 561 2903
2903 561 2227
561 2227 2903
2538 1262 1698
1698 1262 2538
1262 1698 2538
2555 1464 2916
2916 1464 2555
1464 2555 2916
310 68 679
68 310 679
679 68 310
1579 2485 2935
2935 1579 2485
2485 1579 2935
1581 995 1050
1050 995 1581
995 1050 1581
2685 507 2732
507 2685 2732
2732 507 2685
2146 1770 2684
1770 2146 2684
2684 1770 2146
96 114 2946
2946 96 114
114 96 2946
895 90 1913
1913 90 895
90 895 1913
2999 458 1733
458 1733 2999
1733 458 2999
2758 2203 2765
2765 2203 2758
2203 2758 2765
1116 1007 2142
1007 1116 2142
2142 1007 1116
1166 641 2126
641 1166 2126
2126 641 1166
442 1426 1891
1426 442 1891
1891 442 1426
2803 1210 2849
1210 2803 2849
2849 1210 2803
1320 1887 2819
2819 1320 1887
1887 1320 2819
871 1515 2418
2418 871 1515
1515 871 2418
1117 1852 2548
1852 1117 2548
2548 1117 1852
1104 1239 2054
1239 1104 2054
2054 1104 1239
622 1094 2569
1094 622 2569
2569 622 1094
1897 1665 2830
1665 1897 2830
2830 1665 1897
1630 245 878
878 245 1630
245 878 1630
862 1752 2525
1752 862 2525
2525 862 1752
1308 1204 2811
1204 1308 2811
2811 1204 1308
1234 2160 2611
2160 1234 2611
2611 1234 2160
1313 389 2658
389 1313 2658
2658 389 1313
866 436 1567
1567 436 866
436 866 1567
471 1089 1305
1089 471 1305
1305 471 1089
565 567 924
567 565 924
924 565 567
390 417 998
417 390 998
998 390 417
609 1485 1556
1556 609 1485
1485 609 1556
126 2687 2745
2745 126 2687
2687 126 2745
1087 2450 2539
2539 1087 2450
2450 1087 2539
161 1790 2815
1790 161 2815
2815 161 1790
1079 29 212
29 212 1079
212 29 1079
1669 1993 2255
1993 1669 2255
2255 1669 1993
451 864 2178
2178 451 864
864 451 2178
761 457 1840
1840 457 761
457 761 1840
1518 843 870
870 843 1518
843 870 1518
1889 1352 2230
1352 1889 2230
2230 1352 1889
228 2349 2966
2349 228 2966
2966 228 2349
1003 215 2892
215 1003 2892
2892 215 1003
1269 218 1552
1552 218 1269
218 1269 1552
434 12 2620
12 434 2620
2620 12 434
920 466 2787
466 920 2787
2787 466 920
802 263 2560
2560 263 802
263 802 2560
2721 440 1364
440 1364 2721
1364 440 2721
2558 945 1088
945 1088 2558
1088 945 2558
1195 91 996
91 996 1195
996 91 1195
2264 384 2680
2680 384 2264
384 2264 2680
2013 1411 2128
2128 1411 2013
1411 2013 2128
1572 461 669
461 669 1572
669 461 1572
2527 2 1780
1780 2 2527
2 1780 2527
50 1179 2411
2411 50 1179
1179 50 2411
468 1111 1401
1111 468 1401
1401 468 1111
2337 1532 2516
1532 2337 2516
2516 1532 2337
1393 349 513
513 349 1393
349 513 1393
2857 252 1496
252 1496 2857
1496 252 2857
601 824 2308
2308 601 824
824 601 2308
2669 94 840
94 840 2669
840 94 2669
1754 264 1212
264 1212 1754
1212 264 1754
1279 747 2770
2770 747 1279
747 1279 2770
348 291 387
291 348 387
387 291 348
744 65 887
887 65 744
65 744 887
2392 1314 1682
1314 1682 2392
1682 1314 2392
2419 908 2324
908 2324 2419
2324 908 2419
2000 479 2232
479 2000 2232
2232 479 2000
563 759 1819
1819 563 759
759 563 1819
315 1701 1930
1701 315 1930
1930 315 1701
598 1734 2460
2460 598 1734
1734 598 2460
2394 1812 2044
1812 2044 2394
2044 1812 2394
2029 907 2714
2714 907 2029
907 2029 2714
74 311 1231
1231 74 311
311 74 1231
302 42 575
42 302 575
575 42 302
1412 2117 2229
2229 1412 2117
2117 1412 2229
2347 283 693
693 283 2347
283 693 2347
2552 518 1473
518 1473 2552
1473 518 2552
359 2001 2149
2149 359 2001
2001 359 2149
431 63 1706
63 431 1706
1706 63 431
1155 1646 2282
1646 1155 2282
2282 1155 1646
635 1187 2978
2978 635 1187
1187 635 2978
258 883 2661
2661 258 883
883 258 2661
1158 714 2096
714 1158 2096
2096 714 1158
1086 588 858
858 588 1086
588 858 1086
1508 256 1571
1571 256 1508
256 1508 1571
923 1008 2616
2616 923 1008
1008 923 2616
2730 2157 2843
2157 2730 2843
2843 2157 2730
1944 880 1058
1058 880 1944
880 1058 1944
2269 369 2475
2475 369 2269
369 2269 2475
2645 1730 2015
1730 2015 2645
2015 1730 2645
1355 2110 2934
2110 1355 2934
2934 1355 2110
821 77 939
77 821 939
939 77 821
1565 852 2889
2889 852 1565
852 1565 2889
1925 64 1641
64 1641 1925
1641 64 1925
818 1118 1306
1118 818 1306
1306 818 1118
2780 1340 1895
1895 1340 2780
1340 1895 2780
2747 1265 2499
2499 1265 2747
1265 2499 2747
108 1010 2012
1010 108 2012
2012 108 1010
1607 1590 1943
1590 1607 1943
1943 1590 1607
487 1348 2138
2138 487 1348
1348 487 2138
1922 1024 2007
1024 1922 2007
2007 1024 1922
214 1268 1453
1268 214 1453
1453 214 1268
607 1820 2498
1820 607 2498
2498 607 1820
2564 420 2509
420 2509 2564
2509 420 2564
1666 678 2098
2098 678 1666
678 1666 2098
2561 1767 2442
2442 1767 2561
1767 2442 2561
1377 1408 2283
1408 1377 2283
2283 1377 1408
1333 1002 1149
1002 1149 1333
1149 1002 1333
570 101 1709
101 570 1709
1709 101 570
1189 1573 2048
1573 1189 2048
2048 1189 1573
2298 1151 1736
1736 1151 2298
1151 1736 2298
121 913 2893
2893 121 913
913 121 2893
2091 185 2504
2504 185 2091
185 2091 2504
430 903 2850
2850 430 903
903 430 2850
2919 893 2920
893 2919 2920
2920 893 2919
1700 367 1052
367 1052 1700
1052 367 1700
2249 729 1959
729 1959 2249
1959 729 2249
2983 2369 2953
2369 2953 2983
2953 2369 2983
574 775 2802
2802 574 775
775 574 2802
654 988 1672
1672 654 988
988 654 1672
2521 993 2070
993 2070 2521
2070 993 2521
780 316 1454
1454 316 780
316 780 1454
1512 1219 2376
1219 1512 2376
2376 1219 1512
1801 856 1436
856 1436 1801
1436 856 1801
753 201 1804
201 753 1804
1804 201 753
529 2374 2880
2374 529 2880
2880 529 2374
544 1341 1718
1718 544 1341
1341 544 1718
2997 2061 2305
2305 2061 2997
2061 2305 2997
2132 2526 2768
2526 2132 2768
2768 2132 2526
2252 2293 2414
2414 2252 2293
2293 2252 2414
405 1168 2511
1168 405 2511
2511 405 1168
1958 481 2589
2589 481 1958
481 1958 2589
1987 515 2977
2977 515 1987
515 1987 2977
2582 1372 2375
2375 1372 2582
1372 2375 2582
1991 774 2492
2492 774 1991
774 1991 2492
603 751 2572
751 603 2572
2572 603 751
639 2391 2518
2518 639 2391
2391 639 2518
202 587 2201
2201 202 587
587 202 2201
178 1006 1370
1006 178 1370
1370 178 1006
2336 1108 2431
1108 2336 2431
2431 1108 2336
2696 739 2106
739 2106 2696
2106 739 2696
1331 2657 2913
2913 1331 2657
2657 1331 2913
219 103 1794
103 219 1794
1794 103 219
537 663 2413
2413 537 663
663 537 2413
1237 816 2120
2120 816 1237
816 1237 2120
2583 1536 2648
1536 2583 2648
2648 1536 2583
1903 86 1427
86 1427 1903
1427 86 1903
2577 456 2991
456 2577 2991
2991 456 2577
1563 968 1497
1497 968 1563
968 1497 1563
2352 966 1964
966 1964 2352
1964 966 2352
207 1163 2024
1163 207 2024
2024 207 1163
438 723 1154
1154 438 723
723 438 1154
765 1510 2584
2584 765 1510
1510 765 2584
646 554 755
554 646 755
755 554 646
3 282 691
691 3 282
282 3 691
1061 66 1500
66 1061 1500
1500 66 1061
1232 1662 2489
2489 1232 1662
1662 1232 2489
825 1379 2302
1379 825 2302
2302 825 1379
647 1602 1810
1810 647 1602
1602 647 1810
1493 312 2594
312 1493 2594
2594 312 1493
422 2574 2970
2574 422 2970
2970 422 2574
2427 1863 2023
2023 1863 2427
1863 2023 2427
1385 738 901
901 738 1385
738 901 1385
502 454 2265
2265 454 502
454 502 2265
2474 1164 2321
2321 1164 2474
1164 2321 2474
1278 14 648
648 14 1278
14 648 1278
617 721 2171
721 617 2171
2171 617 721
1078 750 1326
1326 750 1078
750 1078 1326
2536 406 2679
406 2536 2679
2679 406 2536
1649 771 2478
2478 771 1649
771 1649 2478
2410 1025 2170
1025 2170 2410
2170 1025 2410
922 1459 2039
1459 922 2039
2039 922 1459
2055 1774 2989
2989 1774 2055
1774 2055 2989
1226 298 1475
1475 298 1226
298 1226 1475
1594 626 674
674 626 1594
626 674 1594
1174 1745 2301
2301 1174 1745
1745 1174 2301
2049 1480 2665
2665 1480 2049
1480 2049 2665
1259 942 1029
1029 942 1259
942 1029 1259
260 1424 2727
1424 260 2727
2727 260 1424
2031 113 2907
113 2031 2907
2907 113 2031
165 11 102
102 11 165
11 102 165
2382 877 2799
2799 877 2382
877 2382 2799
491 1501 2090
1501 491 2090
2090 491 1501
711 2428 2923
2923 711 2428
2428 711 2923
1504 1256 2292
1256 1504 2292
2292 1256 1504
614 407 1105
407 614 1105
1105 407 614
1888 1254 2994
2994 1254 1888
1254 1888 2994
1984 1498 2939
2939 1498 1984
1498 1984 2939
2067 683 2266
683 2067 2266
2266 683 2067
2617 394 526
394 526 2617
526 394 2617
2495 1323 2781
1323 2495 2781
2781 1323 2495
974 221 1302
1302 221 974
221 974 1302
1363 336 1235
336 1235 1363
1235 336 1363
204 270 483
483 204 270
270 204 483
1267 533 1291
533 1267 1291
1291 533 1267
1941 656 2824
656 1941 2824
2824 656 1941
1037 822 2672
2672 822 1037
822 1037 2672
2706 1816 2660
1816 2660 2706
2660 1816 2706
770 1785 1856
1856 770 1785
1785 770 1856
972 235 1927
235 972 1927
1927 235 972
2640 1472 2990
2990 1472 2640
1472 2640 2990
1637 2231 2430
2231 1637 2430
2430 1637 2231
1324 591 2720
591 1324 2720
2720 591 1324
933 455 2738
455 933 2738
2738 455 933
209 2017 2549
2549 209 2017
2017 209 2549
2578 301 946
301 946 2578
946 301 2578
1551 1083 1751
1751 1083 1551
1083 1551 1751
1783 1191 2343
2343 1191 1783
1191 1783 2343
1519 199 694
694 199 1519
199 694 1519
1808 1456 2932
1456 1808 2932
2932 1456 1808
2217 1248 1652
1652 1248 2217
1248 1652 2217
1739 1409 1468
1409 1468 1739
1468 1409 1739
1004 87 1624
1624 87 1004
87 1004 1624
983 981 2372
2372 981 983
981 983 2372
777 329 1886
329 777 1886
1886 329 777
861 2009 2968
2968 861 2009
2009 861 2968
671 1124 1814
1814 671 1124
1124 671 1814
1405 1095 2500
1095 1405 2500
2500 1095 1405
2350 1936 2113
2113 1936 2350
1936 2113 2350
2338 249 1795
249 1795 2338
1795 249 2338
2600 785 2325
785 2325 2600
2325 785 2600
2063 488 1900
1900 488 2063
488 1900 2063
1899 134 1066
134 1066 1899
1066 134 1899
869 2482 2922
2922 869 2482
2482 869 2922
1720 354 925
354 925 1720
925 354 1720
681 1347 1722
1347 681 1722
1722 681 1347
334 1129 1684
1129 334 1684
1684 334 1129
2585 61 952
61 952 2585
952 61 2585
1101 667 1673
667 1101 1673
1673 667 1101
1687 2206 2838
2838 1687 2206
2206 1687 2838
782 150 1023
150 782 1023
1023 150 782
1246 176 2817
176 1246 2817
2817 176 1246
2653 2713 2812
2713 2653 2812
2812 2653 2713
304 705 1136
705 304 1136
1136 304 705
153 1300 2457
2457 153 1300
1300 153 2457
1474 46 1295
46 1295 1474
1295 46 1474
2099 470 1261
470 1261 2099
1261 470 2099
2545 2112 2724
2724 2112 2545
2112 2545 2724
820 569 1723
1723 569 820
569 820 1723
970 772 1156
1156 772 970
772 970 1156
1413 143 2959
143 1413 2959
2959 143 1413
335 328 2281
328 335 2281
2281 328 335
886 95 1615
1615 95 886
95 886 1615
3000 2303 2676
2676 2303 3000
2303 2676 3000
1084 81 2467
81 1084 2467
2467 81 1084
7 1832 2491
1832 7 2491
2491 7 1832
1866 1147 1376
1376 1147 1866
1147 1376 1866
1242 956 1307
1307 956 1242
956 1242 1307
1588 1203 1719
1719 1203 1588
1203 1588 1719
2127 582 2256
2256 582 2127
582 2127 2256
2718 1418 1813
1418 1813 2718
1813 1418 2718
374 912 2237
912 374 2237
2237 374 912
1575 2813 2995
2813 1575 2995
2995 1575 2813
1547 381 2604
2604 381 1547
381 1547 2604
1635 1253 2470
1253 1635 2470
2470 1253 1635
643 1753 1968
1968 643 1753
1753 643 1968
2836 41 1146
1146 41 2836
41 1146 2836
1707 2018 2384
2018 1707 2384
2384 1707 2018
366 632 2118
2118 366 632
632 366 2118
377 781 1938
781 377 1938
1938 377 781
564 60 2194
2194 60 564
60 564 2194
828 2368 2683
2368 828 2683
2683 828 2368
2109 343 2948
2948 343 2109
343 2109 2948
1319 37 834
37 834 1319
834 37 1319
297 211 823
823 211 297
211 297 823
1860 1778 2187
1778 1860 2187
2187 1778 1860
2188 13 1444
13 1444 2188
1444 13 2188
1675 173 2334
2334 173 1675
173 1675 2334
2330 967 2534
2534 967 2330
967 2330 2534
2663 210 581
210 581 2663
581 210 2663
1012 1028 2208
2208 1012 1028
1028 1012 2208
2764 1623 2402
2402 1623 2764
1623 2402 2764
2101 776 2407
2407 776 2101
776 2101 2407
1153 281 1476
281 1153 1476
1476 281 1153
2693 697 1725
1725 697 2693
697 1725 2693
338 839 1807
839 338 1807
1807 338 839
56 1332 2060
1332 56 2060
2060 56 1332
2631 1285 2896
1285 2631 2896
2896 1285 2631
192 448 1120
448 192 1120
1120 192 448
2197 1522 2087
2087 1522 2197
1522 2087 2197
2362 857 1639
1639 857 2362
857 1639 2362
2702 271 525
525 271 2702
271 525 2702
1398 1059 2761
2761 1059 1398
1059 1398 2761
362 184 272
184 272 362
272 184 362
2486 1207 2398
2398 1207 2486
1207 2398 2486
1127 919 1578
919 1127 1578
1578 919 1127
2361 414 810
414 810 2361
810 414 2361
944 144 801
144 801 944
801 144 944
2041 1103 1132
1132 1103 2041
1103 1132 2041
885 688 779
688 779 885
779 688 885
156 1521 2406
1521 156 2406
2406 156 1521
1072 1777 2809
1777 1072 2809
2809 1072 1777
2782 892 1013
892 1013 2782
1013 892 2782
262 1469 2130
1469 262 2130
2130 262 1469
2840 428 497
497 428 2840
428 497 2840
797 1946 2243
2243 797 1946
1946 797 2243
2379 1980 2666
2666 1980 2379
1980 2379 2666
1920 356 2213
2213 356 1920
356 1920 2213
2846 1489 2183
2183 1489 2846
1489 2183 2846
1495 1494 2938
1494 1495 2938
2938 1494 1495
2261 1619 2441
2441 1619 2261
1619 2261 2441
2954 930 1589
1589 930 2954
930 1589 2954
2668 722 1400
722 1400 2668
1400 722 2668
225 568 2189
2189 225 568
568 225 2189
1599 906 2717
906 1599 2717
2717 906 1599
786 812 2297
812 786 2297
2297 786 812
1097 1704 2868
1704 1097 2868
2868 1097 1704
20 636 1488
1488 20 636
636 20 1488
695 805 1367
1367 695 805
805 695 1367
84 1688 2045
2045 84 1688
1688 84 2045
519 28 352
28 352 519
352 28 519
2364 353 368
368 353 2364
353 368 2364
2523 1176 2744
1176 2523 2744
2744 1176 2523
2032 1402 2471
2471 1402 2032
1402 2032 2471
2998 1876 2845
2845 1876 2998
1876 2845 2998
535 977 2783
2783 535 977
977 535 2783
837 292 2898
2898 292 837
292 837 2898
2435 599 2103
599 2103 2435
2103 599 2435
1491 274 2678
2678 274 1491
274 1491 2678
1923 71 1865
1865 71 1923
71 1865 1923
2630 424 2080
2080 424 2630
424 2080 2630
1445 2069 2481
2481 1445 2069
2069 1445 2481
1926 395 2278
395 1926 2278
2278 395 1926
1949 459 2311
459 1949 2311
2311 459 1949
2955 1902 2263
1902 2263 2955
2263 1902 2955
2546 1299 1509
1509 1299 2546
1299 1509 2546
26 435 778
778 26 435
435 26 778
6 727 1180
1180 6 727
727 6 1180
748 989 2865
2865 748 989
989 748 2865
941 427 1141
1141 427 941
427 941 1141
2328 1433 1996
1996 1433 2328
1433 1996 2328
2079 2105 2699
2105 2079 2699
2699 2079 2105
979 49 1516
49 979 1516
1516 49 979
418 482 2387
482 418 2387
2387 418 482
2396 213 756
213 756 2396
756 213 2396
1628 762 2043
762 1628 2043
2043 762 1628
1703 152 2108
2108 152 1703
152 1703 2108
2839 242 1201
242 1201 2839
1201 242 2839
2136 1484 2605
1484 2136 2605
2605 1484 2136
1898 1236 2748
2748 1236 1898
1236 1898 2748
2869 1161 2083
2083 1161 2869
1161 2083 2869
2821 473 2059
473 2059 2821
2059 473 2821
1486 1001 2215
1001 1486 2215
2215 1001 1486
135 370 1935
1935 135 370
370 135 1935
371 163 2390
163 371 2390
2390 163 371
1548 111 1407
1407 111 1548
111 1407 1548
1462 660 2190
2190 660 1462
660 1462 2190
1788 2077 2860
2077 1788 2860
2860 1788 2077
314 830 1769
830 314 1769
1769 314 830
978 1215 2887
2887 978 1215
1215 978 2887
1806 1186 1244
1186 1244 1806
1244 1186 1806
1714 1217 1983
1217 1714 1983
1983 1217 1714
1764 1310 2529
1310 1764 2529
2529 1310 1764
492 2089 2477
2089 492 2477
2477 492 2089
43 462 480
462 43 480
480 43 462
408 514 1912
1912 408 514
514 408 1912
2241 280 1642
1642 280 2241
280 1642 2241
2960 1043 2176
1043 2176 2960
2176 1043 2960
2220 1847 2925
1847 2220 2925
2925 1847 2220
27 2316 2373
2373 27 2316
2316 27 2373
2736 1081 2901
1081 2736 2901
2901 1081 2736
2603 217 250
217 250 2603
250 217 2603
2737 1685 1919
1919 1685 2737
1685 1919 2737
1558 411 1241
1241 411 1558
411 1241 1558
2992 467 2033
2033 467 2992
467 2033 2992
1011 720 1587
720 1011 1587
1587 720 1011
631 421 1438
1438 421 631
421 631 1438
1250 1915 2592
2592 1250 1915
1915 1250 2592
657 589 874
589 657 874
874 589 657
1947 1844 2981
1844 1947 2981
2981 1844 1947
602 2131 2623
2623 602 2131
2131 602 2623
2897 764 1953
764 1953 2897
1953 764 2897
2273 1325 1554
1554 1325 2273
1325 1554 2273
963 1064 1517
1064 963 1517
1517 963 1064
1657 1026 1345
1345 1026 1657
1026 1345 1657
1793 1 1145
1 1145 1793
1145 1 1793
151 2111 2456
2456 151 2111
2111 151 2456
2006 396 2345
2345 396 2006
396 2006 2345
474 652 2878
2878 474 652
652 474 2878
1077 538 986
986 538 1077
538 986 1077
2507 2355 2397
2355 2397 2507
2397 2355 2507
629 2204 2638
2638 629 2204
2204 629 2638
494 2559 2625
2559 494 2625
2625 494 2559
2182 196 2312
196 2182 2312
2312 196 2182
1425 216 584
584 216 1425
216 584 1425
2448 2274 2654
2274 2448 2654
2654 2274 2448
2173 319 2942
319 2173 2942
2942 319 2173
2464 1775 2622
2622 1775 2464
1775 2464 2622
976 2155 2614
2155 976 2614
2614 976 2155
501 948 2866
2866 501 948
948 501 2866
2951 604 1621
1621 604 2951
604 1621 2951
2221 337 698
337 698 2221
698 337 2221
1048 305 1600
305 1048 1600
1600 305 1048
600 190 2342
2342 190 600
190 600 2342
2670 606 2837
2837 606 2670
606 2670 2837
2599 2020 2425
2020 2425 2599
2425 2020 2599
1837 800 2250
2250 800 1837
800 1837 2250
1076 372 873
873 372 1076
372 873 1076
2639 345 2854
2854 345 2639
345 2639 2854
1773 573 2314
2314 573 1773
573 1773 2314
1301 578 872
872 578 1301
578 872 1301
696 1441 2842
1441 696 2842
2842 696 1441
731 716 1457
716 731 1457
1457 716 731
2776 231 445
445 231 2776
231 445 2776
1082 1561 1917
1917 1082 1561
