808 1794 2518
2518 808 1794
1794 808 2518
2162 860 2662
2662 860 2162
860 2162 2662
2359 1396 1621
1621 1396 2359
1396 1621 2359
658 120 1750
120 658 1750
1750 120 658
2661 1606 2041
2041 1606 2661
1606 2041 2661
2357 426 2089
2089 426 2357
426 2089 2357
2563 1947 2865
2865 1947 2563
1947 2563 2865
708 542 2825
2825 542 708
542 708 2825
331 141 2950
141 331 2950
2950 141 331
745 640 2601
640 745 2601
2601 640 745
1548 510 1914
510 1548 1914
1914 510 1548
470 1564 2748
1564 470 2748
2748 470 1564
2264 2143 2650
2650 2143 2264
2143 2264 2650
2464 2236 2337
2337 2236 2464
2236 2337 2464
2973 182 328
182 328 2973
328 182 2973
1439 1397 2353
2353 1397 1439
1397 1439 2353
760 342 1081
1081 342 760
342 760 1081
402 2007 2882
2007 402 2882
2882 402 2007
617 152 2375
2375 152 617
152 617 2375
267 365 2404
365 267 2404
2404 267 365
2277 527 1206
527 1206 2277
1206 527 2277
356 1487 1536
1536 356 1487
1487 356 1536
1904 984 1766
1766 984 1904
984 1766 1904
344 870 2991
870 344 2991
2991 344 870
2620 358 1076
1076 358 2620
358 1076 2620
1255 897 904
897 904 1255
904 897 1255
1415 1595 1890
1595 1415 1890
1890 1415 1595
1874 66 2254
66 1874 2254
2254 66 1874
2622 529 1530
1530 529 2622
529 1530 2622
191 1414 2063
2063 191 1414
1414 191 2063
2976 232 415
232 415 2976
415 232 2976
413 1654 2054
1654 413 2054
2054 413 1654
1774 1968 2854
1968 1774 2854
2854 1774 1968
1656 877 2226
877 1656 2226
2226 877 1656
2036 1912 2718
1912 2036 2718
2718 1912 2036
2133 864 936
936 864 2133
864 936 2133
642 614 1946
1946 614 642
614 642 1946
1603 36 1951
36 1603 1951
1951 36 1603
2927 1749 2177
1749 2177 2927
2177 1749 2927
2896 243 2074
2074 243 2896
243 2074 2896
940 1879 2345
1879 940 2345
2345 940 1879
1111 1476 2619
2619 1111 1476
1476 1111 2619
2347 1592 1945
1945 1592 2347
1592 1945 2347
816 2031 2846
2031 816 2846
2846 816 2031
2442 1098 1630
1630 1098 2442
1098 1630 2442
2237 203 1277
1277 203 2237
203 1277 2237
2571 1701 2575
2575 1701 2571
1701 2571 2575
1615 1340 1514
1340 1514 1615
1514 1340 1615
507 10 33
33 10 507
10 33 507
293 264 1209
1209 264 293
264 293 1209
838 28 1568
28 838 1568
1568 28 838
1572 1457 1733
1457 1572 1733
1733 1457 1572
2472 1304 2831
1304 2472 2831
2831 1304 2472
604 209 2014
209 604 2014
2014 209 604
2687 603 2493
2493 603 2687
603 2493 2687
2331 1042 2827
1042 2331 2827
2827 1042 2331
2012 173 1328
173 1328 2012
1328 173 2012
2495 710 2384
2384 710 2495
710 2384 2495
738 168 2605
168 738 2605
2605 168 738
1651 1865 2413
1865 1651 2413
2413 1651 1865
811 401 2218
2218 401 811
401 811 2218
601 1669 2066
2066 601 1669
1669 601 2066
2187 1691 2610
1691 2187 2610
2610 1691 2187
396 1938 2951
2951 396 1938
1938 396 2951
1025 1006 1018
1018 1006 1025
1006 1018 1025
734 1170 2211
2211 734 1170
1170 734 2211
851 251 321
251 321 851
321 251 851
2557 1242 1546
1546 1242 2557
1242 1546 2557
873 620 867
867 620 873
620 867 873
946 239 765
239 765 946
765 239 946
1492 516 2652
516 1492 2652
2652 516 1492
2283 2024 2967
2967 2024 2283
2024 2283 2967
505 2830 2992
2992 505 2830
2830 505 2992
2443 1318 1412
1412 1318 2443
1318 1412 2443
1537 2490 2936
2936 1537 2490
2490 1537 2936
1327 1555 2401
2401 1327 1555
1555 1327 2401
95 41 536
536 41 95
41 95 536
2683 689 1571
689 1571 2683
1571 689 2683
9 1 1117
1 9 1117
1117 1 9
841 29 1619
29 841 1619
1619 29 841
2242 1699 2972
1699 2242 2972
2972 1699 2242
2609 2175 2542
2542 2175 2609
2175 2542 2609
1979 163 1171
1171 163 1979
163 1171 1979
2403 1823 2294
1823 2294 2403
2294 1823 2403
2172 1499 2583
1499 2172 2583
2583 1499 2172
2 334 1553
1553 2 334
334 2 1553
848 1582 2835
1582 848 2835
2835 848 1582
2141 906 1673
1673 906 2141
906 1673 2141
716 1803 1822
1803 716 1822
1822 716 1803
568 300 978
978 300 568
300 568 978
1175 1496 2692
1496 1175 2692
2692 1175 1496
454 1897 2747
1897 454 2747
2747 454 1897
1629 1593 2783
2783 1593 1629
1593 1629 2783
1320 752 1647
1647 752 1320
752 1320 1647
368 1404 1891
1891 368 1404
1404 368 1891
2638 43 548
548 43 2638
43 548 2638
1363 1056 1528
1056 1363 1528
1528 1056 1363
1423 485 2812
2812 485 1423
485 1423 2812
517 758 1739
758 517 1739
1739 517 758
695 486 2044
486 695 2044
2044 486 695
1926 2213 2743
2213 1926 2743
2743 1926 2213
1892 1607 2170
2170 1607 1892
1607 1892 2170
2132 2688 2931
2931 2132 2688
2688 2132 2931
1677 573 1731
573 1677 1731
1731 573 1677
1373 1736 2578
2578 1373 1736
1736 1373 2578
2416 1070 2417
1070 2416 2417
2417 1070 2416
1039 878 2651
2651 878 1039
878 1039 2651
1767 982 1139
1139 982 1767
982 1139 1767
1550 78 1210
1210 78 1550
78 1210 1550
139 5 2633
5 139 2633
2633 5 139
2147 271 2713
271 2147 2713
2713 271 2147
318 569 2015
569 318 2015
2015 318 569
750 116 2450
116 750 2450
2450 116 750
2217 73 896
73 896 2217
896 73 2217
1759 457 911
911 457 1759
457 911 1759
2060 119 2618
119 2060 2618
2618 119 2060
1853 942 962
962 942 1853
942 962 1853
1113 491 888
491 888 1113
888 491 1113
1836 779 2102
2102 779 1836
779 1836 2102
2792 983 2879
983 2792 2879
2879 983 2792
2225 890 1527
1527 890 2225
890 1527 2225
484 798 1281
1281 484 798
798 484 1281
1047 746 1646
1646 746 1047
746 1047 1646
1800 1067 1449
1449 1067 1800
1067 1449 1800
2065 298 354
298 354 2065
354 298 2065
1444 2697 2939
2697 1444 2939
2939 1444 2697
87 39 2338
39 87 2338
2338 39 87
2584 657 2508
657 2508 2584
2508 657 2584
2268 2026 2522
2522 2026 2268
2026 2268 2522
717 258 363
258 363 717
363 258 717
306 445 2851
2851 306 445
445 306 2851
699 1688 2244
1688 699 2244
2244 699 1688
206 387 431
387 206 431
431 206 387
2572 684 1576
684 1576 2572
1576 684 2572
282 715 807
807 282 715
715 282 807
121 790 2052
790 121 2052
2052 121 790
2600 1448 2730
1448 2600 2730
2730 1448 2600
2644 250 1342
250 1342 2644
1342 250 2644
1985 818 1250
818 1250 1985
1250 818 1985
1407 1834 2148
1834 1407 2148
2148 1407 1834
531 1234 2486
1234 531 2486
2486 531 1234
2759 1940 2424
2424 1940 2759
1940 2424 2759
2099 451 1060
451 1060 2099
1060 451 2099
2104 787 2897
2897 787 2104
787 2104 2897
181 280 1760
280 181 1760
1760 181 280
2013 1520 2201
2201 1520 2013
1520 2013 2201
248 1490 2239
1490 248 2239
2239 248 1490
762 2199 2645
2645 762 2199
2199 762 2645
113 1201 1454
1454 113 1201
1201 113 1454
839 338 520
520 338 839
338 520 839
1100 1954 2173
1954 1100 2173
2173 1100 1954
2680 498 552
552 498 2680
498 552 2680
2821 343 2962
343 2821 2962
2962 343 2821
638 1017 1970
1970 638 1017
1017 638 1970
2097 420 2686
420 2097 2686
2686 420 2097
1839 60 2299
2299 60 1839
60 1839 2299
813 2045 2373
2373 813 2045
2045 813 2373
2665 707 2287
2287 707 2665
707 2287 2665
1748 107 1128
107 1128 1748
1128 107 1748
245 898 2427
2427 245 898
898 245 2427
557 696 1082
1082 557 696
696 557 1082
1665 1236 1958
1958 1236 1665
1236 1665 1958
7 341 2853
341 7 2853
2853 7 341
2419 608 2808
2808 608 2419
608 2419 2808
1254 2124 2603
2124 1254 2603
2603 1254 2124
874 1085 2142
2142 874 1085
1085 874 2142
1240 352 1129
352 1129 1240
1129 352 1240
2893 2273 2930
2273 2893 2930
2930 2273 2893
939 374 881
374 881 939
881 374 939
1165 217 534
534 217 1165
217 534 1165
796 1164 2461
1164 796 2461
2461 796 1164
1330 1001 1943
1001 1330 1943
1943 1001 1330
2646 200 1174
1174 200 2646
200 1174 2646
311 509 2261
509 311 2261
2261 311 509
249 2363 2537
2537 249 2363
2363 249 2537
2937 1257 2771
1257 2771 2937
2771 1257 2937
1681 630 1845
1845 630 1681
630 1681 1845
932 104 2231
2231 104 932
104 932 2231
409 48 1644
1644 48 409
48 409 1644
2130 1992 2025
1992 2025 2130
2025 1992 2130
1783 912 2884
912 1783 2884
2884 912 1783
632 406 812
406 632 812
812 406 632
2215 142 1387
142 1387 2215
1387 142 2215
1686 2806 2956
2806 1686 2956
2956 1686 2806
1413 576 1859
576 1413 1859
1859 576 1413
2811 443 2934
2934 443 2811
443 2811 2934
74 62 1135
1135 62 74
62 74 1135
1194 212 2668
2668 212 1194
212 1194 2668
1231 303 1512
1512 303 1231
303 1231 1512
236 2764 2850
2764 236 2850
2850 236 2764
1852 1481 1626
1481 1626 1852
1626 1481 1852
1552 1791 2280
1791 1552 2280
2280 1552 1791
2474 927 2716
2716 927 2474
927 2474 2716
23 739 2152
2152 23 739
739 23 2152
1549 800 2800
2800 800 1549
800 1549 2800
909 1244 2016
1244 909 2016
2016 909 1244
998 923 1851
923 998 1851
1851 923 998
554 1787 2900
2900 554 1787
1787 554 2900
2550 101 340
340 101 2550
101 340 2550
224 381 1166
381 224 1166
1166 224 381
2921 1087 1186
1186 1087 2921
1087 1186 2921
2511 117 450
117 450 2511
450 117 2511
1148 1933 2005
1933 1148 2005
2005 1148 1933
2067 639 2423
2423 639 2067
639 2067 2423
400 2387 2810
2810 400 2387
2387 400 2810
2425 1003 2430
1003 2425 2430
2430 1003 2425
472 1258 1697
1258 472 1697
1697 472 1258
1635 914 2159
914 1635 2159
2159 914 1635
1819 193 246
246 193 1819
193 246 1819
2711 2055 2157
2157 2055 2711
2055 2157 2711
718 370 829
829 370 718
370 718 829
705 587 2470
587 705 2470
2470 587 705
1266 1263 1438
1263 1266 1438
1438 1263 1266
975 631 2532
631 975 2532
2532 631 975
2479 1609 2198
2198 1609 2479
1609 2198 2479
694 247 907
247 694 907
907 247 694
2656 1122 2761
1122 2656 2761
2761 1122 2656
2574 1916 1920
1916 1920 2574
1920 1916 2574
805 140 646
140 646 805
646 140 805
1235 1390 2192
2192 1235 1390
1390 1235 2192
296 518 2110
518 296 2110
2110 296 518
2735 108 996
108 996 2735
996 108 2735
574 723 1827
723 574 1827
1827 574 723
1317 313 1867
1867 313 1317
313 1317 1867
2886 1289 2298
2298 1289 2886
1289 2298 2886
1529 429 1817
1817 429 1529
429 1529 1817
1086 32 2981
32 1086 2981
2981 32 1086
242 772 1077
772 242 1077
1077 242 772
1982 292 999
999 292 1982
292 999 1982
545 595 1713
1713 545 595
595 545 1713
422 706 1505
1505 422 706
706 422 1505
869 79 1278
79 869 1278
1278 79 869
572 2320 2611
2320 572 2611
2611 572 2320
2534 823 2455
823 2455 2534
2455 823 2534
80 1896 2451
1896 80 2451
2451 80 1896
1207 183 821
183 821 1207
821 183 1207
2941 309 1020
1020 309 2941
309 1020 2941
2569 1134 1371
1371 1134 2569
1134 1371 2569
12 198 1620
198 12 1620
1620 12 198
1442 447 493
447 493 1442
493 447 1442
1068 1382 2999
1382 1068 2999
2999 1068 1382
2020 1675 2381
1675 2020 2381
2381 1675 2020
876 1807 2355
1807 876 2355
2355 876 1807
1133 641 1294
641 1133 1294
1294 641 1133
2883 685 1795
1795 685 2883
685 1795 2883
834 519 2858
519 834 2858
2858 519 834
2368 1347 1863
1347 1863 2368
1863 1347 2368
1365 403 933
933 403 1365
403 933 1365
2057 2556 2982
2556 2057 2982
2982 2057 2556
2145 981 2523
2523 981 2145
981 2145 2523
1065 487 2068
2068 487 1065
487 1065 2068
2570 903 1202
903 1202 2570
1202 903 2570
2647 1642 1676
1642 1676 2647
1676 1642 2647
792 2156 2902
2156 792 2902
2902 792 2156
1337 151 1451
151 1337 1451
1451 151 1337
2113 654 1905
1905 654 2113
654 1905 2113
1590 728 2150
728 1590 2150
2150 728 1590
954 257 2795
257 954 2795
2795 257 954
1871 524 2953
524 1871 2953
2953 524 1871
1649 241 460
460 241 1649
241 460 1649
237 474 2566
474 237 2566
2566 237 474
678 2623 2776
2623 678 2776
2776 678 2623
1447 2208 2391
2391 1447 2208
2208 1447 2391
1714 1032 2048
2048 1032 1714
1032 1714 2048
1450 741 1919
741 1450 1919
1919 741 1450
2341 1141 2517
1141 2341 2517
2517 1141 2341
222 175 1044
1044 175 222
175 222 1044
75 1614 2946
1614 75 2946
2946 75 1614
1781 857 1196
857 1196 1781
1196 857 1781
1690 72 653
653 72 1690
72 653 1690
618 1504 2154
1504 618 2154
2154 618 1504
1704 1870 2684
1870 1704 2684
2684 1704 1870
143 598 664
664 143 598
598 143 664
1886 945 2724
945 1886 2724
2724 945 1886
2670 1422 2146
1422 2146 2670
2146 1422 2670
115 1497 2053
2053 115 1497
1497 115 2053
190 1988 2083
2083 190 1988
1988 190 2083
1784 1298 2303
1298 1784 2303
2303 1298 1784
1138 63 1578
1578 63 1138
63 1138 1578
16 1267 1269
1269 16 1267
1267 16 1269
2462 844 2954
844 2462 2954
2954 844 2462
1384 446 2910
2910 446 1384
446 1384 2910
2168 961 2300
2300 961 2168
961 2168 2300
899 2832 2859
2832 899 2859
2859 899 2832
1671 2399 2626
2626 1671 2399
2399 1671 2626
2799 461 1755
1755 461 2799
461 1755 2799
2699 578 1948
578 1948 2699
1948 578 2699
233 597 1109
1109 233 597
597 233 1109
2289 2914 2925
2914 2289 2925
2925 2289 2914
1072 211 990
990 211 1072
211 990 1072
2964 290 1364
1364 290 2964
290 1364 2964
391 1694 1898
1694 391 1898
1898 391 1694
284 2904 2969
2969 284 2904
2904 284 2969
199 788 1147
788 199 1147
1147 199 788
2376 1357 2514
1357 2376 2514
2514 1357 2376
1180 1126 1684
1126 1180 1684
1684 1126 1180
2253 462 1562
462 1562 2253
1562 462 2253
771 1233 2275
2275 771 1233
1233 771 2275
2460 889 1287
889 1287 2460
1287 889 2460
2913 1222 2785
1222 2785 2913
2785 1222 2913
1923 722 1776
722 1776 1923
1776 722 1923
2047 1533 2346
1533 2047 2346
2346 1533 2047
2559 1660 2856
1660 2559 2856
2856 1660 2559
761 521 2938
2938 521 761
521 761 2938
1840 2473 2667
2667 1840 2473
2473 1840 2667
1778 159 2562
2562 159 1778
159 1778 2562
2496 977 1611
1611 977 2496
977 1611 2496
2985 85 2741
2741 85 2985
85 2741 2985
794 1335 1517
1335 794 1517
1517 794 1335
2725 1192 1636
1192 1636 2725
1636 1192 2725
2390 1361 2029
2029 1361 2390
1361 2029 2390
1080 951 1967
1967 951 1080
951 1080 1967
2369 333 894
894 333 2369
333 894 2369
2371 748 2258
748 2258 2371
2258 748 2371
1775 1400 2698
2698 1400 1775
1400 1775 2698
590 1573 2855
1573 590 2855
2855 590 1573
701 1024 2847
2847 701 1024
1024 701 2847
2682 2307 2961
2307 2682 2961
2961 2307 2682
606 158 901
158 606 901
901 158 606
2308 532 2483
2483 532 2308
532 2308 2483
1547 2200 2498
2200 1547 2498
2498 1547 2200
1441 2288 2702
2702 1441 2288
2288 1441 2702
895 925 1934
925 895 1934
1934 895 925
2251 96 782
96 782 2251
782 96 2251
611 2279 2437
2437 611 2279
2279 611 2437
1953 1506 2176
1506 1953 2176
2176 1506 1953
700 283 1270
283 700 1270
1270 283 700
1622 2456 2629
2456 1622 2629
2629 1622 2456
2745 1526 2955
1526 2745 2955
2955 1526 2745
1782 1094 2607
1094 1782 2607
2607 1094 1782
1641 438 2573
438 1641 2573
2573 438 1641
1624 439 1798
1798 439 1624
439 1624 1798
2801 1229 2909
1229 2801 2909
2909 1229 2801
2780 2210 2663
2210 2663 2780
2663 2210 2780
452 59 1515
59 452 1515
1515 59 452
150 1143 2826
1143 150 2826
2826 150 1143
1058 1924 2471
1924 1058 2471
2471 1058 1924
424 2137 2637
2637 424 2137
2137 424 2637
2164 135 2749
135 2164 2749
2749 135 2164
1200 109 1734
109 1200 1734
1734 109 1200
924 1041 1079
1079 924 1041
1041 924 1079
1996 1762 2480
2480 1762 1996
1762 1996 2480
2243 1350 2793
1350 2243 2793
2793 1350 2243
1599 410 1374
410 1374 1599
1374 410 1599
2178 2695 2994
2695 2178 2994
2994 2178 2695
2922 1153 1247
1247 1153 2922
1153 1247 2922
2784 130 2710
130 2710 2784
2710 130 2784
2435 421 2056
421 2056 2435
2056 421 2435
2918 619 2271
2271 619 2918
619 2271 2918
1911 747 1574
1574 747 1911
747 1574 1911
2677 581 670
670 581 2677
581 670 2677
1008 2477 2500
2500 1008 2477
2477 1008 2500
2632 570 655
655 570 2632
570 655 2632
235 330 2463
2463 235 330
330 235 2463
1406 1560 1608
1608 1406 1560
1560 1406 1608
1338 56 2513
2513 56 1338
56 1338 2513
136 372 1758
1758 136 372
372 136 1758
610 1379 1810
1379 610 1810
1810 610 1379
1446 953 1602
953 1446 1602
1602 953 1446
1618 1473 2503
1473 1618 2503
2503 1473 1618
458 430 1841
1841 430 458
430 458 1841
2769 2174 2367
2367 2174 2769
2174 2367 2769
883 667 1097
1097 667 883
667 883 1097
259 1569 2188
2188 259 1569
1569 259 2188
361 913 2169
913 361 2169
2169 361 913
320 1523 2269
1523 320 2269
2269 320 1523
1502 1932 2723
2723 1502 1932
1932 1502 2723
1727 2344 2838
2838 1727 2344
2344 1727 2838
919 1743 2467
1743 919 2467
2467 919 1743
1026 196 1491
196 1026 1491
1491 196 1026
2870 559 2108
2108 559 2870
559 2108 2870
2278 262 2671
2671 262 2278
262 2278 2671
544 1146 1456
1146 544 1456
1456 544 1146
1178 194 1440
1440 194 1178
194 1178 1440
1790 92 2796
92 1790 2796
2796 92 1790
541 1211 2491
2491 541 1211
1211 541 2491
2728 40 795
40 795 2728
795 40 2728
2970 1741 2755
2755 1741 2970
1741 2755 2970
1409 18 2040
2040 18 1409
18 1409 2040
2296 1215 2301
1215 2296 2301
2301 1215 2296
2781 412 2284
412 2284 2781
2284 412 2781
2678 279 2866
2866 279 2678
279 2678 2866
187 966 2475
2475 187 966
966 187 2475
2009 740 2751
2751 740 2009
740 2009 2751
2802 325 892
892 325 2802
325 892 2802
987 650 2292
2292 650 987
650 987 2292
2528 164 668
668 164 2528
164 668 2528
2189 357 994
994 357 2189
357 994 2189
861 202 735
202 735 861
735 202 861
270 1329 2257
1329 270 2257
2257 270 1329
1723 1046 1861
1046 1723 1861
1861 1046 1723
2038 1238 2285
2285 1238 2038
1238 2038 2285
2679 432 2817
2817 432 2679
432 2679 2817
1355 348 366
348 366 1355
366 348 1355
2333 1972 2128
1972 2128 2333
2128 1972 2333
3000 97 2696
2696 97 3000
97 2696 3000
817 308 1312
1312 308 817
308 817 1312
2789 26 1657
26 1657 2789
1657 26 2789
1516 1022 1511
1511 1022 1516
1022 1511 1516
2968 1931 2324
1931 2324 2968
2324 1931 2968
1276 1864 1895
1864 1276 1895
1895 1276 1864
2432 563 2873
563 2432 2873
2873 563 2432
1984 1136 2397
2397 1136 1984
1136 1984 2397
2125 703 725
703 725 2125
725 703 2125
2270 68 397
68 397 2270
397 68 2270
339 2336 2947
2336 339 2947
2947 339 2336
2409 691 1158
691 1158 2409
1158 691 2409
1581 622 2426
2426 622 1581
622 1581 2426
1108 801 1501
801 1108 1501
1501 801 1108
2161 1286 2354
2354 1286 2161
1286 2161 2354
2551 329 2965
329 2551 2965
2965 329 2551
971 965 2484
2484 965 971
965 971 2484
1832 872 948
872 948 1832
948 872 1832
2820 1336 1872
1336 1872 2820
1872 1336 2820
593 1579 1610
1610 593 1579
1579 593 1610
208 1053 1315
1315 208 1053
1053 208 1315
2906 793 1804
793 1804 2906
1804 793 2906
2654 253 2587
253 2587 2654
2587 253 2654
1066 499 902
902 499 1066
499 902 1066
1500 1217 2993
1217 1500 2993
2993 1217 1500
2485 327 2621
2621 327 2485
327 2485 2621
871 1674 2700
1674 871 2700
2700 871 1674
1037 1019 2750
2750 1019 1037
1019 1037 2750
882 1468 2059
2059 882 1468
1468 882 2059
1532 225 2693
225 1532 2693
2693 225 1532
2766 2492 2971
2492 2766 2971
2971 2492 2766
2538 778 2370
2370 778 2538
778 2370 2538
2134 210 1981
1981 210 2134
210 1981 2134
2727 89 162
89 162 2727
162 89 2727
1061 744 756
744 756 1061
756 744 1061
1645 660 2813
2813 660 1645
660 1645 2813
859 1563 1882
1882 859 1563
1563 859 1882
2070 229 471
471 229 2070
229 471 2070
506 1014 2892
1014 506 2892
2892 506 1014
1894 1103 1119
1119 1103 1894
1103 1119 1894
1011 1966 2330
2330 1011 1966
1966 1011 2330
820 1249 1458
1249 820 1458
1458 820 1249
1696 1121 2805
1121 1696 2805
2805 1121 1696
952 1291 2421
1291 952 2421
2421 952 1291
1035 1152 1586
1586 1035 1152
1152 1035 1586
2506 1746 2721
1746 2506 2721
2721 1746 2506
1695 1662 2255
2255 1662 1695
1662 1695 2255
1821 1833 2018
1833 1821 2018
2018 1821 1833
2705 1324 1980
1324 1980 2705
1980 1324 2705
2744 1818 1842
1842 1818 2744
1818 1842 2744
2447 77 1503
77 1503 2447
1503 77 2447
1543 480 704
704 480 1543
480 704 1543
958 1507 2205
1507 958 2205
2205 958 1507
783 435 967
435 783 967
967 435 783
134 1372 2636
2636 134 1372
1372 134 2636
1908 743 1015
1015 743 1908
743 1015 1908
2079 160 2752
160 2079 2752
2752 160 2079
602 537 2701
2701 537 602
537 602 2701
2335 686 1224
1224 686 2335
686 1224 2335
2094 52 496
52 496 2094
496 52 2094
1218 176 609
609 176 1218
176 609 1218
2535 607 2773
607 2535 2773
2773 607 2535
1485 1678 1973
1678 1485 1973
1973 1485 1678
2080 1735 2362
2362 1735 2080
1735 2080 2362
724 1857 2990
1857 724 2990
2990 724 1857
492 1220 1429
1220 492 1429
1429 492 1220
1903 1721 2321
1721 1903 2321
2321 1721 1903
2434 675 2891
675 2434 2891
2891 675 2434
476 1367 2165
2165 476 1367
1367 476 2165
926 1101 2006
2006 926 1101
1101 926 2006
2466 371 538
371 538 2466
538 371 2466
149 1997 2010
1997 149 2010
2010 149 1997
2410 126 1062
1062 126 2410
126 1062 2410
1747 2106 2379
2379 1747 2106
2106 1747 2379
826 1565 1604
1604 826 1565
1565 826 1604
2722 295 671
671 295 2722
295 671 2722
260 1991 2234
2234 260 1991
1991 260 2234
324 147 215
147 215 324
215 147 324
2659 169 2983
169 2659 2983
2983 169 2659
1308 564 2736
2736 564 1308
564 1308 2736
2084 1771 2541
1771 2084 2541
2541 1771 2084
547 1831 2396
2396 547 1831
1831 547 2396
2790 416 2494
2494 416 2790
416 2494 2790
2860 726 2501
2501 726 2860
726 2501 2860
1906 332 1332
332 1332 1906
1332 332 1906
1253 970 2431
970 1253 2431
2431 970 1253
172 676 2874
676 172 2874
2874 172 676
2103 1425 2101
1425 2101 2103
2101 1425 2103
51 2212 2487
2212 51 2487
2487 51 2212
546 145 2295
145 546 2295
2295 145 546
1074 1410 2895
1410 1074 2895
2895 1074 1410
2691 847 1918
1918 847 2691
847 1918 2691
197 1208 2122
1208 197 2122
2122 197 1208
1613 1145 2092
2092 1145 1613
1145 1613 2092
1960 1027 1359
1027 1359 1960
1359 1027 1960
378 1221 2043
1221 378 2043
2043 378 1221
692 1719 2585
2585 692 1719
1719 692 2585
2840 514 2127
514 2127 2840
2127 514 2840
1419 1272 1687
1272 1419 1687
1687 1272 1419
2139 2576 2742
2576 2139 2742
2742 2139 2576
1127 1212 2069
2069 1127 1212
1212 1127 2069
153 337 2848
337 153 2848
2848 153 337
1633 1303 2581
2581 1303 1633
1303 1633 2581
866 1177 2291
2291 866 1177
1177 866 2291
1907 682 799
682 799 1907
799 682 1907
2733 2042 2219
2042 2219 2733
2219 2042 2733
2903 626 2958
2958 626 2903
626 2903 2958
1115 1283 1377
1377 1115 1283
1283 1115 1377
623 27 583
583 27 623
27 583 623
2166 2507 2614
2507 2166 2614
2614 2166 2507
1078 1183 2348
1183 1078 2348
2348 1078 1183
278 1043 2297
2297 278 1043
1043 278 2297
651 1285 1401
1285 651 1401
1401 651 1285
1888 174 1275
1275 174 1888
174 1275 1888
553 979 1813
979 553 1813
1813 553 979
2966 809 2203
2203 809 2966
809 2203 2966
1386 2030 2282
2282 1386 2030
2030 1386 2282
305 1631 1893
1893 305 1631
1631 305 1893
1829 644 1969
644 1829 1969
1969 644 1829
1182 4 2516
2516 4 1182
4 1182 2516
1480 976 1939
976 1480 1939
1939 976 1480
2845 822 1279
1279 822 2845
822 1279 2845
2058 1866 2521
1866 2058 2521
2521 1866 2058
2979 959 2316
959 2316 2979
2316 959 2979
2533 489 868
489 868 2533
868 489 2533
1334 1811 2690
2690 1334 1811
1811 1334 2690
666 893 2144
893 666 2144
2144 666 893
83 1875 2834
1875 83 2834
2834 83 1875
910 1293 1411
1411 910 1293
1293 910 1411
733 57 1885
57 733 1885
1885 57 733
125 2259 2628
2628 125 2259
2259 125 2628
314 791 2593
2593 314 791
791 314 2593
2385 1009 1542
1542 1009 2385
1009 1542 2385
2694 993 2512
2512 993 2694
993 2512 2694
192 277 483
483 192 277
277 192 483
2160 71 214
71 214 2160
214 71 2160
1368 806 1261
1261 806 1368
806 1261 1368
287 1522 1738
1738 287 1522
1522 287 1738
2315 1232 2782
1232 2315 2782
2782 1232 2315
1048 1616 2323
2323 1048 1616
1616 1048 2323
1652 473 2510
2510 473 1652
473 1652 2510
2553 1295 2988
1295 2553 2988
2988 1295 2553
1977 1057 2844
2844 1057 1977
1057 1977 2844
99 82 1825
1825 82 99
82 99 1825
2112 540 1855
1855 540 2112
540 1855 2112
781 137 362
362 137 781
137 362 781
442 2003 2703
2703 442 2003
2003 442 2703
1909 1707 2222
1707 1909 2222
2222 1707 1909
1994 205 2740
2740 205 1994
205 1994 2740
1031 539 1715
1715 539 1031
539 1031 1715
2433 1385 2105
2105 1385 2433
1385 2105 2433
1655 1922 2762
2762 1655 1922
1922 1655 2762
915 129 1950
129 915 1950
1950 129 915
2317 1314 2310
2310 1314 2317
1314 2310 2317
1799 1223 2039
1223 1799 2039
2039 1223 1799
2011 1793 1900
1793 1900 2011
1900 1793 2011
1471 1005 2867
1005 1471 2867
2867 1005 1471
1376 2408 2616
2408 1376 2616
2616 1376 2408
1899 535 780
535 780 1899
780 535 1899
2093 255 2085
255 2085 2093
2085 255 2093
512 2332 2880
2880 512 2332
2332 512 2880
1824 124 2050
124 1824 2050
2050 124 1824
2732 1744 1881
1744 1881 2732
1881 1744 2732
1198 1073 1987
1073 1198 1987
1987 1073 1198
2894 425 1764
425 1764 2894
1764 425 2894
88 865 2842
865 88 2842
2842 88 865
688 522 2731
2731 522 688
522 688 2731
390 921 2779
2779 390 921
921 390 2779
2653 55 698
698 55 2653
55 698 2653
1040 2229 2829
2229 1040 2829
2829 1040 2229
2942 428 2643
428 2643 2942
2643 428 2942
1493 862 2676
862 1493 2676
2676 862 1493
434 1957 2905
2905 434 1957
1957 434 2905
1188 448 2872
448 1188 2872
2872 448 1188
1844 1929 2414
2414 1844 1929
1929 1844 2414
2037 1064 2787
2787 1064 2037
1064 2037 2787
44 1577 1964
1577 44 1964
1964 44 1577
579 1378 2383
1378 579 2383
2383 579 1378
2599 2488 2963
2488 2599 2963
2963 2488 2599
677 737 900
737 677 900
900 677 737
1341 2095 2252
2095 1341 2252
2252 1341 2095
1752 1661 2436
2436 1661 1752
1661 1752 2436
727 2153 2158
2153 727 2158
2158 727 2153
1680 114 2791
2791 114 1680
114 1680 2791
1227 661 1806
661 1227 1806
1806 661 1227
2459 960 2081
2081 960 2459
960 2081 2459
50 1566 1601
1601 50 1566
1566 50 1601
2908 949 2861
2861 949 2908
949 2861 2908
2223 2624 2734
2624 2223 2734
2734 2223 2624
24 502 2935
2935 24 502
502 24 2935
2974 2674 2681
2681 2674 2974
2674 2681 2974
1873 1995 2230
2230 1873 1995
1995 1873 2230
1349 1104 1351
1351 1104 1349
1104 1349 1351
2839 1184 1698
1698 1184 2839
1184 1698 2839
2402 1489 1955
1955 1489 2402
1489 1955 2402
326 266 2707
266 326 2707
2707 266 326
1428 1535 2204
2204 1428 1535
1535 1428 2204
38 2530 2536
2530 38 2536
2536 38 2530
2329 346 840
840 346 2329
346 840 2329
261 1260 1913
1913 261 1260
1260 261 1913
1856 436 437
436 437 1856
437 436 1856
2021 753 1756
1756 753 2021
753 1756 2021
2664 2377 2823
2823 2377 2664
2377 2664 2823
908 1132 1230
1230 908 1132
1132 908 1230
1498 1310 2606
1310 1498 2606
2606 1310 1498
165 1216 2704
1216 165 2704
2704 165 1216
1302 769 1461
1461 769 1302
769 1302 1461
2778 347 2640
2640 347 2778
347 2640 2778
2849 768 1090
1090 768 2849
768 1090 2849
1971 500 770
500 770 1971
770 500 1971
90 1538 2017
2017 90 1538
1538 90 2017
849 102 985
985 102 849
102 849 985
1241 957 2349
2349 957 1241
957 1241 2349
288 2123 2932
2123 288 2932
2932 288 2123
2407 1140 1199
1199 1140 2407
1140 1199 2407
1711 349 2306
349 1711 2306
2306 349 1711
2340 1524 1878
1878 1524 2340
1524 1878 2340
2250 555 1309
555 1309 2250
1309 555 2250
1597 2196 2440
2196 1597 2440
2440 1597 2196
2770 2088 2819
2088 2770 2819
2819 2088 2770
275 797 843
843 275 797
797 275 843
584 679 1346
1346 584 679
679 584 1346
2023 1921 2206
1921 2023 2206
2206 1921 2023
177 1362 2342
2342 177 1362
1362 177 2342
1142 2478 2809
2478 1142 2809
2809 1142 2478
2928 268 1268
1268 268 2928
268 1268 2928
336 1777 2916
2916 336 1777
1777 336 2916
2602 719 2422
2422 719 2602
719 2422 2602
2265 1125 2051
1125 2051 2265
2051 1125 2265
103 1168 1193
1168 103 1193
1193 103 1168
2361 1331 2193
1331 2193 2361
2193 1331 2361
2818 449 1150
449 1150 2818
1150 449 2818
171 388 2515
388 171 2515
2515 171 388
1716 588 836
588 836 1716
836 588 1716
1559 937 2959
2959 937 1559
937 1559 2959
2428 2489 2888
2888 2428 2489
2489 2428 2888
1820 111 1380
1380 111 1820
111 1380 1820
690 81 1383
81 690 1383
1383 81 690
665 482 1751
482 665 1751
1751 482 665
1149 2276 2753
2753 1149 2276
2276 1149 2753
2249 201 594
594 201 2249
201 594 2249
1689 1274 1928
1274 1689 1928
1928 1274 1689
1999 647 2595
647 1999 2595
2595 647 1999
1567 419 1160
419 1160 1567
1160 419 1567
1389 441 988
441 988 1389
988 441 1389
1239 1154 1930
1930 1154 1239
1154 1239 1930
1779 1580 1773
1580 1773 1779
1773 1580 1779
513 2499 2995
2499 513 2995
2995 513 2499
1876 1307 2028
2028 1307 1876
1307 1876 2028
2980 453 712
712 453 2980
453 712 2980
1187 218 2241
2241 218 1187
218 1187 2241
307 2120 2763
2120 307 2763
2763 307 2120
1366 673 917
673 917 1366
917 673 1366
1557 1509 1986
1509 1557 1986
1986 1509 1557
2305 180 2911
2911 180 2305
180 2305 2911
837 1483 2591
2591 837 1483
1483 837 2591
297 600 1393
600 297 1393
1393 297 600
2325 276 928
276 928 2325
928 276 2325
2915 195 273
195 273 2915
273 195 2915
1313 1426 2185
2185 1313 1426
1426 1313 2185
6 828 1243
828 6 1243
1243 6 828
2374 45 2386
2386 45 2374
45 2374 2386
974 1797 2589
2589 974 1797
1797 974 2589
2062 1815 2071
1815 2062 2071
2071 1815 2062
2366 633 2087
633 2087 2366
2087 633 2366
674 1131 2022
2022 674 1131
1131 674 2022
1963 14 302
302 14 1963
14 302 1963
166 549 2418
549 166 2418
2418 166 549
2957 2458 2613
2458 2613 2957
2613 2458 2957
2519 508 2822
508 2519 2822
2822 508 2519
2256 1664 2398
2398 1664 2256
1664 2256 2398
252 2247 2520
2520 252 2247
2247 252 2520
835 132 1814
132 835 1814
1814 132 835
2227 1902 2777
2777 1902 2227
1902 2227 2777
1478 170 2076
170 1478 2076
2076 170 1478
364 920 1214
1214 364 920
920 364 1214
786 1012 2998
1012 786 2998
2998 786 1012
1013 1004 1259
1004 1013 1259
1259 1004 1013
2000 138 636
138 636 2000
636 138 2000
1843 1157 2100
2100 1157 1843
1157 1843 2100
918 376 440
376 440 918
440 376 918
819 785 2579
2579 785 819
785 819 2579
1729 1028 1728
1028 1728 1729
1728 1028 1729
528 221 1769
221 528 1769
1769 221 528
2863 969 1316
1316 969 2863
969 1316 2863
1575 204 1479
1479 204 1575
204 1479 1575
244 905 2135
905 244 2135
2135 244 905
234 281 1883
1883 234 281
281 234 1883
1666 490 2197
2197 490 1666
490 1666 2197
1720 986 1978
1978 986 1720
986 1720 1978
1344 1016 2756
1016 1344 2756
2756 1016 1344
13 612 2739
2739 13 612
612 13 2739
763 1860 2328
2328 763 1860
1860 763 2328
501 1475 2327
2327 501 1475
1475 501 2327
2889 1632 2180
1632 2180 2889
2180 1632 2889
1120 1754 2565
1754 1120 2565
2565 1120 1754
2454 625 2648
2648 625 2454
625 2454 2648
2072 1730 1789
1730 1789 2072
1789 1730 2072
1296 1838 2531
1838 1296 2531
2531 1296 1838
2136 350 1118
350 1118 2136
1118 350 2136
1162 1030 1280
1030 1162 1280
1280 1030 1162
2441 1880 2184
2184 1880 2441
1880 2184 2441
2481 1319 2380
2380 1319 2481
1319 2380 2481
2929 1672 2509
1672 2509 2929
2509 1672 2929
1634 64 1282
1282 64 1634
64 1282 1634
42 417 2639
417 42 2639
2639 42 417
2313 1668 2719
2719 1668 2313
1668 2313 2719
2836 589 1096
589 1096 2836
1096 589 2836
2274 1089 2669
1089 2274 2669
2669 1089 2274
2689 1197 2035
2035 1197 2689
1197 2035 2689
2529 84 852
852 84 2529
84 852 2529
1508 1054 2560
2560 1054 1508
1054 1508 2560
1370 1717 2233
1717 1370 2233
2233 1370 1717
1443 223 2246
2246 223 1443
223 1443 2246
1983 2107 2952
2952 1983 2107
2107 1983 2952
950 616 1708
616 950 1708
1708 616 950
2786 938 2594
938 2594 2786
2594 938 2786
1262 591 2857
591 1262 2857
2857 591 1262
1116 386 1650
1650 386 1116
386 1116 1650
91 2078 2090
2078 91 2090
2090 91 2078
154 1176 2119
1176 154 2119
2119 154 1176
729 1761 2448
1761 729 2448
2448 729 1761
1990 989 2582
989 1990 2582
2582 989 1990
2760 709 1333
709 1333 2760
1333 709 2760
1482 1161 1251
1251 1161 1482
1161 1251 1482
418 227 1297
227 418 1297
1297 227 418
1437 112 1796
1796 112 1437
112 1437 1796
1023 2411 2596
2596 1023 2411
2411 1023 2596
1059 178 1092
178 1059 1092
1092 178 1059
1812 1075 2555
1075 1812 2555
2555 1075 1812
1770 681 2388
2388 681 1770
681 1770 2388
2635 98 2446
2446 98 2635
98 2446 2635
2807 53 1700
53 1700 2807
1700 53 2807
2540 1436 2852
1436 2540 2852
2852 1436 2540
2549 2304 2334
2334 2304 2549
2304 2334 2549
929 1786 2949
1786 929 2949
2949 929 1786
427 556 991
556 427 991
991 427 556
2590 1395 2543
1395 2543 2590
2543 1395 2590
1710 86 713
86 713 1710
713 86 1710
571 1486 2260
2260 571 1486
1486 571 2260
1495 1617 2923
1617 1495 2923
2923 1495 1617
2617 656 964
964 656 2617
656 964 2617
216 687 2526
687 216 2526
2526 216 687
481 789 1830
1830 481 789
789 481 1830
850 1326 2061
2061 850 1326
1326 850 2061
2179 1850 2002
2002 1850 2179
1850 2002 2179
2552 711 2412
711 2412 2552
2412 711 2552
2717 1029 2096
1029 2096 2717
2096 1029 2717
407 392 2824
2824 392 407
392 407 2824
1927 469 1763
469 1763 1927
1763 469 1927
1000 1466 2286
1466 1000 2286
2286 1000 1466
2729 764 1846
1846 764 2729
764 1846 2729
2004 627 2767
2767 627 2004
627 2004 2767
2115 875 2546
875 2115 2546
2546 875 2115
1052 1418 2415
2415 1052 1418
1418 1052 2415
323 148 1252
1252 148 323
148 323 1252
355 1205 1670
1670 355 1205
1205 355 1670
1989 1639 2224
2224 1639 1989
1639 1989 2224
2171 1467 1917
1917 1467 2171
1467 1917 2171
2452 133 777
133 777 2452
777 133 2452
767 523 1452
523 767 1452
1452 523 767
1322 992 2598
2598 992 1322
992 1322 2598
515 465 1105
465 515 1105
1105 465 515
855 100 2351
2351 100 855
100 855 2351
842 930 1348
1348 842 930
930 842 1348
1625 185 2642
185 1625 2642
2642 185 1625
649 1354 2194
1354 649 2194
2194 649 1354
15 1273 2183
1273 15 2183
2183 15 1273
254 477 1949
477 254 1949
1949 254 477
54 226 488
488 54 226
226 54 488
1679 1627 2393
1627 1679 2393
2393 1627 1679
1623 345 615
615 345 1623
345 615 1623
1321 824 846
824 846 1321
846 824 1321
2804 973 1847
1847 973 2804
973 1847 2804
1464 880 2547
2547 880 1464
880 1464 2547
755 1353 1869
1869 755 1353
1353 755 1869
2525 533 2195
2195 533 2525
533 2195 2525
157 1203 1600
1203 157 1600
1600 157 1203
2238 46 863
863 46 2238
46 863 2238
1106 2049 2877
2049 1106 2877
2877 1106 2049
887 1399 2774
1399 887 2774
2774 887 1399
2940 335 1144
1144 335 2940
335 1144 2940
1589 565 2815
565 1589 2815
2815 565 1589
316 702 2468
2468 316 702
702 316 2468
2843 1191 2343
2343 1191 2843
1191 2343 2843
2580 1558 2597
1558 2580 2597
2597 1558 2580
605 2476 2666
2476 605 2666
2666 605 2476
1780 1540 2075
1540 1780 2075
2075 1540 1780
2311 1265 1420
1265 1420 2311
1420 1265 2311
17 1521 1753
1753 17 1521
1521 17 1753
832 1299 1705
1299 832 1705
1705 832 1299
351 1071 1204
1071 351 1204
1204 351 1071
2019 802 2267
802 2019 2267
2267 802 2019
184 634 1732
634 184 1732
1732 184 634
1226 404 1343
404 1226 1343
1343 404 1226
1055 1740 2220
2220 1055 1740
1740 1055 2220
2996 93 637
93 637 2996
637 93 2996
2907 423 2803
2803 423 2907
423 2803 2907
1219 238 1544
238 1219 1544
1544 238 1219
1091 319 2389
319 1091 2389
2389 319 1091
2754 294 1036
1036 294 2754
294 1036 2754
1772 592 2890
592 1772 2890
2890 592 1772
468 732 2352
2352 468 732
732 468 2352
1432 383 1181
383 1181 1432
1181 383 1432
2272 1541 2586
1541 2272 2586
2586 1541 2272
2898 123 1088
123 1088 2898
1088 123 2898
2394 379 2841
379 2394 2841
2841 379 2394
1531 1189 2919
1189 1531 2919
2919 1189 1531
2420 105 2114
105 2114 2420
2114 105 2420
110 2151 2917
2917 110 2151
2151 110 2917
2833 1083 1093
1093 1083 2833
1083 1093 2833
1588 2358 2405
2405 1588 2358
2358 1588 2405
1706 621 2034
621 1706 2034
2034 621 1706
475 511 1901
1901 475 511
511 475 1901
1785 580 854
854 580 1785
580 854 1785
2312 1360 2567
1360 2312 2567
2567 1360 2312
1942 1392 1554
1392 1554 1942
1554 1392 1942
2878 2032 2140
2032 2140 2878
2140 2032 2878
322 1472 2111
1472 322 2111
2111 322 1472
635 754 885
754 635 885
885 635 754
455 47 2429
47 455 2429
2429 47 455
2527 773 2548
2548 773 2527
773 2527 2548
697 680 2266
680 697 2266
2266 680 697
561 1835 2364
1835 561 2364
2364 561 1835
2987 94 1102
94 1102 2987
1102 94 2987
2497 2077 2885
2885 2077 2497
2077 2497 2885
2933 1805 2986
1805 2933 2986
2986 1805 2933
2558 30 2615
30 2558 2615
2615 30 2558
1659 944 1356
1356 944 1659
944 1356 1659
118 526 1849
1849 118 526
526 118 1849
652 1925 2720
1925 652 2720
2720 652 1925
2033 1961 2395
1961 2033 2395
2395 1961 2033
291 1323 1884
1884 291 1323
1323 291 1884
586 2577 2871
2871 586 2577
2577 586 2871
1877 825 1459
825 1459 1877
1459 825 1877
1709 1284 1976
1976 1284 1709
1284 1709 1976
2309 35 941
941 35 2309
35 941 2309
1403 1685 2155
1685 1403 2155
2155 1403 1685
466 377 1816
377 466 1816
1816 377 466
731 1325 1653
1325 731 1653
1653 731 1325
1477 916 1339
916 1339 1477
1339 916 1477
2091 37 1965
37 1965 2091
1965 37 2091
398 1435 1737
1737 398 1435
1435 398 1737
827 775 1640
1640 775 827
775 827 1640
131 543 2657
543 131 2657
2657 131 543
1718 2221 2641
2641 1718 2221
2221 1718 2641
106 25 1962
25 106 1962
1962 25 106
1768 585 2190
2190 585 1768
585 1768 2190
1534 884 1391
1391 884 1534
884 1391 1534
525 1311 2948
1311 525 2948
2948 525 1311
721 1063 2608
1063 721 2608
2608 721 1063
2027 49 1345
1345 49 2027
49 1345 2027
659 433 629
629 433 659
433 629 659
1137 1693 1765
1765 1137 1693
1693 1137 1765
21 683 2912
683 21 2912
2912 21 683
2746 1124 2350
2350 1124 2746
1124 2350 2746
1107 577 1525
1525 577 1107
577 1107 1525
1246 1848 2924
1848 1246 2924
2924 1246 1848
1049 479 1470
479 1049 1470
1470 479 1049
1488 879 2545
879 1488 2545
2545 879 1488
2737 558 774
774 558 2737
558 774 2737
845 1594 2453
2453 845 1594
1594 845 2453
2864 599 1007
599 1007 2864
1007 599 2864
1034 146 1213
1213 146 1034
146 1034 1213
1545 1591 2406
1591 1545 2406
2406 1545 1591
814 1974 1998
1998 814 1974
1974 814 1998
1910 922 1434
922 1434 1910
1434 922 1910
2117 2186 2438
2186 2117 2438
2438 2117 2186
220 1854 1862
1854 220 1862
1862 220 1854
2709 394 742
742 394 2709
394 742 2709
2302 144 2673
2673 144 2302
144 2302 2673
272 265 2318
2318 265 272
265 272 2318
1114 1585 2658
2658 1114 1585
1585 1114 2658
736 804 2765
804 736 2765
2765 736 804
1256 1388 2245
1388 1256 2245
2245 1256 1388
1959 1095 1788
1095 1788 1959
1788 1095 1959
1455 228 759
759 228 1455
228 759 1455
891 751 1264
1264 751 891
751 891 1264
2868 8 2631
8 2631 2868
2631 8 2868
1305 1151 1612
1612 1151 1305
1151 1305 1612
2138 1225 2625
2625 1225 2138
1225 2138 2625
2392 263 2378
2378 263 2392
263 2378 2392
1306 375 2775
2775 375 1306
375 1306 2775
1159 497 1725
497 1159 1725
1725 497 1159
399 1462 2708
2708 399 1462
1462 399 2708
2457 1937 2281
1937 2281 2457
2281 1937 2457
69 1352 2869
1352 69 2869
2869 69 1352
34 122 2975
2975 34 122
122 34 2975
2901 1658 2465
2465 1658 2901
1658 2465 2901
444 886 2064
2064 444 886
886 444 2064
2978 551 1002
1002 551 2978
551 1002 2978
720 380 2685
2685 380 720
380 720 2685
2046 1712 2772
1712 2046 2772
2772 1712 2046
2828 65 2797
65 2797 2828
2797 65 2828
1445 643 784
643 784 1445
784 643 1445
1510 1587 1944
1944 1510 1587
1587 1510 1944
2482 1742 2862
2862 1742 2482
1742 2482 2862
1692 567 2660
567 1692 2660
2660 567 1692
1300 1301 1381
1301 1300 1381
1381 1300 1301
1726 1398 2248
2248 1398 1726
1398 1726 2248
11 1050 1828
1828 11 1050
1050 11 1828
1110 1084 2382
1084 1110 2382
2382 1084 1110
624 1887 1915
1887 624 1915
1915 624 1887
219 980 2989
980 219 2989
2989 219 980
2502 213 1802
1802 213 2502
213 1802 2502
2191 2339 2798
2798 2191 2339
2339 2191 2798
2706 127 550
550 127 2706
127 550 2706
155 575 856
575 155 856
856 155 575
2926 1163 2118
2118 1163 2926
1163 2118 2926
663 1033 2444
1033 663 2444
2444 663 1033
613 2612 2881
2612 613 2881
2881 613 2612
384 1808 2163
1808 384 2163
2163 384 1808
128 2554 2738
2554 128 2738
2738 128 2554
766 1952 2073
2073 766 1952
1952 766 2073
1292 285 2768
285 1292 2768
2768 285 1292
2814 503 2008
2008 503 2814
503 2008 2814
2630 1394 1826
1826 1394 2630
1394 1826 2630
408 58 2715
58 408 2715
2715 58 408
1936 161 317
317 161 1936
161 317 1936
2524 310 1935
1935 310 2524
310 1935 2524
188 1683 2214
2214 188 1683
1683 188 2214
367 494 1179
494 367 1179
1179 367 494
714 853 1173
853 714 1173
1173 714 853
645 3 207
207 3 645
3 207 645
1584 1724 2944
1724 1584 2944
2944 1584 1724
530 274 2634
274 530 2634
2634 274 530
2314 414 1248
414 1248 2314
1248 414 2314
2262 1402 1868
1868 1402 2262
1402 1868 2262
2290 1494 2837
2837 1494 2290
1494 2290 2837
1637 385 1099
385 1099 1637
1099 385 1637
2209 968 2758
2758 968 2209
968 2209 2758
858 1889 2449
1889 858 2449
2449 858 1889
1463 1112 2505
2505 1112 1463
1112 1463 2505
1424 464 2675
464 1424 2675
2675 464 1424
2539 22 2816
22 2539 2816
2816 22 2539
2997 1431 2182
1431 2182 2997
2182 1431 2997
1518 815 1460
1460 815 1518
815 1460 1518
1167 478 2712
478 1167 2712
2712 478 1167
955 70 2788
2788 70 955
70 955 2788
1792 286 1551
286 1551 1792
1551 286 1792
467 1038 1421
1038 467 1421
1421 467 1038
1130 1195 2920
1195 1130 2920
2920 1130 1195
2240 463 2216
463 2216 2240
2216 463 2240
495 156 2945
2945 156 495
156 495 2945
1682 186 2001
186 1682 2001
2001 186 1682
230 2588 2592
2588 230 2592
2592 230 2588
1801 1469 1956
1956 1469 1801
1469 1801 1956
1245 61 382
382 61 1245
61 382 1245
831 943 1417
943 831 1417
1417 831 943
669 997 2876
997 669 2876
2876 669 997
1941 1474 2561
1474 1941 2561
2561 1474 1941
2263 972 1643
972 1643 2263
1643 972 2263
2943 1408 1667
1667 1408 2943
1408 1667 2943
931 1228 2649
1228 931 2649
2649 931 1228
2326 1663 2149
1663 2149 2326
2149 1663 2326
2126 1648 2202
1648 2126 2202
2202 1648 2126
2627 1539 1757
1757 1539 2627
1539 1757 2627
1021 628 2714
2714 628 1021
628 1021 2714
2372 19 1722
19 1722 2372
1722 19 2372
1358 31 393
393 31 1358
31 393 1358
1837 240 2794
2794 240 1837
240 1837 2794
2086 301 1416
1416 301 2086
301 1416 2086
776 373 2977
2977 373 776
373 776 2977
353 803 2504
803 353 2504
2504 353 803
830 2181 2207
