1295 2627 9089
9089 1295 2627
2627 1295 9089
3228 176 13091
176 3228 13091
13091 176 3228
8458 11028 26634
26634 8458 11028
11028 8458 26634
10075 2662 21451
2662 10075 21451
21451 2662 10075
5949 10945 20368
20368 5949 10945
10945 5949 20368
7410 1279 13743
1279 7410 13743
13743 1279 7410
26305 6544 8369
6544 8369 26305
8369 6544 26305
21675 10028 17464
10028 17464 21675
17464 10028 21675
23704 24304 25578
25578 23704 24304
24304 23704 25578
24594 23305 28360
28360 23305 24594
23305 24594 28360
20792 6623 25743
25743 6623 20792
6623 20792 25743
6473 3425 17597
17597 3425 6473
3425 6473 17597
19379 4463 15992
15992 4463 19379
4463 15992 19379
8405 10331 28520
10331 8405 28520
28520 8405 10331
15714 15660 23836
15660 15714 23836
23836 15660 15714
17094 6243 15953
15953 6243 17094
6243 15953 17094
16858 24342 28762
24342 16858 28762
28762 16858 24342
9072 9387 25255
9387 9072 25255
25255 9072 9387
26090 2338 18847
18847 2338 26090
2338 18847 26090
1150 16682 26063
26063 1150 16682
16682 1150 26063
13216 16502 20159
16502 13216 20159
20159 13216 16502
8978 4991 15259
4991 8978 15259
15259 4991 8978
27378 10109 11025
10109 11025 27378
11025 10109 27378
9885 10522 13486
13486 9885 10522
10522 9885 13486
12310 6822 24950
6822 12310 24950
24950 6822 12310
21244 4677 9945
9945 4677 21244
4677 9945 21244
6783 13773 26288
26288 6783 13773
13773 6783 26288
20115 20655 27074
20655 20115 27074
27074 20115 20655
10532 17747 17772
17772 10532 17747
17747 10532 17772
17179 4965 10833
4965 10833 17179
10833 4965 17179
6753 3649 25538
25538 3649 6753
3649 6753 25538
10063 21220 25912
25912 10063 21220
21220 10063 25912
23170 16555 25496
16555 23170 25496
25496 16555 23170
23216 5526 13723
5526 13723 23216
13723 5526 23216
3281 17842 20035
17842 3281 20035
20035 3281 17842
22939 4140 17020
4140 17020 22939
17020 4140 22939
8619 11478 23439
11478 8619 23439
23439 8619 11478
13649 2770 11570
11570 2770 13649
2770 11570 13649
19275 3466 17110
17110 3466 19275
3466 17110 19275
20359 5495 14623
5495 14623 20359
14623 5495 20359
29565 13616 24884
24884 13616 29565
13616 24884 29565
20212 23849 27115
27115 20212 23849
23849 20212 27115
5753 3722 27911
27911 3722 5753
3722 5753 27911
21065 10721 12671
10721 12671 21065
12671 10721 21065
24094 1736 10750
10750 1736 24094
1736 10750 24094
18089 15480 24182
24182 15480 18089
15480 18089 24182
12700 1713 2869
1713 2869 12700
2869 1713 12700
4744 3185 21233
3185 4744 21233
21233 3185 4744
19294 26994 29135
29135 19294 26994
26994 19294 29135
19255 9226 16571
9226 16571 19255
16571 9226 19255
18858 9861 22570
22570 9861 18858
9861 18858 22570
15295 4926 7052
7052 4926 15295
4926 7052 15295
22432 9739 27473
27473 9739 22432
9739 22432 27473
26393 9364 27069
9364 26393 27069
27069 9364 26393
16631 13496 18895
13496 16631 18895
18895 13496 16631
18820 7739 26880
26880 7739 18820
7739 18820 26880
26664 3883 27084
3883 26664 27084
27084 3883 26664
29705 22937 29207
29207 22937 29705
22937 29207 29705
20751 10222 11086
11086 10222 20751
10222 11086 20751
10547 1399 2681
2681 1399 10547
1399 2681 10547
7930 25446 26772
25446 7930 26772
26772 7930 25446
20084 14201 29665
29665 14201 20084
14201 20084 29665
20354 3374 12586
3374 12586 20354
12586 3374 20354
24084 12596 19704
19704 12596 24084
12596 19704 24084
5200 4988 9987
9987 4988 5200
4988 5200 9987
26563 11317 25737
11317 25737 26563
25737 11317 26563
17158 4917 24812
4917 17158 24812
24812 4917 17158
22956 9137 16151
16151 9137 22956
9137 16151 22956
27430 2417 27250
2417 27250 27430
27250 2417 27430
2830 29352 29363
29363 2830 29352
29352 2830 29363
12178 5296 11841
5296 11841 12178
11841 5296 12178
4648 2955 9477
9477 2955 4648
2955 4648 9477
25596 14833 26584
14833 25596 26584
26584 14833 25596
11761 2548 14364
14364 2548 11761
2548 11761 14364
5309 8167 9440
9440 5309 8167
8167 5309 9440
28748 1406 14651
14651 1406 28748
1406 14651 28748
13900 23122 24655
23122 13900 24655
24655 13900 23122
14621 3745 22002
22002 3745 14621
3745 14621 22002
11711 23461 28301
23461 11711 28301
28301 11711 23461
5057 10874 26144
26144 5057 10874
10874 5057 26144
8741 21526 26974
21526 8741 26974
26974 8741 21526
1213 14420 16767
14420 1213 16767
16767 1213 14420
1362 6083 7078
6083 1362 7078
7078 1362 6083
8076 11976 27483
27483 8076 11976
11976 8076 27483
10988 18088 22407
22407 10988 18088
18088 10988 22407
6652 4517 19073
4517 6652 19073
19073 4517 6652
19546 9988 16693
9988 16693 19546
16693 9988 19546
7852 1750 25888
25888 1750 7852
1750 7852 25888
25291 3064 23865
3064 23865 25291
23865 3064 25291
5443 9965 16983
9965 5443 16983
16983 5443 9965
20040 2554 17221
2554 17221 20040
17221 2554 20040
14131 6857 27529
6857 14131 27529
27529 6857 14131
8151 450 3259
3259 450 8151
450 3259 8151
16495 587 5960
587 5960 16495
5960 587 16495
15155 21627 24870
24870 15155 21627
21627 15155 24870
15928 12851 23652
12851 15928 23652
23652 12851 15928
12904 3701 20799
20799 3701 12904
3701 12904 20799
14241 21484 21687
21484 14241 21687
21687 14241 21484
17183 5020 10013
5020 10013 17183
10013 5020 17183
1538 16335 22055
16335 1538 22055
22055 1538 16335
19721 4766 28273
28273 4766 19721
4766 19721 28273
28482 22904 27654
27654 22904 28482
22904 27654 28482
17191 6898 22806
22806 6898 17191
6898 17191 22806
2491 7642 24009
7642 2491 24009
24009 2491 7642
5176 5611 9306
5611 5176 9306
9306 5176 5611
12574 7081 10749
10749 7081 12574
7081 10749 12574
6087 26495 26807
26807 6087 26495
26495 6087 26807
14126 6073 24678
24678 6073 14126
6073 14126 24678
20346 14658 26805
26805 14658 20346
14658 20346 26805
22168 14874 25082
25082 14874 22168
14874 22168 25082
7280 165 7766
7766 165 7280
165 7280 7766
18412 8410 27461
8410 18412 27461
27461 8410 18412
5892 2087 29809
29809 2087 5892
2087 5892 29809
4178 1286 25074
1286 4178 25074
25074 1286 4178
27112 147 27960
147 27112 27960
27960 147 27112
1991 15064 26576
26576 1991 15064
15064 1991 26576
522 2159 14083
2159 522 14083
14083 522 2159
2970 26329 28152
26329 2970 28152
28152 2970 26329
24567 6477 15129
6477 15129 24567
15129 6477 24567
6050 9043 27253
9043 6050 27253
27253 6050 9043
22549 4582 23545
23545 4582 22549
4582 22549 23545
19127 14324 24716
24716 14324 19127
14324 19127 24716
27986 2651 12771
12771 2651 27986
2651 12771 27986
12763 13698 14080
14080 12763 13698
13698 12763 14080
28825 11812 18877
11812 18877 28825
18877 11812 28825
1162 25402 27338
25402 1162 27338
27338 1162 25402
11324 12695 13237
13237 11324 12695
12695 11324 13237
2301 3532 27174
27174 2301 3532
3532 2301 27174
23246 4454 16479
4454 16479 23246
16479 4454 23246
29105 10316 13538
10316 13538 29105
13538 10316 29105
11310 21231 21462
21231 11310 21462
21462 11310 21231
20204 17831 20461
17831 20204 20461
20461 17831 20204
17477 17827 19346
17827 17477 19346
19346 17477 17827
22 9654 13006
13006 22 9654
9654 22 13006
19631 9055 20891
9055 19631 20891
20891 9055 19631
3700 3927 19859
19859 3700 3927
3927 3700 19859
26303 112 21777
112 21777 26303
21777 112 26303
7491 15558 24012
15558 7491 24012
24012 7491 15558
15409 6187 26217
6187 15409 26217
26217 6187 15409
24162 8339 18945
18945 8339 24162
8339 18945 24162
26774 155 18790
155 18790 26774
18790 155 26774
14410 9998 16685
16685 9998 14410
9998 14410 16685
3721 24463 29913
29913 3721 24463
24463 3721 29913
15581 9234 23617
23617 9234 15581
9234 15581 23617
6192 19251 21934
19251 6192 21934
21934 6192 19251
10123 2894 17521
2894 10123 17521
17521 2894 10123
17728 10296 17450
17450 10296 17728
10296 17450 17728
1002 1574 27511
1574 1002 27511
27511 1002 1574
14019 21137 22931
22931 14019 21137
21137 14019 22931
17029 6525 28670
6525 17029 28670
28670 6525 17029
3850 27171 28835
28835 3850 27171
27171 3850 28835
22942 25341 27454
27454 22942 25341
25341 22942 27454
7460 12346 27780
12346 7460 27780
27780 7460 12346
28267 170 5391
170 5391 28267
5391 170 28267
14609 12748 14668
14668 12748 14609
12748 14609 14668
17806 3008 21679
21679 3008 17806
3008 17806 21679
13258 7252 26547
26547 7252 13258
7252 13258 26547
4612 15340 29443
29443 4612 15340
15340 4612 29443
2162 3911 6290
3911 2162 6290
6290 2162 3911
27437 7411 26903
7411 26903 27437
26903 7411 27437
9098 16867 23331
16867 9098 23331
23331 9098 16867
24739 12485 15252
12485 15252 24739
15252 12485 24739
11000 5629 17723
17723 5629 11000
5629 11000 17723
4387 19714 28371
28371 4387 19714
19714 4387 28371
20607 10708 20563
20563 10708 20607
10708 20563 20607
1435 3724 7517
7517 1435 3724
3724 1435 7517
15335 21651 25762
25762 15335 21651
21651 15335 25762
12010 10647 20608
10647 12010 20608
20608 10647 12010
2935 443 12765
12765 443 2935
443 2935 12765
22452 3584 12121
12121 3584 22452
3584 12121 22452
23549 7261 9649
9649 7261 23549
7261 9649 23549
28543 548 29702
548 28543 29702
29702 548 28543
2148 1895 29118
1895 2148 29118
29118 1895 2148
15886 18467 24018
24018 15886 18467
18467 15886 24018
8401 16843 22544
16843 8401 22544
22544 8401 16843
4210 5455 16034
16034 4210 5455
5455 4210 16034
17807 9062 18755
9062 17807 18755
18755 9062 17807
9549 2342 12292
2342 9549 12292
12292 2342 9549
13724 13275 21776
13275 13724 21776
21776 13275 13724
14205 7053 24819
7053 14205 24819
24819 7053 14205
25633 7534 14247
14247 7534 25633
7534 14247 25633
10022 7513 28960
28960 7513 10022
7513 10022 28960
19943 681 24064
24064 681 19943
681 19943 24064
23438 5246 6360
5246 6360 23438
6360 5246 23438
1442 12083 21167
21167 1442 12083
12083 1442 21167
10017 3613 29324
3613 10017 29324
29324 3613 10017
1749 4602 29925
29925 1749 4602
4602 1749 29925
5153 6821 8066
6821 5153 8066
8066 5153 6821
17866 8684 15746
15746 8684 17866
8684 15746 17866
21746 2133 3508
2133 3508 21746
3508 2133 21746
11999 10419 23654
23654 10419 11999
10419 11999 23654
26280 12055 25791
12055 25791 26280
25791 12055 26280
15375 14116 21544
21544 14116 15375
14116 15375 21544
4818 1379 23803
1379 4818 23803
23803 1379 4818
6819 5216 23948
5216 6819 23948
23948 5216 6819
22617 25145 26918
25145 22617 26918
26918 22617 25145
4468 14163 21117
21117 4468 14163
14163 4468 21117
7542 15307 22945
22945 7542 15307
15307 7542 22945
19893 8944 14607
14607 8944 19893
8944 14607 19893
29175 23727 27634
23727 27634 29175
27634 23727 29175
21880 8289 19698
19698 8289 21880
8289 19698 21880
28541 2484 27462
27462 2484 28541
2484 27462 28541
29396 699 28268
28268 699 29396
699 28268 29396
4417 234 20255
20255 234 4417
234 4417 20255
6179 989 21185
21185 989 6179
989 6179 21185
23636 17749 29639
29639 17749 23636
17749 23636 29639
27914 487 9294
487 9294 27914
9294 487 27914
8834 4225 25184
4225 8834 25184
25184 4225 8834
918 6627 12033
12033 918 6627
6627 918 12033
24242 5954 26568
5954 24242 26568
26568 5954 24242
21716 1155 7553
7553 1155 21716
1155 7553 21716
27798 4271 15466
4271 15466 27798
15466 4271 27798
17291 5472 16240
5472 16240 17291
16240 5472 17291
14883 15130 26001
15130 14883 26001
26001 14883 15130
5499 26069 29987
26069 5499 29987
29987 5499 26069
25942 20228 26429
26429 20228 25942
20228 25942 26429
23813 3071 25890
3071 23813 25890
25890 3071 23813
26355 16578 20543
16578 20543 26355
20543 16578 26355
19497 1960 15185
1960 15185 19497
15185 1960 19497
17756 2913 6423
6423 2913 17756
2913 6423 17756
6259 81 8549
8549 81 6259
81 6259 8549
1236 13394 24486
13394 1236 24486
24486 1236 13394
25093 18066 24334
18066 24334 25093
24334 18066 25093
21910 1589 22642
1589 21910 22642
22642 1589 21910
18098 2288 6129
2288 6129 18098
6129 2288 18098
15738 9307 24218
9307 15738 24218
24218 9307 15738
7849 3746 18845
18845 3746 7849
3746 7849 18845
25174 10845 16345
16345 10845 25174
10845 16345 25174
13135 2488 25056
25056 2488 13135
2488 13135 25056
21918 27496 29954
27496 21918 29954
29954 21918 27496
8523 3306 12353
3306 8523 12353
12353 3306 8523
27517 6919 9661
9661 6919 27517
6919 9661 27517
26201 3196 7356
7356 3196 26201
3196 7356 26201
8952 3729 22189
3729 8952 22189
22189 3729 8952
2268 17918 25112
17918 2268 25112
25112 2268 17918
13688 598 9027
598 9027 13688
9027 598 13688
25003 24947 25432
25432 24947 25003
24947 25003 25432
6417 4773 5405
5405 4773 6417
4773 5405 6417
19603 705 20967
20967 705 19603
705 19603 20967
19501 20962 27853
20962 19501 27853
27853 19501 20962
12169 410 11281
410 11281 12169
11281 410 12169
14208 5737 12444
12444 5737 14208
5737 12444 14208
9393 26730 29034
26730 9393 29034
29034 9393 26730
12105 8526 19068
19068 8526 12105
8526 12105 19068
11415 20758 25061
20758 11415 25061
25061 11415 20758
15338 4966 15907
4966 15338 15907
15907 4966 15338
385 18064 26221
18064 385 26221
26221 385 18064
13503 1684 2325
2325 1684 13503
1684 2325 13503
756 9818 10836
10836 756 9818
9818 756 10836
19286 3873 27235
27235 3873 19286
3873 19286 27235
15 12350 21156
21156 15 12350
12350 15 21156
11311 5893 12499
5893 11311 12499
12499 5893 11311
14117 23291 28183
23291 14117 28183
28183 14117 23291
8315 21895 24608
24608 8315 21895
21895 8315 24608
2277 2878 16816
16816 2277 2878
2878 2277 16816
5557 26276 26892
26892 5557 26276
26276 5557 26892
18016 12795 28227
28227 12795 18016
12795 18016 28227
2872 14138 29453
14138 2872 29453
29453 2872 14138
9145 4543 10417
4543 9145 10417
10417 4543 9145
7240 9993 16946
9993 7240 16946
16946 7240 9993
22487 15265 20161
15265 20161 22487
20161 15265 22487
18628 8196 16975
16975 8196 18628
8196 16975 18628
7614 4062 26672
26672 4062 7614
4062 7614 26672
3389 11377 24987
24987 3389 11377
11377 3389 24987
312 18583 21762
21762 312 18583
18583 312 21762
13484 1545 2138
2138 1545 13484
1545 2138 13484
9361 6184 16636
16636 6184 9361
6184 9361 16636
3992 2750 4796
2750 3992 4796
4796 2750 3992
18603 8100 10216
8100 10216 18603
10216 8100 18603
6474 3120 15934
3120 6474 15934
15934 3120 6474
3436 15677 27871
27871 3436 15677
15677 3436 27871
15601 19162 27542
27542 15601 19162
19162 15601 27542
25419 8325 17481
8325 17481 25419
17481 8325 25419
15578 13528 14249
13528 14249 15578
14249 13528 15578
13066 5006 20974
20974 5006 13066
5006 13066 20974
17711 8254 9645
9645 8254 17711
8254 9645 17711
15986 15727 17000
15727 15986 17000
17000 15727 15986
7899 12734 24477
24477 7899 12734
12734 7899 24477
4879 25848 27422
25848 4879 27422
27422 4879 25848
19090 10917 23260
23260 10917 19090
10917 19090 23260
29368 12238 28344
28344 12238 29368
12238 28344 29368
10358 10374 18500
18500 10358 10374
10374 10358 18500
22838 11658 29604
29604 11658 22838
11658 22838 29604
7982 17457 18822
18822 7982 17457
17457 7982 18822
2712 619 6782
6782 619 2712
619 2712 6782
9622 14923 20016
20016 9622 14923
14923 9622 20016
4228 393 20539
393 4228 20539
20539 393 4228
19914 18097 22372
22372 18097 19914
18097 19914 22372
4884 4373 20154
20154 4373 4884
4373 4884 20154
11276 24211 29767
29767 11276 24211
24211 11276 29767
497 12324 19194
19194 497 12324
12324 497 19194
24577 5876 8561
5876 8561 24577
8561 5876 24577
26997 3105 14492
14492 3105 26997
3105 14492 26997
1562 4550 14839
4550 1562 14839
14839 1562 4550
26708 12251 12769
12251 12769 26708
12769 12251 26708
15936 1689 10376
10376 1689 15936
1689 10376 15936
9006 5466 10271
5466 9006 10271
10271 5466 9006
29863 3057 16610
16610 3057 29863
3057 16610 29863
12882 18122 28065
28065 12882 18122
18122 12882 28065
17253 9957 17533
9957 17253 17533
17533 9957 17253
11443 16852 22559
22559 11443 16852
16852 11443 22559
23985 5813 15639
15639 5813 23985
5813 15639 23985
22853 14289 26494
14289 22853 26494
26494 14289 22853
18370 5877 23752
23752 5877 18370
5877 18370 23752
9123 12442 13109
12442 9123 13109
13109 9123 12442
7167 5719 17669
5719 7167 17669
17669 5719 7167
4032 16522 23621
16522 4032 23621
23621 4032 16522
13472 15609 19797
19797 13472 15609
15609 13472 19797
7448 8905 13716
8905 7448 13716
13716 7448 8905
10259 12357 17148
12357 10259 17148
17148 10259 12357
13717 1889 7850
1889 7850 13717
7850 1889 13717
22778 8501 29519
29519 8501 22778
8501 22778 29519
11304 7845 13119
7845 11304 13119
13119 7845 11304
10149 5450 6499
5450 6499 10149
6499 5450 10149
28965 8152 28669
8152 28669 28965
28669 8152 28965
5295 17484 29820
29820 5295 17484
17484 5295 29820
5280 27509 27989
27509 5280 27989
27989 5280 27509
17784 4161 19123
4161 17784 19123
19123 4161 17784
13422 1558 7065
1558 7065 13422
7065 1558 13422
21170 14861 20416
14861 20416 21170
20416 14861 21170
28531 5066 21066
5066 21066 28531
21066 5066 28531
25043 20361 28511
20361 25043 28511
28511 20361 25043
18736 2096 26186
26186 2096 18736
2096 18736 26186
21356 10811 23175
10811 21356 23175
23175 10811 21356
18875 1715 19185
19185 1715 18875
1715 18875 19185
8876 10562 29290
10562 8876 29290
29290 8876 10562
6802 273 24996
24996 273 6802
273 6802 24996
28996 13137 25104
25104 13137 28996
13137 25104 28996
22664 6124 19818
6124 19818 22664
19818 6124 22664
28242 3245 7555
7555 3245 28242
3245 7555 28242
13397 16141 23852
23852 13397 16141
16141 13397 23852
28127 1942 25997
1942 25997 28127
25997 1942 28127
17220 8605 10577
10577 8605 17220
8605 10577 17220
25914 1141 9278
1141 9278 25914
9278 1141 25914
12235 1946 25787
25787 1946 12235
1946 12235 25787
17175 12975 15678
15678 12975 17175
12975 15678 17175
5856 11499 20949
20949 5856 11499
11499 5856 20949
17793 386 11715
11715 386 17793
386 11715 17793
12718 2799 15384
15384 2799 12718
2799 12718 15384
26759 12339 27611
12339 26759 27611
27611 12339 26759
10297 2795 21212
21212 2795 10297
2795 10297 21212
21380 10100 17411
17411 10100 21380
10100 17411 21380
29409 3725 21551
3725 21551 29409
21551 3725 29409
18807 16405 29543
16405 18807 29543
29543 16405 18807
23478 12059 21482
12059 21482 23478
21482 12059 23478
5323 8885 13198
13198 5323 8885
8885 5323 13198
24898 6515 16307
6515 16307 24898
16307 6515 24898
29649 772 14571
14571 772 29649
772 14571 29649
17465 5506 9085
9085 5506 17465
5506 9085 17465
25688 23329 25884
23329 25688 25884
25884 23329 25688
28793 12420 18000
12420 18000 28793
18000 12420 28793
1374 5846 21285
5846 1374 21285
21285 1374 5846
5810 15526 22787
22787 5810 15526
15526 5810 22787
19393 5599 19468
5599 19393 19468
19468 5599 19393
17613 2698 9142
9142 2698 17613
2698 9142 17613
18071 7286 19916
19916 7286 18071
7286 18071 19916
973 18681 21680
21680 973 18681
18681 973 21680
8104 2451 18415
18415 2451 8104
2451 8104 18415
24883 7676 15009
15009 7676 24883
7676 15009 24883
21420 8029 10179
10179 8029 21420
8029 10179 21420
27748 6349 8416
6349 8416 27748
8416 6349 27748
24656 12661 14916
14916 12661 24656
12661 14916 24656
25396 5619 17135
5619 17135 25396
17135 5619 25396
3220 12873 21459
12873 3220 21459
21459 3220 12873
3202 6737 12028
6737 3202 12028
12028 3202 6737
7871 8701 29792
29792 7871 8701
8701 7871 29792
12300 439 3956
3956 439 12300
439 3956 12300
5292 23032 26273
23032 5292 26273
26273 5292 23032
14641 730 24871
730 14641 24871
24871 730 14641
25528 13825 23756
13825 23756 25528
23756 13825 25528
5047 7904 9162
9162 5047 7904
7904 5047 9162
9530 11921 25548
11921 9530 25548
25548 9530 11921
13782 9110 12051
9110 12051 13782
12051 9110 13782
20938 7901 20484
7901 20484 20938
20484 7901 20938
15258 20260 20984
20984 15258 20260
20260 15258 20984
7921 10580 22634
10580 7921 22634
22634 7921 10580
18497 9625 19811
9625 18497 19811
19811 9625 18497
9543 10467 18380
18380 9543 10467
10467 9543 18380
18854 15922 16733
15922 16733 18854
16733 15922 18854
20289 1044 29921
1044 20289 29921
29921 1044 20289
8943 5935 8266
5935 8266 8943
8266 5935 8943
19404 117 14605
14605 117 19404
117 14605 19404
16895 1513 17017
17017 1513 16895
1513 16895 17017
7520 17940 20830
17940 7520 20830
20830 7520 17940
19287 7751 21752
21752 7751 19287
7751 19287 21752
29153 17074 24068
17074 24068 29153
24068 17074 29153
11964 18802 19204
18802 11964 19204
19204 11964 18802
17058 12861 23427
23427 12861 17058
12861 17058 23427
5161 9955 16045
9955 5161 16045
16045 5161 9955
22327 12841 29917
29917 12841 22327
12841 22327 29917
3098 11233 16865
16865 3098 11233
11233 3098 16865
5485 10286 26782
10286 5485 26782
26782 5485 10286
21781 17558 29102
29102 17558 21781
17558 21781 29102
21419 4006 28694
4006 21419 28694
28694 4006 21419
25251 700 21865
21865 700 25251
700 21865 25251
15584 3130 23824
3130 15584 23824
23824 3130 15584
7756 6011 25720
25720 6011 7756
6011 7756 25720
7360 8624 12839
12839 7360 8624
8624 7360 12839
29341 2646 4709
4709 2646 29341
2646 4709 29341
6669 13 5973
13 5973 6669
5973 13 6669
26484 5279 26550
5279 26484 26550
26550 5279 26484
27148 6580 9339
6580 9339 27148
9339 6580 27148
27433 7631 16545
7631 16545 27433
16545 7631 27433
16020 4811 6022
6022 4811 16020
4811 6022 16020
4091 13358 23410
23410 4091 13358
13358 4091 23410
25440 10606 13141
10606 13141 25440
13141 10606 25440
20749 17913 24703
24703 17913 20749
17913 20749 24703
9079 6220 27814
27814 6220 9079
6220 9079 27814
14781 1176 17523
1176 14781 17523
17523 1176 14781
1635 2689 14502
2689 1635 14502
14502 1635 2689
10396 11568 26005
26005 10396 11568
11568 10396 26005
28095 3350 18448
18448 3350 28095
3350 18448 28095
18741 15833 27324
15833 18741 27324
27324 15833 18741
27157 4372 17636
17636 4372 27157
4372 17636 27157
14081 23171 29191
23171 14081 29191
29191 14081 23171
28498 7193 18101
7193 18101 28498
18101 7193 28498
6388 18544 23547
23547 6388 18544
18544 6388 23547
6573 17236 26870
17236 6573 26870
26870 6573 17236
13545 2029 12599
2029 12599 13545
12599 2029 13545
1726 249 370
249 370 1726
370 249 1726
16561 7809 8767
7809 8767 16561
8767 7809 16561
6957 20788 26289
20788 6957 26289
26289 6957 20788
9342 17312 18676
18676 9342 17312
17312 9342 18676
15496 7077 19712
19712 7077 15496
7077 15496 19712
16926 17497 18525
18525 16926 17497
17497 16926 18525
13372 15045 24490
24490 13372 15045
15045 13372 24490
22110 4897 25613
25613 4897 22110
4897 22110 25613
28430 4803 6431
6431 4803 28430
4803 6431 28430
18641 16202 23486
16202 18641 23486
23486 16202 18641
12791 11968 14503
14503 11968 12791
11968 12791 14503
4730 9731 19278
19278 4730 9731
9731 4730 19278
5180 2664 13490
2664 5180 13490
13490 2664 5180
360 6484 19410
19410 360 6484
6484 360 19410
25117 3061 9892
9892 3061 25117
3061 9892 25117
15427 5116 27299
5116 15427 27299
27299 5116 15427
20564 2053 4167
4167 2053 20564
2053 4167 20564
8174 6744 28366
6744 8174 28366
28366 6744 8174
20213 11179 27571
11179 20213 27571
27571 11179 20213
16908 1887 4779
4779 1887 16908
1887 4779 16908
19396 6253 25442
25442 6253 19396
6253 19396 25442
15548 7254 26958
26958 7254 15548
7254 15548 26958
7387 2784 6521
2784 6521 7387
6521 2784 7387
18567 4774 13311
13311 4774 18567
4774 13311 18567
11238 5097 9724
9724 5097 11238
5097 9724 11238
7978 1678 3315
3315 1678 7978
1678 3315 7978
18901 8324 19552
19552 8324 18901
8324 18901 19552
2757 6008 29576
29576 2757 6008
6008 2757 29576
25801 1445 7095
7095 1445 25801
1445 7095 25801
22418 13996 14855
14855 13996 22418
13996 14855 22418
6755 13205 27850
13205 6755 27850
27850 6755 13205
78 460 12790
12790 78 460
460 78 12790
11479 17763 28080
28080 11479 17763
17763 11479 28080
23937 2021 5516
5516 2021 23937
2021 5516 23937
1172 24397 25123
25123 1172 24397
24397 1172 25123
7319 10952 19207
19207 7319 10952
10952 7319 19207
1377 14845 23224
23224 1377 14845
14845 1377 23224
8261 2814 20002
20002 2814 8261
2814 8261 20002
14594 7924 26961
7924 14594 26961
26961 7924 14594
27245 4462 9465
9465 4462 27245
4462 9465 27245
4728 19520 23164
19520 4728 23164
23164 4728 19520
489 5003 22120
22120 489 5003
5003 489 22120
19243 9624 10536
9624 10536 19243
10536 9624 19243
18261 338 12848
12848 338 18261
338 12848 18261
13499 15785 23911
15785 13499 23911
23911 13499 15785
14964 10595 26620
26620 10595 14964
10595 14964 26620
14218 7749 18938
7749 14218 18938
18938 7749 14218
22014 21709 22260
22260 21709 22014
21709 22014 22260
23386 8603 11453
8603 11453 23386
11453 8603 23386
15286 4432 6215
6215 4432 15286
4432 6215 15286
1543 17038 26366
26366 1543 17038
17038 1543 26366
23926 18540 27963
18540 23926 27963
27963 18540 23926
28155 9139 29374
9139 28155 29374
29374 9139 28155
8931 8951 26447
8951 8931 26447
26447 8931 8951
23647 520 16286
16286 520 23647
520 16286 23647
25906 8081 23644
8081 23644 25906
23644 8081 25906
28931 2796 29897
29897 2796 28931
2796 28931 29897
4204 12956 18570
12956 4204 18570
18570 4204 12956
22264 6772 27864
27864 6772 22264
6772 22264 27864
2247 5940 22362
22362 2247 5940
5940 2247 22362
3982 3851 22316
3851 3982 22316
22316 3851 3982
3795 10399 18224
18224 3795 10399
10399 3795 18224
17204 11888 14179
14179 11888 17204
11888 14179 17204
29605 5385 11451
5385 11451 29605
11451 5385 29605
18863 16744 24751
24751 16744 18863
16744 18863 24751
15736 7231 19599
19599 7231 15736
7231 15736 19599
12898 24885 25023
25023 12898 24885
24885 12898 25023
9503 13310 28818
28818 9503 13310
13310 9503 28818
11742 10718 27775
27775 10718 11742
10718 11742 27775
24596 4572 7479
7479 4572 24596
4572 7479 24596
8950 1975 27464
1975 8950 27464
27464 1975 8950
209 12662 15490
15490 209 12662
12662 209 15490
11016 12061 22426
22426 11016 12061
12061 11016 22426
27082 22236 22297
22236 22297 27082
22297 22236 27082
5963 18524 22431
22431 5963 18524
18524 5963 22431
22970 18629 20226
18629 20226 22970
20226 18629 22970
27770 10865 19527
10865 19527 27770
19527 10865 27770
19777 457 3217
3217 457 19777
457 3217 19777
17559 23504 28894
28894 17559 23504
23504 17559 28894
28934 20778 21578
21578 20778 28934
20778 21578 28934
10610 1215 11547
11547 1215 10610
1215 10610 11547
218 281 2483
2483 218 281
281 218 2483
11877 13610 22991
13610 11877 22991
22991 11877 13610
15131 6332 17423
6332 15131 17423
17423 6332 15131
10219 2221 15467
2221 10219 15467
15467 2221 10219
7492 2190 20591
20591 2190 7492
2190 7492 20591
13213 5314 13988
5314 13213 13988
13988 5314 13213
1275 126 16677
126 1275 16677
16677 126 1275
4585 3892 23721
3892 4585 23721
23721 3892 4585
5519 3256 17164
3256 5519 17164
17164 3256 5519
10162 16403 18078
16403 10162 18078
18078 10162 16403
2885 3257 10479
3257 2885 10479
10479 2885 3257
17522 1995 24516
1995 17522 24516
24516 1995 17522
21510 2731 4809
2731 4809 21510
4809 2731 21510
17923 1893 17739
17739 1893 17923
1893 17739 17923
16775 16428 24633
24633 16428 16775
16428 16775 24633
17987 10682 18160
10682 17987 18160
18160 10682 17987
2097 11226 29763
11226 2097 29763
29763 2097 11226
828 3011 4886
3011 828 4886
4886 828 3011
6575 14451 17689
14451 6575 17689
17689 6575 14451
18136 2312 17565
2312 17565 18136
17565 2312 18136
21181 9806 28382
28382 9806 21181
9806 21181 28382
19100 15471 27361
27361 15471 19100
15471 19100 27361
24632 13279 19825
13279 19825 24632
19825 13279 24632
12736 14088 24476
24476 12736 14088
14088 12736 24476
16529 23793 25518
23793 16529 25518
25518 16529 23793
8383 19028 20756
19028 8383 20756
20756 8383 19028
24588 1060 25684
25684 1060 24588
1060 24588 25684
16513 16542 29202
16542 16513 29202
29202 16513 16542
26814 14797 28766
14797 26814 28766
28766 14797 26814
20549 6886 9169
9169 6886 20549
6886 9169 20549
4336 12366 25922
25922 4336 12366
12366 4336 25922
14772 14077 25953
14077 14772 25953
25953 14077 14772
1868 6171 26864
26864 1868 6171
6171 1868 26864
11392 5397 19837
5397 11392 19837
19837 5397 11392
25273 15583 17634
17634 15583 25273
15583 17634 25273
23031 11183 15063
11183 15063 23031
15063 11183 23031
145 3380 10732
3380 145 10732
10732 145 3380
28672 12158 14092
12158 14092 28672
14092 12158 28672
1463 13390 23061
13390 1463 23061
23061 1463 13390
18647 26264 26946
26264 18647 26946
26946 18647 26264
22100 10243 21625
10243 21625 22100
21625 10243 22100
28617 4313 15728
15728 4313 28617
4313 15728 28617
19139 15481 23192
23192 15481 19139
15481 19139 23192
22156 6430 8445
8445 6430 22156
6430 8445 22156
10584 2996 15687
2996 10584 15687
15687 2996 10584
27218 14342 22339
14342 22339 27218
22339 14342 27218
8374 17013 26878
17013 8374 26878
26878 8374 17013
3517 8302 26435
8302 3517 26435
26435 3517 8302
22733 18697 20332
20332 18697 22733
18697 20332 22733
6267 5010 22571
22571 5010 6267
5010 6267 22571
22913 25960 27363
25960 22913 27363
27363 22913 25960
5554 10779 21665
21665 5554 10779
10779 5554 21665
13801 3615 25120
3615 13801 25120
25120 3615 13801
16429 16474 22226
22226 16429 16474
16474 16429 22226
19628 11556 13497
11556 13497 19628
13497 11556 19628
18427 20551 28701
20551 18427 28701
28701 18427 20551
4302 23916 26261
23916 4302 26261
26261 4302 23916
2968 5632 13478
13478 2968 5632
5632 2968 13478
4870 16301 18311
16301 4870 18311
18311 4870 16301
8246 3944 20522
20522 3944 8246
3944 8246 20522
23202 11480 13986
11480 13986 23202
13986 11480 23202
14717 17345 17414
17345 14717 17414
17414 14717 17345
3915 14542 22645
22645 3915 14542
14542 3915 22645
3536 4064 6516
6516 3536 4064
4064 3536 6516
2806 13154 14240
13154 2806 14240
14240 2806 13154
507 13316 21670
13316 507 21670
21670 507 13316
20367 9819 26321
26321 9819 20367
9819 20367 26321
18405 6509 26034
6509 18405 26034
26034 6509 18405
28697 5154 12280
5154 12280 28697
12280 5154 28697
19883 4427 7779
7779 4427 19883
4427 7779 19883
12270 3509 18265
3509 12270 18265
18265 3509 12270
960 22272 25096
22272 960 25096
25096 960 22272
5087 7263 28449
28449 5087 7263
7263 5087 28449
181 14547 18306
18306 181 14547
14547 181 18306
723 16322 20280
20280 723 16322
16322 723 20280
7154 6916 21768
21768 6916 7154
6916 7154 21768
5538 10491 12031
12031 5538 10491
10491 5538 12031
29265 16711 21012
21012 16711 29265
16711 21012 29265
6150 11103 27326
11103 6150 27326
27326 6150 11103
21759 1330 10930
10930 1330 21759
1330 10930 21759
25602 23932 28601
23932 25602 28601
28601 23932 25602
27955 4986 27492
27492 4986 27955
4986 27492 27955
5422 19015 22952
22952 5422 19015
19015 5422 22952
5297 23739 29877
23739 5297 29877
29877 5297 23739
21439 14045 19745
19745 14045 21439
14045 19745 21439
29616 7024 13230
13230 7024 29616
7024 13230 29616
22792 8008 27312
27312 8008 22792
8008 22792 27312
27000 9633 20438
9633 20438 27000
20438 9633 27000
4643 2819 17603
17603 2819 4643
2819 4643 17603
1627 16251 17387
17387 1627 16251
16251 1627 17387
15324 9584 10639
10639 9584 15324
9584 10639 15324
1431 16993 25566
16993 1431 25566
25566 1431 16993
28133 17567 18543
17567 18543 28133
18543 17567 28133
7596 17706 29838
17706 7596 29838
29838 7596 17706
7279 16676 22533
22533 7279 16676
16676 7279 22533
1224 13459 16944
16944 1224 13459
13459 1224 16944
2930 863 20419
863 2930 20419
20419 863 2930
2522 5560 23191
5560 2522 23191
23191 2522 5560
20610 15415 18556
15415 18556 20610
18556 15415 20610
26362 20131 22716
20131 22716 26362
22716 20131 26362
14369 3817 5077
3817 5077 14369
5077 3817 14369
10357 27629 27983
27629 10357 27983
27983 10357 27629
26014 14624 23464
14624 23464 26014
23464 14624 26014
10459 12453 21793
12453 10459 21793
21793 10459 12453
3385 3323 19257
19257 3323 3385
3323 3385 19257
9338 15445 20497
15445 9338 20497
20497 9338 15445
18123 6272 9210
6272 9210 18123
9210 6272 18123
8897 2237 16554
16554 2237 8897
2237 8897 16554
16630 9563 24164
9563 16630 24164
24164 9563 16630
9499 3283 26412
26412 3283 9499
3283 9499 26412
21885 13784 22612
22612 13784 21885
13784 21885 22612
28162 6942 7920
6942 7920 28162
7920 6942 28162
22523 15971 21107
21107 15971 22523
15971 21107 22523
19583 3560 21664
21664 3560 19583
3560 19583 21664
18462 3361 6032
6032 3361 18462
3361 6032 18462
3673 13650 28440
28440 3673 13650
13650 3673 28440
11618 17546 21379
21379 11618 17546
17546 11618 21379
22623 15177 17339
17339 15177 22623
15177 17339 22623
2564 17641 17741
17741 2564 17641
17641 2564 17741
16166 13603 16882
16882 13603 16166
13603 16166 16882
4156 270 9934
270 4156 9934
9934 270 4156
12406 18752 29651
18752 12406 29651
29651 12406 18752
22425 16137 21900
21900 16137 22425
16137 21900 22425
22131 10314 29858
10314 22131 29858
29858 10314 22131
12653 16628 26804
26804 12653 16628
16628 12653 26804
27482 6958 21093
6958 21093 27482
21093 6958 27482
14187 20754 25461
25461 14187 20754
20754 14187 25461
4688 7998 11116
11116 4688 7998
7998 4688 11116
1733 8545 29274
8545 1733 29274
29274 1733 8545
19934 24 13897
24 13897 19934
13897 24 19934
13029 5144 5848
5144 5848 13029
5848 5144 13029
29981 5435 11128
11128 5435 29981
5435 11128 29981
21558 17995 19708
17995 19708 21558
19708 17995 21558
24383 12321 14569
12321 14569 24383
14569 12321 24383
25505 11370 12119
11370 12119 25505
12119 11370 25505
13891 9696 20684
20684 9696 13891
9696 13891 20684
10549 8824 27223
27223 8824 10549
8824 10549 27223
14404 9287 13138
9287 13138 14404
13138 9287 14404
12835 11466 24212
24212 11466 12835
11466 12835 24212
16076 13553 19472
13553 16076 19472
19472 13553 16076
805 6323 6999
6999 805 6323
6323 805 6999
9877 20126 22188
22188 9877 20126
20126 9877 22188
13533 13834 16209
13834 13533 16209
16209 13533 13834
17161 7009 13328
7009 13328 17161
13328 7009 17161
4117 2437 21622
2437 4117 21622
21622 2437 4117
18887 11277 18876
11277 18876 18887
18876 11277 18887
6576 1270 22279
1270 6576 22279
22279 1270 6576
23962 14766 24063
24063 14766 23962
14766 23962 24063
24565 2569 16476
16476 2569 24565
2569 16476 24565
28007 4187 25238
25238 4187 28007
4187 25238 28007
11562 11320 28296
28296 11320 11562
11320 11562 28296
27540 7436 26579
26579 7436 27540
7436 26579 27540
25060 13014 17864
13014 17864 25060
17864 13014 25060
21799 491 25409
491 21799 25409
25409 491 21799
2573 4315 11638
4315 2573 11638
11638 2573 4315
28939 7088 29718
29718 7088 28939
7088 28939 29718
25587 14188 19601
14188 19601 25587
19601 14188 25587
25436 4295 15186
15186 4295 25436
4295 15186 25436
22228 6488 8547
8547 6488 22228
6488 8547 22228
653 4710 5101
5101 653 4710
4710 653 5101
20920 3643 22205
22205 3643 20920
3643 20920 22205
10158 16191 23613
16191 10158 23613
23613 10158 16191
10074 18713 20635
18713 10074 20635
20635 10074 18713
12980 4512 20054
4512 12980 20054
20054 4512 12980
16396 928 26387
928 16396 26387
26387 928 16396
2633 14987 23835
23835 2633 14987
14987 2633 23835
26811 21341 21772
21341 21772 26811
21772 21341 26811
15013 1128 25955
25955 1128 15013
1128 15013 25955
28551 2574 10653
2574 10653 28551
10653 2574 28551
20397 2109 12271
2109 12271 20397
12271 2109 20397
22936 12392 16562
16562 12392 22936
12392 16562 22936
12585 4039 13894
13894 4039 12585
4039 12585 13894
1724 13445 17071
17071 1724 13445
13445 1724 17071
18650 7005 14570
14570 7005 18650
7005 14570 18650
29686 15322 22341
15322 22341 29686
22341 15322 29686
24402 19684 29656
29656 19684 24402
19684 24402 29656
13775 13957 20029
20029 13775 13957
13957 13775 20029
15636 23572 24159
24159 15636 23572
23572 15636 24159
6564 8143 13515
13515 6564 8143
8143 6564 13515
17443 7538 27013
27013 7538 17443
7538 17443 27013
2047 19615 24380
24380 2047 19615
19615 2047 24380
20705 17047 18300
17047 18300 20705
18300 17047 20705
2897 27037 28304
27037 2897 28304
28304 2897 27037
9431 6858 7942
6858 7942 9431
7942 6858 9431
6344 17676 23274
17676 6344 23274
23274 6344 17676
4445 15262 17510
17510 4445 15262
15262 4445 17510
3493 17616 18208
18208 3493 17616
17616 3493 18208
9567 14024 28521
14024 9567 28521
28521 9567 14024
1288 3303 23818
23818 1288 3303
3303 1288 23818
17796 10282 11786
11786 10282 17796
10282 11786 17796
4236 3513 7529
7529 3513 4236
3513 4236 7529
21348 3894 8443
3894 8443 21348
8443 3894 21348
8172 4603 29315
29315 4603 8172
4603 8172 29315
8045 24627 27569
27569 8045 24627
24627 8045 27569
16478 4043 14608
14608 4043 16478
4043 14608 16478
10764 9608 12120
9608 10764 12120
12120 9608 10764
27396 9412 13544
9412 13544 27396
13544 9412 27396
7686 13315 19045
13315 7686 19045
19045 7686 13315
12743 7207 8660
8660 7207 12743
7207 8660 12743
7040 21144 23841
23841 7040 21144
21144 7040 23841
1323 17079 24649
17079 1323 24649
24649 1323 17079
5273 6610 10984
10984 5273 6610
6610 5273 10984
21897 6308 17242
17242 6308 21897
6308 17242 21897
3340 10325 22485
22485 3340 10325
10325 3340 22485
9937 18512 24465
18512 9937 24465
24465 9937 18512
22207 3863 27200
3863 22207 27200
27200 3863 22207
17759 17656 26042
26042 17656 17759
17656 17759 26042
347 25256 27530
27530 347 25256
25256 347 27530
2991 7331 14708
7331 2991 14708
14708 2991 7331
28435 4532 29892
4532 28435 29892
29892 4532 28435
29677 11047 12137
11047 12137 29677
12137 11047 29677
9600 15841 24291
15841 9600 24291
24291 9600 15841
530 17435 24807
17435 530 24807
24807 530 17435
26791 6609 17140
6609 17140 26791
17140 6609 26791
16614 10588 23986
23986 10588 16614
10588 16614 23986
10373 17156 23380
23380 10373 17156
17156 10373 23380
6961 1276 14495
14495 1276 6961
1276 6961 14495
8072 5741 29474
5741 8072 29474
29474 5741 8072
9038 913 14285
14285 913 9038
913 9038 14285
28042 2235 28729
28729 2235 28042
2235 28042 28729
22736 12065 20545
20545 12065 22736
12065 20545 22736
21559 834 29032
29032 834 21559
834 21559 29032
12095 907 1113
907 1113 12095
1113 907 12095
8494 2656 11821
2656 8494 11821
11821 2656 8494
23780 1105 10047
10047 1105 23780
1105 10047 23780
18321 8918 22455
22455 8918 18321
8918 18321 22455
11516 4758 16547
16547 4758 11516
4758 11516 16547
21405 11829 17048
17048 11829 21405
11829 17048 21405
22676 1069 6224
6224 1069 22676
1069 6224 22676
21887 10711 24756
10711 21887 24756
24756 10711 21887
740 7004 24861
24861 740 7004
7004 740 24861
20287 2331 21235
2331 20287 21235
21235 2331 20287
20999 21986 22994
21986 20999 22994
22994 20999 21986
768 947 17238
947 768 17238
17238 768 947
5209 14137 27332
27332 5209 14137
14137 5209 27332
16861 18769 29480
18769 16861 29480
29480 16861 18769
25154 6275 18935
6275 18935 25154
18935 6275 25154
20376 5267 24320
5267 20376 24320
24320 5267 20376
10347 215 17222
17222 215 10347
215 10347 17222
6437 5226 28575
5226 6437 28575
28575 5226 6437
20158 6451 11823
6451 11823 20158
11823 6451 20158
128 5805 15486
5805 128 15486
15486 128 5805
9381 17528 28882
17528 9381 28882
28882 9381 17528
26426 4496 15686
4496 15686 26426
15686 4496 26426
4301 10844 19991
10844 4301 19991
19991 4301 10844
25552 22392 25008
22392 25008 25552
25008 22392 25552
7380 11991 19314
11991 7380 19314
19314 7380 11991
14265 672 27409
27409 672 14265
672 14265 27409
8535 22848 25035
22848 8535 25035
25035 8535 22848
21198 17720 26529
26529 17720 21198
17720 21198 26529
21790 172 1732
1732 172 21790
172 1732 21790
26292 23576 25408
23576 25408 26292
25408 23576 26292
7464 3903 6226
3903 6226 7464
6226 3903 7464
19282 12229 25394
25394 12229 19282
12229 19282 25394
9365 11441 15434
15434 9365 11441
11441 9365 15434
17369 17460 22449
17460 17369 22449
22449 17369 17460
27710 17197 23485
23485 17197 27710
17197 23485 27710
879 6749 26138
6749 879 26138
26138 879 6749
7204 16977 17270
16977 7204 17270
17270 7204 16977
24894 15861 17907
15861 17907 24894
17907 15861 24894
5905 2981 28708
28708 2981 5905
2981 5905 28708
25118 16427 21511
16427 21511 25118
21511 16427 25118
27434 671 24800
24800 671 27434
671 24800 27434
25512 11465 12480
12480 11465 25512
11465 12480 25512
27754 3416 19173
19173 3416 27754
3416 19173 27754
29214 6103 28978
6103 28978 29214
28978 6103 29214
354 5478 13184
13184 354 5478
5478 354 13184
23335 10455 26623
10455 23335 26623
26623 10455 23335
719 14270 14792
14270 719 14792
14792 719 14270
29327 3920 21454
21454 3920 29327
3920 21454 29327
18532 22568 26341
26341 18532 22568
22568 18532 26341
24529 16745 21303
21303 16745 24529
16745 21303 24529
1292 12424 18248
12424 1292 18248
18248 1292 12424
12647 5563 26265
26265 5563 12647
5563 12647 26265
18138 4270 7598
4270 7598 18138
7598 4270 18138
7063 8831 20958
8831 7063 20958
20958 7063 8831
17329 10135 16568
10135 16568 17329
16568 10135 17329
18686 17327 23845
23845 17327 18686
17327 18686 23845
20629 21149 29294
21149 20629 29294
29294 20629 21149
12693 7839 16009
16009 7839 12693
7839 12693 16009
19122 11622 14380
11622 14380 19122
14380 11622 19122
14779 22902 25076
25076 14779 22902
22902 14779 25076
4519 1526 13263
1526 4519 13263
13263 1526 4519
15400 1584 17095
1584 15400 17095
17095 1584 15400
19475 4171 22754
4171 19475 22754
22754 4171 19475
513 1706 5674
5674 513 1706
1706 513 5674
27292 20600 29771
29771 20600 27292
20600 27292 29771
13902 7531 8858
8858 7531 13902
7531 8858 13902
27917 4953 22644
22644 4953 27917
4953 22644 27917
20399 1368 22552
1368 20399 22552
22552 1368 20399
