2354 1226 2740
1226 2354 2740
2740 1226 2354
1835 273 1540
1540 273 1835
273 1540 1835
1464 440 1840
1840 440 1464
440 1464 1840
1395 363 2636
2636 363 1395
363 1395 2636
1981 750 1547
1547 750 1981
750 1547 1981
1198 167 2504
2504 167 1198
167 1198 2504
181 315 1191
1191 181 315
315 181 1191
1855 550 2658
550 1855 2658
2658 550 1855
1388 1207 2239
2239 1207 1388
1207 1388 2239
783 331 828
331 783 828
828 331 783
294 1862 2899
2899 294 1862
1862 294 2899
469 836 939
836 469 939
939 469 836
990 638 770
638 770 990
770 638 990
589 958 2387
958 589 2387
2387 589 958
834 262 2560
2560 262 834
262 834 2560
2407 996 1904
1904 996 2407
996 1904 2407
603 1611 1770
1770 603 1611
1611 603 1770
1047 259 2929
2929 259 1047
259 1047 2929
68 285 2366
285 68 2366
2366 68 285
2300 483 602
483 602 2300
602 483 2300
1651 156 1820
1820 156 1651
156 1651 1820
2370 231 2704
2704 231 2370
231 2370 2704
1980 1718 2811
1718 1980 2811
2811 1718 1980
2393 745 2190
745 2190 2393
2190 745 2393
308 2217 2602
2602 308 2217
2217 308 2602
1565 1184 2999
2999 1184 1565
1184 1565 2999
1720 1239 2071
2071 1239 1720
1239 1720 2071
2629 35 2405
35 2405 2629
2405 35 2629
1941 1381 1843
1381 1843 1941
1843 1381 1941
198 851 2086
2086 198 851
851 198 2086
2993 825 1740
1740 825 2993
825 1740 2993
2908 1604 1925
1604 1925 2908
1925 1604 2908
779 249 2838
2838 249 779
249 779 2838
943 1420 2731
1420 943 2731
2731 943 1420
2727 680 2167
2167 680 2727
680 2167 2727
2799 634 2643
2643 634 2799
634 2643 2799
1021 1254 2663
2663 1021 1254
1254 1021 2663
1441 438 591
438 591 1441
591 438 1441
1933 2397 2954
2954 1933 2397
2397 1933 2954
1502 619 1172
619 1172 1502
1172 619 1502
1202 129 2400
2400 129 1202
129 1202 2400
2681 414 1913
1913 414 2681
414 1913 2681
756 2142 2304
2142 756 2304
2304 756 2142
1601 34 168
34 168 1601
168 34 1601
529 1368 2098
1368 529 2098
2098 529 1368
974 333 452
333 452 974
452 333 974
2594 174 1182
174 1182 2594
1182 174 2594
2343 153 1248
153 1248 2343
1248 153 2343
292 138 2830
2830 138 292
138 292 2830
1881 679 1169
679 1169 1881
1169 679 1881
2146 553 925
925 553 2146
553 925 2146
2796 743 2465
743 2465 2796
2465 743 2796
2864 1580 1950
1950 1580 2864
1580 1950 2864
546 651 1277
1277 546 651
651 546 1277
2289 1285 1562
1562 1285 2289
1285 1562 2289
2995 22 2308
22 2308 2995
2308 22 2995
2475 2656 2729
2729 2475 2656
2656 2475 2729
1496 450 983
983 450 1496
450 983 1496
678 2204 2812
2204 678 2812
2812 678 2204
1507 428 2535
428 1507 2535
2535 428 1507
2023 171 957
171 957 2023
957 171 2023
347 169 2453
2453 169 347
169 347 2453
1339 1983 2885
2885 1339 1983
1983 1339 2885
2682 1537 2824
1537 2682 2824
2824 1537 2682
1852 1009 2075
1009 1852 2075
2075 1009 1852
818 1369 1808
1808 818 1369
1369 818 1808
1545 977 2472
2472 977 1545
977 1545 2472
59 2216 2252
2252 59 2216
2216 59 2252
1936 765 2383
765 1936 2383
2383 765 1936
1731 187 2125
2125 187 1731
187 1731 2125
892 2007 2469
2469 892 2007
2007 892 2469
2751 1742 2015
1742 2015 2751
2015 1742 2751
1949 173 1235
1235 173 1949
173 1235 1949
2350 445 1185
445 1185 2350
1185 445 2350
1608 263 1060
263 1060 1608
1060 263 1608
2187 2521 2712
2521 2187 2712
2712 2187 2521
933 947 1535
947 933 1535
1535 933 947
552 1813 2543
1813 552 2543
2543 552 1813
821 1755 1769
1755 821 1769
1769 821 1755
1452 210 1241
1241 210 1452
210 1241 1452
2607 378 2856
378 2607 2856
2856 378 2607
71 116 296
296 71 116
116 71 296
2924 481 1293
1293 481 2924
481 1293 2924
926 796 1195
1195 796 926
796 926 1195
2321 884 2092
2092 884 2321
884 2092 2321
2512 1940 2557
1940 2512 2557
2557 1940 2512
885 105 684
105 684 885
684 105 885
2779 1122 2563
2563 1122 2779
1122 2563 2779
1615 358 2764
358 1615 2764
2764 358 1615
967 903 2385
903 967 2385
2385 903 967
1898 119 1764
1764 119 1898
119 1764 1898
795 1183 1912
1912 795 1183
1183 795 1912
2948 97 889
97 889 2948
889 97 2948
1943 329 509
329 509 1943
509 329 1943
2592 209 1273
209 1273 2592
1273 209 2592
2175 1121 1623
1121 1623 2175
1623 1121 2175
1418 2183 2608
2183 1418 2608
2608 1418 2183
1098 1719 1993
1993 1098 1719
1719 1098 1993
2323 144 1965
144 1965 2323
1965 144 2323
2224 316 2014
316 2014 2224
2014 316 2224
622 2631 2990
2990 622 2631
2631 622 2990
2693 430 2254
2254 430 2693
430 2254 2693
1597 2460 2539
2460 1597 2539
2539 1597 2460
383 1170 2757
2757 383 1170
1170 383 2757
527 2816 2883
2883 527 2816
2816 527 2883
297 1304 2585
2585 297 1304
1304 297 2585
1900 334 911
911 334 1900
334 911 1900
2992 746 1982
1982 746 2992
746 1982 2992
1865 1782 2921
2921 1782 1865
1782 1865 2921
1636 781 2378
2378 781 1636
781 1636 2378
823 1790 2390
1790 823 2390
2390 823 1790
2105 307 1992
1992 307 2105
307 1992 2105
1951 186 1838
1838 186 1951
186 1838 1951
117 762 2360
762 117 2360
2360 117 762
2427 1341 2143
1341 2143 2427
2143 1341 2427
2027 2313 2853
2313 2027 2853
2853 2027 2313
2473 1858 2642
2642 1858 2473
1858 2473 2642
1948 18 58
18 58 1948
58 18 1948
122 1084 1741
1741 122 1084
1084 122 1741
729 1745 2536
2536 729 1745
1745 729 2536
498 69 2882
2882 69 498
69 498 2882
1857 2527 2871
2871 1857 2527
2527 1857 2871
423 422 912
912 422 423
422 423 912
2685 2384 2868
2868 2384 2685
2384 2685 2868
975 1383 2791
1383 975 2791
2791 975 1383
2890 697 1767
697 1767 2890
1767 697 2890
1476 303 2404
303 1476 2404
2404 303 1476
2028 881 2968
881 2028 2968
2968 881 2028
1978 501 866
501 866 1978
866 501 1978
1497 1702 2255
1702 1497 2255
2255 1497 1702
1763 1984 2418
2418 1763 1984
1984 1763 2418
14 985 2970
2970 14 985
985 14 2970
474 1705 1725
1725 474 1705
1705 474 1725
1318 205 1461
1461 205 1318
205 1318 1461
701 2256 2867
2867 701 2256
2256 701 2867
661 1574 2544
2544 661 1574
1574 661 2544
2711 1846 2445
1846 2445 2711
2445 1846 2711
388 111 2538
2538 111 388
111 388 2538
1137 148 1492
1492 148 1137
148 1137 1492
1744 1238 1593
1593 1238 1744
1238 1593 1744
2037 128 2336
2336 128 2037
128 2037 2336
1542 279 2269
279 1542 2269
2269 279 1542
1396 135 2284
2284 135 1396
135 1396 2284
2778 400 2752
400 2752 2778
2752 400 2778
2201 251 2034
2034 251 2201
251 2034 2201
2036 797 1723
797 1723 2036
1723 797 2036
1807 1841 2420
2420 1807 1841
1841 1807 2420
1642 2044 2277
2277 1642 2044
2044 1642 2277
1413 11 895
11 895 1413
895 11 1413
1558 961 2303
2303 961 1558
961 1558 2303
1915 270 335
270 335 1915
335 270 1915
951 1573 2654
1573 951 2654
2654 951 1573
755 598 2198
598 755 2198
2198 598 755
2777 131 1411
131 1411 2777
1411 131 2777
1027 332 2897
332 1027 2897
2897 332 1027
1560 396 1088
1088 396 1560
396 1088 1560
2327 2265 2458
2265 2327 2458
2458 2265 2327
1389 1449 2935
1449 1389 2935
2935 1389 1449
1432 433 504
433 504 1432
504 433 1432
2837 1038 1380
1380 1038 2837
1038 1380 2837
1703 1150 1681
1150 1681 1703
1681 1150 1703
2836 317 2229
2229 317 2836
317 2229 2836
2609 1072 1467
1467 1072 2609
1072 1467 2609
767 1711 2025
2025 767 1711
1711 767 2025
829 632 1929
1929 632 829
632 829 1929
1953 1295 1908
1295 1908 1953
1908 1295 1953
1698 793 2371
2371 793 1698
793 1698 2371
2533 1961 2860
2860 1961 2533
1961 2533 2860
564 2577 2735
2577 564 2735
2735 564 2577
871 575 1825
1825 575 871
575 871 1825
1847 1247 2851
1247 1847 2851
2851 1247 1847
981 2173 2320
2320 981 2173
2173 981 2320
987 542 2103
542 987 2103
2103 542 987
1975 848 852
852 848 1975
848 852 1975
1 1253 2732
2732 1 1253
1253 1 2732
1688 218 1010
1010 218 1688
218 1010 1688
682 1012 2430
2430 682 1012
1012 682 2430
1351 1371 2314
2314 1351 1371
1371 1351 2314
1669 56 771
56 771 1669
771 56 1669
2080 1005 2126
2126 1005 2080
1005 2080 2126
2615 1308 1947
1308 1947 2615
1947 1308 2615
1685 65 2803
2803 65 1685
65 1685 2803
1880 1986 2301
2301 1880 1986
1986 1880 2301
1749 139 773
773 139 1749
139 773 1749
842 247 692
692 247 842
247 692 842
2534 327 1596
1596 327 2534
327 1596 2534
176 484 2447
484 176 2447
2447 176 484
1528 1425 1566
1566 1425 1528
1425 1528 1566
2518 1721 2281
1721 2281 2518
2281 1721 2518
2149 442 1520
442 1520 2149
1520 442 2149
2526 1284 2328
2328 1284 2526
1284 2328 2526
1533 326 1701
1701 326 1533
326 1533 1701
1707 1211 1457
1211 1457 1707
1457 1211 1707
393 377 615
377 393 615
615 377 393
1730 1939 2180
2180 1730 1939
1939 1730 2180
1516 2221 2347
2221 1516 2347
2347 1516 2221
754 2733 2819
2819 754 2733
2733 754 2819
2449 523 1229
523 1229 2449
1229 523 2449
1987 1412 2881
1412 1987 2881
2881 1412 1987
1050 1435 2389
2389 1050 1435
1435 1050 2389
1415 1668 2640
2640 1415 1668
1668 1415 2640
1201 2531 2901
2531 1201 2901
2901 1201 2531
166 929 1272
929 166 1272
1272 166 929
2801 1460 1471
1471 1460 2801
1460 1471 2801
2545 857 2495
2495 857 2545
857 2495 2545
492 1053 2046
2046 492 1053
1053 492 2046
2031 1271 2200
2200 1271 2031
1271 2031 2200
39 293 2768
2768 39 293
293 39 2768
1511 858 2706
858 1511 2706
2706 858 1511
2638 1952 2497
2497 1952 2638
1952 2497 2638
1324 2069 2499
2499 1324 2069
2069 1324 2499
208 517 872
517 208 872
872 208 517
1957 154 2646
154 1957 2646
2646 154 1957
2889 124 1225
124 1225 2889
1225 124 2889
191 1733 2795
1733 191 2795
2795 191 1733
2140 1106 1995
1106 1995 2140
1995 1106 2140
2850 190 2996
2996 190 2850
190 2850 2996
1097 1234 2910
2910 1097 1234
1234 1097 2910
784 1793 1873
1873 784 1793
1793 784 1873
2156 2099 2230
2099 2156 2230
2230 2099 2156
2556 224 2485
2485 224 2556
224 2485 2556
2597 620 2227
620 2227 2597
2227 620 2597
1660 1203 2059
1203 1660 2059
2059 1203 1660
8 255 2081
2081 8 255
255 8 2081
369 304 1561
1561 304 369
304 369 1561
909 401 2267
401 909 2267
2267 401 909
2553 703 1655
703 1655 2553
1655 703 2553
453 1355 2322
2322 453 1355
1355 453 2322
1870 1734 2505
2505 1734 1870
1734 1870 2505
444 2021 2456
2021 444 2456
2456 444 2021
751 1232 2578
1232 751 2578
2578 751 1232
2611 856 1812
1812 856 2611
856 1812 2611
2072 439 465
465 439 2072
439 465 2072
2620 518 2920
2920 518 2620
518 2620 2920
376 1288 1821
1288 376 1821
1821 376 1288
1866 558 2423
558 1866 2423
2423 558 1866
1998 1042 2356
1042 1998 2356
2356 1042 1998
938 387 629
629 387 938
387 629 938
2477 1330 2318
1330 2318 2477
2318 1330 2477
2673 516 555
555 516 2673
516 555 2673
354 1333 1876
1876 354 1333
1333 354 1876
89 1299 1977
1299 89 1977
1977 89 1299
1928 816 1495
1495 816 1928
816 1495 1928
1283 1166 2601
2601 1166 1283
1166 1283 2601
290 1175 1264
1264 290 1175
1175 290 1264
2750 50 1600
1600 50 2750
50 1600 2750
2804 1424 1479
1424 1479 2804
1479 1424 2804
2464 1147 2068
2068 1147 2464
1147 2068 2464
2579 1854 2730
1854 2579 2730
2730 1854 2579
847 2070 2348
2348 847 2070
2070 847 2348
1259 1340 1609
1609 1259 1340
1340 1259 1609
1946 353 686
686 353 1946
353 686 1946
2492 1349 2106
2106 1349 2492
1349 2106 2492
2058 2011 2177
2011 2058 2177
2177 2011 2058
986 1033 1774
1033 986 1774
1774 986 1033
1762 569 1670
569 1670 1762
1670 569 1762
299 1529 2079
1529 299 2079
2079 299 1529
1648 1094 1335
1094 1335 1648
1335 1094 1648
323 839 2357
839 323 2357
2357 323 839
1255 1765 2053
2053 1255 1765
1765 1255 2053
1016 1453 2311
2311 1016 1453
1453 1016 2311
2660 1135 1278
1278 1135 2660
1135 1278 2660
731 891 2716
2716 731 891
891 731 2716
2630 1252 1897
1897 1252 2630
1252 1897 2630
1620 311 1015
311 1015 1620
1015 311 1620
1789 1433 2862
1433 1789 2862
2862 1433 1789
804 98 2129
2129 98 804
98 804 2129
2051 380 2647
380 2051 2647
2647 380 2051
2382 459 2392
2392 459 2382
459 2382 2392
1501 1421 1728
1421 1501 1728
1728 1421 1501
437 1148 2575
1148 437 2575
2575 437 1148
2415 576 2260
576 2260 2415
2260 576 2415
2872 1743 2826
2826 1743 2872
1743 2826 2872
1257 1798 2337
1798 1257 2337
2337 1257 1798
2835 1408 1955
1408 1955 2835
1955 1408 2835
1678 1342 2355
1342 1678 2355
2355 1342 1678
989 2118 2329
2329 989 2118
2118 989 2329
2866 2372 2652
2372 2652 2866
2652 2372 2866
2965 535 2045
2045 535 2965
535 2045 2965
2665 605 1618
605 1618 2665
1618 605 2665
2083 2352 2429
2429 2083 2352
2352 2083 2429
2875 321 1048
1048 321 2875
321 1048 2875
1883 636 2760
2760 636 1883
636 1883 2760
1844 645 2898
645 1844 2898
2898 645 1844
2888 2133 2564
2133 2564 2888
2564 2133 2888
696 2369 2743
2369 696 2743
2743 696 2369
853 1481 2020
2020 853 1481
1481 853 2020
2093 1154 2426
1154 2093 2426
2426 1154 2093
1899 91 2619
91 1899 2619
2619 91 1899
114 1800 2761
1800 114 2761
2761 114 1800
1462 1494 1514
1494 1462 1514
1514 1462 1494
1352 1260 1454
1454 1260 1352
1260 1352 1454
2029 1477 2257
2257 1477 2029
1477 2029 2257
2720 110 1171
1171 110 2720
110 1171 2720
2097 1194 2726
1194 2097 2726
2726 1194 2097
1614 1262 2292
1262 1614 2292
2292 1262 1614
300 531 1347
1347 300 531
531 300 1347
973 808 901
808 901 973
901 808 973
1049 435 2063
2063 435 1049
435 1049 2063
2684 815 2438
815 2438 2684
2438 815 2684
1356 2245 2941
2941 1356 2245
2245 1356 2941
72 1058 1108
1108 72 1058
1058 72 1108
2 759 2776
2776 2 759
759 2 2776
1379 141 2261
141 1379 2261
2261 141 1379
2416 676 1372
1372 676 2416
676 1372 2416
2476 336 2744
336 2476 2744
2744 336 2476
1938 225 1875
1875 225 1938
225 1875 1938
2912 548 2141
2141 548 2912
548 2141 2912
2218 1988 2834
1988 2218 2834
2834 1988 2218
1205 359 1974
1974 359 1205
359 1205 1974
86 2197 2264
2264 86 2197
2197 86 2264
2130 409 2771
409 2130 2771
2771 409 2130
1710 514 1976
514 1710 1976
1976 514 1710
500 76 424
76 424 500
424 76 500
942 2078 2581
2078 942 2581
2581 942 2078
2718 1500 2700
2700 1500 2718
1500 2700 2718
1662 1410 2916
1410 1662 2916
2916 1410 1662
2018 107 319
107 319 2018
319 107 2018
1004 698 2237
698 1004 2237
2237 698 1004
2009 581 2421
581 2009 2421
2421 581 2009
2285 1869 2702
2702 1869 2285
1869 2285 2702
927 1076 2648
2648 927 1076
1076 927 2648
1055 7 1478
7 1055 1478
1478 7 1055
64 253 1577
253 64 1577
1577 64 253
992 1321 2274
1321 992 2274
2274 992 1321
2136 1919 1966
1919 1966 2136
1966 1919 2136
2887 345 2440
2440 345 2887
345 2440 2887
2250 1057 1401
1057 1401 2250
1401 1057 2250
1113 25 184
25 184 1113
184 25 1113
40 229 571
571 40 229
229 40 571
2095 1141 2219
2219 1141 2095
1141 2095 2219
2758 2012 2664
2664 2012 2758
2012 2664 2758
2932 106 2939
2939 106 2932
106 2932 2939
1888 922 2148
922 1888 2148
2148 922 1888
1613 1571 2452
1571 1613 2452
2452 1571 1613
931 2019 2107
2107 931 2019
2019 931 2107
2911 2439 2552
2552 2439 2911
2439 2552 2911
342 946 2205
946 342 2205
2205 342 946
2050 846 1526
846 1526 2050
1526 846 2050
2676 1061 1595
1061 1595 2676
1595 1061 2676
2698 643 972
643 972 2698
972 643 2698
1065 301 1144
301 1065 1144
1144 301 1065
915 411 1677
1677 411 915
411 915 1677
1399 658 732
658 732 1399
732 658 1399
798 1362 1682
1362 798 1682
1682 798 1362
277 2315 2983
2315 277 2983
2983 277 2315
2294 1732 1839
1839 1732 2294
1732 1839 2294
2253 2381 2905
2905 2253 2381
2381 2253 2905
817 1739 2287
1739 817 2287
2287 817 1739
918 113 1328
113 918 1328
1328 113 918
2108 1645 2481
1645 2108 2481
2481 1645 2108
257 1505 2805
2805 257 1505
1505 257 2805
1426 1158 2467
2467 1158 1426
1158 1426 2467
269 109 800
800 109 269
109 269 800
1011 597 1696
597 1011 1696
1696 597 1011
583 1240 1451
1451 583 1240
1240 583 1451
1972 1346 2042
1346 1972 2042
2042 1346 1972
2317 2209 2345
2209 2317 2345
2345 2209 2317
2558 764 1768
1768 764 2558
764 1768 2558
150 1576 2854
1576 150 2854
2854 150 1576
2388 1419 2689
1419 2388 2689
2689 1419 2388
467 309 427
309 427 467
427 309 467
1444 1056 1934
1934 1056 1444
1056 1444 1934
1020 1819 2569
1819 1020 2569
2569 1020 1819
1000 594 2061
2061 594 1000
594 1000 2061
1003 416 1327
416 1003 1327
1327 416 1003
1439 599 1589
1589 599 1439
599 1439 1589
1797 601 1422
1422 601 1797
601 1422 1797
2375 744 2279
744 2279 2375
2279 744 2375
799 2246 2296
2296 799 2246
2246 799 2296
965 239 1968
239 965 1968
1968 239 965
1167 2659 2784
2784 1167 2659
2659 1167 2784
2468 883 1814
883 1814 2468
1814 883 2468
835 1281 1905
1905 835 1281
1281 835 1905
193 100 1250
1250 100 193
100 193 1250
1557 212 415
415 212 1557
212 415 1557
482 1221 1300
1300 482 1221
1221 482 1300
2982 178 496
496 178 2982
178 496 2982
1376 963 2084
2084 963 1376
963 1376 2084
2960 1046 1524
1046 1524 2960
1524 1046 2960
2849 503 713
713 503 2849
503 713 2849
2155 24 2825
2825 24 2155
24 2155 2825
1851 850 2747
850 1851 2747
2747 850 1851
2617 132 2818
2818 132 2617
132 2617 2818
1228 988 1513
988 1228 1513
1513 988 1228
1427 2498 2572
2572 1427 2498
2498 1427 2572
964 494 2334
2334 494 964
494 964 2334
675 1107 2111
1107 675 2111
2111 675 1107
786 238 1527
238 786 1527
1527 238 786
2470 1363 2919
2919 1363 2470
1363 2470 2919
83 70 1926
1926 70 83
70 83 1926
1917 1779 2616
1779 1917 2616
2616 1779 1917
612 1509 2614
1509 612 2614
2614 612 1509
2691 341 574
574 341 2691
341 574 2691
2290 980 1282
1282 980 2290
980 1282 2290
1188 1488 1811
1811 1188 1488
1488 1188 1811
867 1054 2566
2566 867 1054
1054 867 2566
1863 52 693
52 693 1863
693 52 1863
1687 1078 1748
1748 1078 1687
1078 1687 1748
1101 2574 2793
2574 1101 2793
2793 1101 2574
586 641 1640
1640 586 641
641 586 1640
283 997 1802
1802 283 997
997 283 1802
356 130 478
478 130 356
130 356 478
2621 507 785
785 507 2621
507 785 2621
1751 794 1971
1971 794 1751
794 1751 1971
880 788 2299
2299 788 880
788 880 2299
1652 2282 2917
2282 1652 2917
2917 1652 2282
2741 252 1503
252 1503 2741
1503 252 2741
683 143 1654
143 683 1654
1654 143 683
1722 61 1686
61 1686 1722
1686 61 1722
559 1878 2923
1878 559 2923
2923 559 1878
370 421 2906
421 370 2906
2906 370 421
1045 99 822
822 99 1045
99 822 1045
1430 278 551
551 278 1430
278 551 1430
464 172 2432
2432 172 464
172 464 2432
2821 398 2696
398 2696 2821
2696 398 2821
1708 2344 2918
2344 1708 2918
2918 1708 2344
41 557 1103
557 41 1103
1103 41 557
1714 2005 2798
2005 1714 2798
2798 1714 2005
2551 635 1901
1901 635 2551
635 1901 2551
1331 203 695
203 695 1331
695 203 1331
2414 656 2168
656 2168 2414
2168 656 2414
582 863 1404
1404 582 863
863 582 1404
890 916 2494
916 890 2494
2494 890 916
1059 1519 1911
1519 1059 1911
1911 1059 1519
260 1204 2170
2170 260 1204
1204 260 2170
2813 747 1336
1336 747 2813
747 1336 2813
2361 268 1063
1063 268 2361
268 1063 2361
1067 1070 2419
2419 1067 1070
1070 1067 2419
486 2236 2915
2915 486 2236
2236 486 2915
587 919 2493
2493 587 919
919 587 2493
1716 367 2668
2668 367 1716
367 1716 2668
1151 966 2368
2368 966 1151
966 1151 2368
1892 49 2000
2000 49 1892
49 1892 2000
2529 197 1459
1459 197 2529
197 1459 2529
265 471 2748
471 265 2748
2748 265 471
1544 1382 2487
1382 1544 2487
2487 1382 1544
1024 613 1931
1931 613 1024
613 1024 1931
2870 485 1575
485 1575 2870
1575 485 2870
1152 1222 2719
1222 1152 2719
2719 1152 1222
1263 1450 1582
1582 1263 1450
1450 1263 1582
480 1329 2555
2555 480 1329
1329 480 2555
994 894 1548
1548 894 994
894 994 1548
1337 1490 2049
2049 1337 1490
1490 1337 2049
318 314 1871
1871 314 318
314 318 1871
2756 665 945
945 665 2756
665 945 2756
1406 38 1713
38 1406 1713
1713 38 1406
1153 256 2847
2847 256 1153
256 1153 2847
63 1738 2987
1738 63 2987
2987 63 1738
102 995 1663
995 102 1663
1663 102 995
1521 330 579
579 330 1521
330 579 1521
10 1834 2266
2266 10 1834
1834 10 2266
1583 768 2208
2208 768 1583
768 1583 2208
623 1849 2117
2117 623 1849
1849 623 2117
185 1448 2158
2158 185 1448
1448 185 2158
21 74 1353
1353 21 74
74 21 1353
2896 230 1437
230 1437 2896
1437 230 2896
1434 337 2346
2346 337 1434
337 1434 2346
1717 108 258
258 108 1717
108 258 1717
2846 246 2773
2773 246 2846
246 2773 2846
1758 2373 2600
2600 1758 2373
2373 1758 2600
1429 593 2147
593 1429 2147
2147 593 1429
585 2243 2483
2243 585 2483
2483 585 2243
2364 371 448
448 371 2364
371 448 2364
1423 669 2424
2424 669 1423
669 1423 2424
2848 1095 2884
1095 2848 2884
2884 1095 2848
565 305 2466
2466 305 565
305 565 2466
2150 1306 2139
1306 2139 2150
2139 1306 2150
1766 489 1139
489 1139 1766
1139 489 1766
476 970 1143
1143 476 970
970 476 1143
2595 1691 2340
2340 1691 2595
1691 2340 2595
2358 674 2433
2433 674 2358
674 2358 2433
2033 434 1243
434 1243 2033
1243 434 2033
2132 982 1832
982 1832 2132
1832 982 2132
2786 413 538
413 538 2786
538 413 2786
266 211 1178
1178 211 266
211 266 1178
532 2325 2606
2325 532 2606
2606 532 2325
368 625 702
625 368 702
702 368 625
1162 1445 1902
1902 1162 1445
1445 1162 1902
1179 930 1109
930 1109 1179
1109 930 1179
1541 712 807
807 712 1541
712 807 1541
1465 806 1118
1118 806 1465
806 1118 1465
917 1599 2588
1599 917 2588
2588 917 1599
2650 250 1266
250 1266 2650
1266 250 2650
2697 1138 2517
1138 2517 2697
2517 1138 2697
2593 15 147
147 15 2593
15 147 2593
1199 284 1405
284 1199 1405
1405 284 1199
2114 384 727
727 384 2114
384 727 2114
1675 2052 2119
2119 1675 2052
2052 1675 2119
775 235 1650
235 775 1650
1650 235 775
1269 164 1737
1737 164 1269
164 1269 1737
2627 1134 1287
1287 1134 2627
1134 1287 2627
1674 1665 2039
2039 1665 1674
1665 1674 2039
1531 540 971
971 540 1531
540 971 1531
1989 1443 1634
1634 1443 1989
1443 1634 1989
1690 491 1999
491 1690 1999
1999 491 1690
979 1227 2002
1227 979 2002
2002 979 1227
2123 1374 2767
1374 2123 2767
2767 1374 2123
536 223 2639
223 536 2639
2639 223 536
1994 1493 2788
2788 1493 1994
1493 1994 2788
42 642 1104
1104 42 642
642 42 1104
715 1233 1440
1233 715 1440
1440 715 1233
2931 772 913
772 913 2931
913 772 2931
2844 458 2134
458 2134 2844
2134 458 2844
1160 1268 2913
2913 1160 1268
1268 1160 2913
4 2707 2832
2832 4 2707
2707 4 2832
1815 1962 2232
2232 1815 1962
1962 1815 2232
668 949 2780
2780 668 949
949 668 2780
1606 937 1828
937 1606 1828
1828 937 1606
2985 391 879
391 879 2985
879 391 2985
2769 1551 1906
1906 1551 2769
1551 1906 2769
288 2184 2316
2316 288 2184
2184 288 2316
659 932 2462
932 659 2462
2462 659 932
447 875 2705
2705 447 875
875 447 2705
196 2522 2789
2522 196 2789
2789 196 2522
5 407 1200
1200 5 407
407 5 1200
1801 520 1091
520 1091 1801
1091 520 1801
1605 426 1168
426 1168 1605
1168 426 1605
1783 757 1001
757 1001 1783
1001 757 1783
1979 618 1890
618 1890 1979
1890 618 1979
1472 145 2077
145 1472 2077
2077 145 1472
1671 81 1482
81 1482 1671
1482 81 1671
1586 776 2213
2213 776 1586
776 1586 2213
1223 1746 2457
1746 1223 2457
2457 1223 1746
120 1431 2272
1431 120 2272
2272 120 1431
2112 46 1693
46 1693 2112
1693 46 2112
165 1872 2895
1872 165 2895
2895 165 1872
463 1041 1850
1850 463 1041
1041 463 1850
1075 1649 1837
1837 1075 1649
1649 1075 1837
2307 31 1506
1506 31 2307
31 1506 2307
1607 2082 2947
2082 1607 2947
2947 1607 2082
2765 487 2341
487 2341 2765
2341 487 2765
1373 2628 2877
2628 1373 2877
2877 1373 2628
809 2241 2624
2241 809 2624
2624 809 2241
556 633 962
962 556 633
633 556 962
1125 505 2461
2461 505 1125
505 1125 2461
724 236 717
236 717 724
717 236 724
1302 233 2113
2113 233 1302
233 1302 2113
1896 725 1073
725 1073 1896
1073 725 1896
955 1756 2785
1756 955 2785
2785 955 1756
2024 222 344
222 344 2024
344 222 2024
2056 707 2171
707 2056 2171
2171 707 2056
2962 1956 2030
1956 2030 2962
2030 1956 2962
1358 1877 1958
1958 1358 1877
1877 1358 1958
2839 2295 2587
2295 2587 2839
2587 2295 2839
838 541 2220
2220 541 838
541 838 2220
2463 864 2900
864 2463 2900
2900 864 2463
1409 462 1543
462 1409 1543
1543 462 1409
1068 1676 2196
1676 1068 2196
2196 1068 1676
841 206 742
206 742 841
742 206 841
372 877 2840
2840 372 877
877 372 2840
689 655 2474
2474 655 689
655 689 2474
2763 1301 2852
2852 1301 2763
1301 2763 2852
2823 125 837
837 125 2823
125 837 2823
876 1022 2121
2121 876 1022
1022 876 2121
2163 1684 2153
2153 1684 2163
1684 2153 2163
2907 429 1771
1771 429 2907
429 1771 2907
2428 969 2742
969 2428 2742
2742 969 2428
1695 36 1923
1923 36 1695
36 1695 1923
2038 1096 2339
2339 1096 2038
1096 2038 2339
2398 60 2667
60 2398 2667
2667 60 2398
2755 1753 2403
2403 1753 2755
1753 2403 2755
887 814 1093
1093 814 887
814 887 1093
2886 1365 1367
1367 1365 2886
1365 1367 2886
2511 1736 2110
2110 1736 2511
1736 2110 2511
2657 845 2399
2399 845 2657
845 2399 2657
2359 1087 2489
2489 1087 2359
1087 2359 2489
392 1525 1954
1954 392 1525
1525 392 1954
2547 1824 2026
2026 1824 2547
1824 2026 2547
1311 1536 2874
1536 1311 2874
2874 1311 1536
592 298 560
560 298 592
298 560 592
2802 646 2603
2603 646 2802
646 2603 2802
2589 827 2980
2980 827 2589
827 2589 2980
1297 1484 1803
1803 1297 1484
1484 1297 1803
2774 1089 1117
1117 1089 2774
1089 1117 2774
1629 180 865
180 865 1629
865 180 1629
199 1220 2843
1220 199 2843
2843 199 1220
1099 2276 2480
2276 1099 2480
2480 1099 2276
2128 161 711
161 711 2128
711 161 2128
2060 78 2048
2048 78 2060
78 2048 2060
826 243 2174
2174 243 826
243 826 2174
2496 451 1326
451 1326 2496
1326 451 2496
708 648 2828
648 708 2828
2828 648 708
281 44 2880
2880 44 281
44 281 2880
2182 1619 2649
2649 1619 2182
1619 2182 2649
6 812 2306
2306 6 812
812 6 2306
1480 554 758
758 554 1480
554 758 1480
2781 1861 2938
1861 2781 2938
2938 1861 2781
1436 1895 2933
2933 1436 1895
1895 1436 2933
1829 752 1626
752 1626 1829
1626 752 1829
1483 96 1325
1325 96 1483
96 1325 1483
1679 1114 1853
1114 1679 1853
1853 1114 1679
441 2865 2997
2865 441 2997
2997 441 2865
2500 343 1354
343 1354 2500
1354 343 2500
80 573 1884
573 80 1884
1884 80 573
62 254 1224
254 62 1224
1224 62 254
1945 611 1549
1549 611 1945
611 1549 1945
2160 859 2507
2507 859 2160
859 2160 2507
1910 976 1914
976 1910 1914
1914 976 1910
1750 1213 2591
2591 1213 1750
1213 1750 2591
740 1592 2937
2937 740 1592
1592 740 2937
685 1455 2450
1455 685 2450
2450 685 1455
1320 561 1315
561 1315 1320
1315 561 1320
868 282 2259
282 868 2259
2259 282 868
2633 1289 2076
1289 2076 2633
2076 1289 2633
221 2089 2914
2089 221 2914
2914 221 2089
1180 159 1990
159 1180 1990
1990 159 1180
295 920 1659
920 295 1659
1659 295 920
1859 241 2162
241 1859 2162
2162 241 1859
1092 493 1572
493 1092 1572
1572 493 1092
843 1313 1985
1313 843 1985
1985 843 1313
1546 719 2759
719 1546 2759
2759 719 1546
2717 446 1805
1805 446 2717
446 1805 2717
2794 672 1157
672 1157 2794
1157 672 2794
1970 2734 2963
2963 1970 2734
2734 1970 2963
1177 37 1136
1136 37 1177
37 1136 1177
2203 385 2610
385 2203 2610
2610 385 2203
289 1130 2903
1130 289 2903
2903 289 1130
1400 1332 2131
2131 1332 1400
1332 1400 2131
1588 950 1522
1522 950 1588
950 1522 1588
2946 1587 1796
1796 1587 2946
1587 1796 2946
386 801 840
840 386 801
801 386 840
213 48 1310
48 213 1310
1310 48 213
1163 1043 1874
1043 1163 1874
1874 1043 1163
563 477 1816
1816 477 563
477 563 1816
1079 722 2478
722 1079 2478
2478 722 1079
449 662 2800
662 449 2800
2800 449 662
1155 1006 2242
1006 1155 2242
2242 1006 1155
2515 2003 2332
2003 2332 2515
2332 2003 2515
1456 360 628
628 360 1456
360 628 1456
2240 604 2238
2238 604 2240
604 2238 2240
991 1937 2745
1937 991 2745
2745 991 1937
2268 728 1377
728 1377 2268
1377 728 2268
306 1142 2212
2212 306 1142
1142 306 2212
2655 457 2022
457 2022 2655
2022 457 2655
959 33 2861
33 959 2861
2861 33 959
2032 226 936
226 936 2032
936 226 2032
431 2459 2508
2508 431 2459
2459 431 2508
549 160 1831
1831 160 549
160 549 1831
630 55 2435
2435 55 630
55 630 2435
539 1140 1909
1140 539 1909
1909 539 1140
1149 533 2263
533 1149 2263
2263 533 1149
1187 2169 2178
2178 1187 2169
2169 1187 2178
1579 709 1245
1245 709 1579
709 1245 1579
312 1279 2305
2305 312 1279
1279 312 2305
2573 849 1633
1633 849 2573
849 1633 2573
2275 869 1585
1585 869 2275
869 1585 2275
1491 803 1290
1290 803 1491
803 1290 1491
820 1052 1102
1052 820 1102
1102 820 1052
2674 1081 2516
2516 1081 2674
1081 2516 2674
357 93 1386
93 357 1386
1386 93 357
899 547 2417
547 899 2417
2417 547 899
2214 2004 2342
2004 2214 2342
2342 2004 2214
2956 1208 2822
1208 2822 2956
2822 1208 2956
1512 737 2057
737 1512 2057
2057 737 1512
2409 1309 2247
2247 1309 2409
1309 2247 2409
761 588 1889
1889 588 761
588 761 1889
766 2122 2736
2736 766 2122
2122 766 2736
2928 338 2651
2651 338 2928
338 2651 2928
888 1174 1752
1174 888 1752
1752 888 1174
140 1236 1785
1236 140 1785
1785 140 1236
1307 940 2211
2211 940 1307
940 1307 2211
2662 526 2770
526 2662 2770
2770 526 2662
2484 1186 1261
1186 1261 2484
1261 1186 2484
1485 1822 2525
1822 1485 2525
2525 1485 1822
2181 214 1664
1664 214 2181
214 1664 2181
2448 1630 1823
1630 1823 2448
1823 1630 2448
1930 1776 2380
2380 1776 1930
1776 1930 2380
2690 134 2940
2940 134 2690
134 2690 2940
1366 227 2193
2193 227 1366
227 1366 2193
1403 736 1393
1393 736 1403
736 1393 1403
2013 379 2672
2672 379 2013
379 2013 2672
1217 534 1397
534 1217 1397
1397 534 1217
1827 274 2554
274 1827 2554
2554 274 1827
201 2376 2386
2376 201 2386
2386 201 2376
1145 1173 2016
1173 1145 2016
2016 1145 1173
32 16 2678
16 32 2678
2678 16 32
1907 104 1470
1470 104 1907
104 1470 1907
26 1726 1799
1726 26 1799
1799 26 1726
454 13 1672
1672 13 454
13 454 1672
2233 136 528
136 528 2233
528 136 2233
687 1635 2703
1635 687 2703
2703 687 1635
1692 495 2235
2235 495 1692
495 1692 2235
1622 2377 2699
2377 1622 2699
2699 1622 2377
2623 2312 2622
2312 2622 2623
2622 2312 2623
631 652 2228
652 631 2228
2228 631 652
948 28 2632
28 948 2632
2632 28 948
2991 1110 1564
1564 1110 2991
1110 1564 2991
1920 179 2549
179 1920 2549
2549 179 1920
1894 2586 2981
2981 1894 2586
2586 1894 2981
2338 1123 2810
1123 2338 2810
2810 1123 2338
670 219 763
763 219 670
219 670 763
1475 115 1209
1209 115 1475
115 1209 1475
733 649 886
649 733 886
886 649 733
2145 616 896
616 896 2145
896 616 2145
322 519 2192
519 322 2192
2192 322 519
2396 1231 2437
1231 2396 2437
2437 1231 2396
324 1833 2191
1833 324 2191
2191 324 1833
928 2206 2271
2271 928 2206
2206 928 2271
2066 1666 2391
1666 2066 2391
2391 1666 2066
2957 1298 1689
1298 1689 2957
1689 1298 2957
739 2829 2841
2829 739 2841
2841 739 2829
3000 443 805
805 443 3000
443 805 3000
2977 1219 1590
1590 1219 2977
1219 1590 2977
1578 854 2863
854 1578 2863
2863 854 1578
1230 1428 2737
1428 1230 2737
2737 1230 1428
2001 240 2942
2942 240 2001
240 2001 2942
2955 189 1030
1030 189 2955
189 1030 2955
921 1610 2120
1610 921 2120
2120 921 1610
1882 706 2223
2223 706 1882
706 1882 2223
2950 2094 2154
2094 2154 2950
2154 2094 2950
2395 1555 2644
2644 1555 2395
1555 2395 2644
1334 1916 2210
1916 1334 2210
2210 1334 1916
626 953 2571
953 626 2571
2571 626 953
1344 824 1653
824 1344 1653
1653 824 1344
27 1806 2054
1806 27 2054
2054 27 1806
1638 2096 2165
2096 1638 2165
2165 1638 2096
2576 1515 2584
2584 1515 2576
1515 2576 2584
1064 584 984
584 984 1064
984 584 1064
2251 952 1074
1074 952 2251
952 1074 2251
1918 1631 2244
1631 1918 2244
2244 1631 1918
2973 123 2599
123 2599 2973
2599 123 2973
2454 998 1625
1625 998 2454
998 1625 2454
2972 1616 2490
1616 2490 2972
2490 1616 2972
521 522 2568
2568 521 522
522 521 2568
1192 2413 2998
2413 1192 2998
2998 1192 2413
2333 1032 1879
1879 1032 2333
1032 1879 2333
155 774 860
860 155 774
774 155 860
2817 954 2509
954 2509 2817
2509 954 2817
778 88 217
217 88 778
88 217 778
1922 2176 2524
2176 1922 2524
2524 1922 2176
200 1921 2062
2062 200 1921
1921 200 2062
813 1069 1868
1868 813 1069
1069 813 1868
1120 1251 1967
1251 1120 1967
1967 1120 1251
2006 405 1274
1274 405 2006
405 1274 2006
1312 1602 2442
1602 1312 2442
2442 1312 1602
2753 287 2738
287 2738 2753
2738 287 2753
355 1584 2710
2710 355 1584
1584 355 2710
2562 935 1364
1364 935 2562
935 1364 2562
2675 2550 2930
2930 2550 2675
2550 2675 2930
792 753 1014
753 792 1014
1014 753 792
749 1924 2739
2739 749 1924
1924 749 2739
276 456 2797
2797 276 456
456 276 2797
1390 1510 2226
1510 1390 2226
2226 1390 1510
163 1267 2936
2936 163 1267
1267 163 2936
705 726 2115
726 705 2115
2115 705 726
738 349 893
349 738 893
893 349 738
1656 1256 1532
1532 1256 1656
1256 1532 1656
2671 811 1788
811 1788 2671
1788 811 2671
1683 2349 2891
2349 1683 2891
2891 1683 2349
2137 234 769
769 234 2137
234 769 2137
1860 789 2565
789 1860 2565
2565 789 1860
2249 320 2701
2701 320 2249
320 2249 2701
1414 978 2270
978 1414 2270
2270 978 1414
1040 537 1128
1128 537 1040
537 1040 1128
572 1218 2754
2754 572 1218
1218 572 2754
861 87 2503
2503 87 861
87 861 2503
844 2604 2971
2971 844 2604
2604 844 2971
508 1210 2286
2286 508 1210
1210 508 2286
237 137 1066
1066 137 237
137 237 1066
1489 530 1848
530 1489 1848
1848 530 1489
149 92 1627
92 149 1627
1627 92 149
2394 621 780
780 621 2394
621 780 2394
1932 1165 1760
1165 1760 1932
1760 1165 1932
2613 1039 1786
1786 1039 2613
1039 1786 2613
2687 1704 1727
1727 1704 2687
1704 1727 2687
19 1826 2510
2510 19 1826
1826 19 2510
232 2406 2520
2520 232 2406
2406 232 2520
2506 286 1132
286 1132 2506
1132 286 2506
2298 1700 2926
2926 1700 2298
1700 2298 2926
577 2100 2934
2100 577 2934
2934 577 2100
2353 497 2455
497 2353 2455
2455 497 2353
1303 1447 2074
1447 1303 2074
2074 1303 1447
1581 873 1563
873 1563 1581
1563 873 1581
1538 488 1116
1116 488 1538
488 1116 1538
1249 82 472
472 82 1249
82 472 1249
2925 390 1818
1818 390 2925
390 1818 2925
1181 351 2966
351 1181 2966
2966 351 1181
1051 220 1031
220 1031 1051
1031 220 1051
650 1775 1964
1775 650 1964
1964 650 1775
1644 1080 2222
1080 1644 2222
2222 1080 1644
644 1729 2401
2401 644 1729
1729 644 2401
228 1442 2151
2151 228 1442
1442 228 2151
699 151 2326
151 699 2326
2326 151 699
2047 2283 2958
2283 2047 2958
2958 2047 2283
1345 2159 2677
2159 1345 2677
2677 1345 2159
182 127 2514
127 182 2514
2514 127 182
1237 904 2288
904 1237 2288
2288 904 1237
681 1008 2091
2091 681 1008
1008 681 2091
1036 12 2067
12 1036 2067
2067 12 1036
473 1446 1661
1661 473 1446
1446 473 1661
1407 870 2362
2362 870 1407
870 1407 2362
192 45 2225
45 192 2225
2225 45 192
2087 2482 2519
2482 2087 2519
2519 2087 2482
340 900 1594
900 340 1594
1594 340 900
2513 910 1778
1778 910 2513
910 1778 2513
2694 348 1071
1071 348 2694
348 1071 2694
691 639 1508
1508 639 691
639 691 1508
2088 1552 2065
2065 1552 2088
1552 2065 2088
20 1270 1867
1270 20 1867
1867 20 1270
1013 882 1026
882 1013 1026
1026 882 1013
1359 412 1523
412 1359 1523
1523 412 1359
67 244 2961
244 67 2961
2961 67 244
2541 79 2749
79 2541 2749
2749 79 2541
2762 373 905
905 373 2762
373 905 2762
1119 1370 2138
1370 1119 2138
2138 1119 1370
2379 271 374
374 271 2379
271 374 2379
389 1291 2904
2904 389 1291
1291 389 2904
2975 2207 2986
2986 2207 2975
2207 2975 2986
2635 382 2857
382 2635 2857
2857 382 2635
1699 1643 2964
2964 1643 1699
1643 1699 2964
1959 1077 1392
1077 1392 1959
1392 1077 1959
855 2959 2978
2978 855 2959
2959 855 2978
1969 1468 1612
1612 1468 1969
1468 1612 1969
999 170 777
170 777 999
777 170 999
1316 1156 2724
1156 1316 2724
2724 1156 1316
567 898 2434
2434 567 898
898 567 2434
511 1658 2166
2166 511 1658
1658 511 2166
1639 310 653
653 310 1639
310 653 1639
1115 1131 1709
1131 1115 1709
1709 1115 1131
175 112 2486
2486 112 175
112 175 2486
2605 673 1935
1935 673 2605
673 1935 2605
1754 1126 2008
1126 1754 2008
2008 1126 1754
710 2367 2943
2367 710 2943
2943 710 2367
2041 714 1215
714 1215 2041
1215 714 2041
1784 677 941
941 677 1784
677 941 1784
2537 177 2548
2548 177 2537
177 2537 2548
897 30 1787
1787 30 897
30 897 1787
734 525 2859
525 734 2859
2859 525 734
1553 502 2580
2580 502 1553
502 1553 2580
264 1473 2680
2680 264 1473
1473 264 2680
325 2258 2783
2258 325 2783
2783 325 2258
362 1216 2064
2064 362 1216
1216 362 2064
1864 654 2278
654 1864 2278
2278 654 1864
1637 103 461
461 103 1637
103 461 1637
1133 328 2444
2444 328 1133
328 1133 2444
515 718 1885
1885 515 718
718 515 1885
162 352 2708
352 162 2708
2708 162 352
2291 2179 2842
2179 2291 2842
2842 2179 2291
158 1556 2806
2806 158 1556
1556 158 2806
1214 760 2909
2909 760 1214
760 1214 2909
2570 790 1617
1617 790 2570
790 1617 2570
2055 1146 2090
2090 1146 2055
1146 2055 2090
2411 73 1747
1747 73 2411
73 1747 2411
1197 1082 1518
1082 1197 1518
1518 1082 1197
1569 142 2202
2202 142 1569
142 1569 2202
704 657 1624
1624 657 704
657 704 1624
53 614 1810
614 53 1810
1810 53 614
248 1360 2669
1360 248 2669
2669 248 1360
2164 1083 2944
1083 2164 2944
2944 1083 2164
1504 275 688
275 688 1504
688 275 1504
830 95 1927
95 830 1927
1927 95 830
2878 907 1378
907 1378 2878
1378 907 2878
2612 1517 1991
1991 1517 2612
1517 1991 2612
1062 418 2248
418 1062 2248
2248 418 1062
2725 2273 2561
2273 2561 2725
2561 2273 2725
878 590 2782
590 878 2782
2782 590 878
470 57 791
791 57 470
57 470 791
570 627 694
694 570 627
627 570 694
245 242 2491
242 245 2491
2491 242 245
1416 101 1735
1735 101 1416
101 1416 1735
1603 466 832
832 466 1603
466 832 1603
146 568 2127
568 146 2127
2127 146 568
2869 188 606
606 188 2869
188 606 2869
1498 1385 2598
1385 1498 2598
2598 1385 1498
280 1164 1591
1591 280 1164
1164 280 1591
2195 968 2949
2949 968 2195
968 2195 2949
2408 90 2436
2436 90 2408
90 2408 2436
2645 663 1773
663 1773 2645
1773 663 2645
432 1280 1680
1280 432 1680
1680 432 1280
1007 1712 2855
2855 1007 1712
1712 1007 2855
735 365 403
365 403 735
403 365 735
1292 1111 2714
1111 1292 2714
2714 1111 1292
2530 2502 2666
2666 2502 2530
2502 2530 2666
2979 1244 2215
1244 2215 2979
2215 1244 2979
2363 406 2262
406 2262 2363
2262 406 2363
624 216 1361
1361 216 624
216 624 1361
721 183 2101
2101 183 721
183 721 2101
2010 126 2967
2967 126 2010
126 2010 2967
2422 1196 1715
1196 1715 2422
1715 1196 2422
510 261 2653
2653 261 510
261 510 2653
1161 490 2688
490 1161 2688
2688 490 1161
1314 302 1294
1294 302 1314
302 1294 1314
1794 1276 2634
2634 1276 1794
1276 1794 2634
2989 361 2775
2775 361 2989
361 2775 2989
85 410 2152
2152 85 410
410 85 2152
1772 402 1017
402 1017 1772
1017 402 1772
272 617 2528
617 272 2528
2528 272 617
924 267 1944
1944 267 924
267 924 1944
215 436 2532
2532 215 436
436 215 2532
664 195 2043
2043 195 664
195 664 2043
425 1570 2893
2893 425 1570
1570 425 2893
2199 397 2157
2157 397 2199
397 2157 2199
2807 75 2787
2787 75 2807
75 2787 2807
944 468 1323
468 944 1323
1323 468 944
2625 364 2827
2827 364 2625
364 2625 2827
366 513 2927
2927 366 513
513 366 2927
157 647 1694
647 157 1694
1694 157 647
2231 202 2104
202 2104 2231
2104 202 2231
455 1044 1963
1044 455 1963
1963 455 1044
339 3 2319
2319 3 339
3 339 2319
2335 2144 2692
2692 2144 2335
2144 2335 2692
2189 2808 2902
2902 2189 2808
2808 2189 2902
934 291 1127
291 934 1127
1127 291 934
1817 1206 1398
1398 1206 1817
1206 1398 1817
716 1159 1567
1159 716 1567
1567 716 1159
1037 394 1886
394 1037 1886
1886 394 1037
2451 1034 2976
1034 2451 2976
2976 1034 2451
2446 204 1539
1539 204 2446
204 1539 2446
2297 908 1305
1305 908 2297
908 1305 2297
2945 47 741
741 47 2945
47 741 2945
1757 1830 2984
2984 1757 1830
1830 1757 2984
906 1632 2815
2815 906 1632
1632 906 2815
1942 2410 2721
2410 1942 2721
2721 1942 2410
2124 1646 1996
1646 1996 2124
1996 1646 2124
578 1792 2040
2040 578 1792
1792 578 2040
1394 1534 2194
1534 1394 2194
2194 1394 1534
1193 787 1550
1550 787 1193
787 1193 1550
2894 2723 2809
2809 2723 2894
2723 2809 2894
2425 460 2831
2831 460 2425
460 2425 2831
2790 1086 1317
1317 1086 2790
1086 1317 2790
419 1023 2374
2374 419 1023
1023 419 2374
2559 381 1667
1667 381 2559
381 1667 2559
960 2412 2546
2546 960 2412
2412 960 2546
475 51 923
923 51 475
51 475 923
1777 1391 2833
2833 1391 1777
1391 1777 2833
2679 1759 2542
1759 2542 2679
2542 1759 2679
1129 609 1973
1973 609 1129
609 1129 1973
207 479 2488
2488 207 479
479 207 2488
545 2728 2922
2922 545 2728
2728 545 2922
2523 1554 2310
2310 1554 2523
1554 2310 2523
2186 133 1105
133 1105 2186
1105 133 2186
2330 1100 1438
1438 1100 2330
1100 1438 2330
1018 862 1348
862 1018 1348
1348 862 1018
1469 512 802
802 512 1469
512 802 1469
375 404 1085
1085 375 404
404 375 1085
1641 420 2582
420 1641 2582
2582 420 1641
2879 2234 2540
2540 2234 2879
2234 2540 2879
2109 17 1887
1887 17 2109
17 1887 2109
1384 313 1463
1463 313 1384
313 1384 1463
2792 1375 1673
1375 1673 2792
1673 1375 2792
1028 94 1499
1499 94 1028
94 1028 1499
723 2135 2637
2135 723 2637
2637 723 2135
1997 595 2974
595 1997 2974
2974 595 1997
2161 1657 2431
2431 1657 2161
1657 2161 2431
2102 562 956
956 562 2102
562 956 2102
2293 506 1258
1258 506 2293
506 1258 2293
1647 2280 2365
2280 1647 2365
2365 1647 2280
1019 819 1780
819 1019 1780
1780 819 1019
2626 600 1795
600 1795 2626
1795 600 2626
2766 524 1090
524 1090 2766
1090 524 2766
194 29 1029
29 194 1029
1029 29 194
2351 1387 1474
1474 1387 2351
1387 1474 2351
720 2188 2324
2324 720 2188
2188 720 2324
2402 395 1458
1458 395 2402
395 1458 2402
1697 2686 2953
2686 1697 2953
2953 1697 2686
408 596 640
640 408 596
596 408 640
2185 607 1350
1350 607 2185
607 1350 2185
1338 350 566
350 566 1338
566 350 1338
2709 580 1002
580 1002 2709
