18463 16792 29855
16792 18463 29855
29855 16792 18463
27860 4880 9567
9567 4880 27860
4880 9567 27860
29954 16038 29263
16038 29263 29954
29263 16038 29954
11733 23513 24268
24268 11733 23513
23513 11733 24268
22347 20129 23012
20129 22347 23012
23012 20129 22347
5656 14957 20571
14957 5656 20571
20571 5656 14957
9230 18390 25218
25218 9230 18390
18390 9230 25218
20776 13359 27228
27228 13359 20776
13359 20776 27228
10422 4 6568
4 6568 10422
6568 4 10422
27436 15806 28841
28841 15806 27436
15806 27436 28841
9339 10413 15222
10413 9339 15222
15222 9339 10413
19014 13571 17501
17501 13571 19014
13571 17501 19014
15970 16951 18805
16951 15970 18805
18805 15970 16951
14676 21328 27325
27325 14676 21328
21328 14676 27325
29928 25521 26222
25521 26222 29928
26222 25521 29928
5231 3545 13694
3545 5231 13694
13694 3545 5231
15967 6359 17940
6359 15967 17940
17940 6359 15967
4376 7732 16451
7732 4376 16451
16451 4376 7732
2243 10587 14813
10587 2243 14813
14813 2243 10587
22843 13976 16241
13976 16241 22843
16241 13976 22843
24537 24817 25573
24817 24537 25573
25573 24537 24817
2502 3495 5104
5104 2502 3495
3495 2502 5104
20110 21516 22057
22057 20110 21516
21516 20110 22057
805 19935 22011
19935 805 22011
22011 805 19935
8695 9566 20296
20296 8695 9566
9566 8695 20296
11927 224 10700
10700 224 11927
224 10700 11927
11762 17921 24718
17921 11762 24718
24718 11762 17921
1928 5890 13776
13776 1928 5890
5890 1928 13776
19368 17062 17199
17062 17199 19368
17199 17062 19368
3570 8040 12797
8040 3570 12797
12797 3570 8040
22676 20252 21439
21439 20252 22676
20252 21439 22676
13552 14997 22853
14997 13552 22853
22853 13552 14997
19760 9246 27372
9246 19760 27372
27372 9246 19760
7873 10581 22547
22547 7873 10581
10581 7873 22547
29860 1773 22068
22068 1773 29860
1773 22068 29860
28234 5418 22904
22904 5418 28234
5418 22904 28234
10941 4537 24521
24521 4537 10941
4537 10941 24521
13777 4499 26663
26663 4499 13777
4499 13777 26663
19807 11982 24251
24251 11982 19807
11982 19807 24251
2066 803 12929
12929 803 2066
803 2066 12929
20397 8168 10862
10862 8168 20397
8168 10862 20397
7295 1136 25386
25386 1136 7295
1136 7295 25386
22345 12326 22775
22775 12326 22345
12326 22345 22775
9035 23614 26776
26776 9035 23614
23614 9035 26776
13288 9111 22412
9111 13288 22412
22412 9111 13288
20965 12560 28438
28438 12560 20965
12560 20965 28438
26692 7640 13901
7640 13901 26692
13901 7640 26692
15525 124 27089
124 15525 27089
27089 124 15525
16289 10780 27151
27151 10780 16289
10780 16289 27151
7123 13600 18686
13600 7123 18686
18686 7123 13600
3097 13321 24419
13321 3097 24419
24419 3097 13321
29163 19470 28238
28238 19470 29163
19470 28238 29163
2569 12868 19656
19656 2569 12868
12868 2569 19656
7024 7714 26184
26184 7024 7714
7714 7024 26184
2467 17587 22185
22185 2467 17587
17587 2467 22185
16421 6496 26667
6496 16421 26667
26667 6496 16421
24193 19310 28895
28895 19310 24193
19310 24193 28895
6109 10462 16923
10462 6109 16923
16923 6109 10462
16133 13792 24146
13792 16133 24146
24146 13792 16133
24592 16457 20157
16457 20157 24592
20157 16457 24592
14893 8014 24210
24210 8014 14893
8014 14893 24210
13688 2137 22129
22129 2137 13688
2137 13688 22129
2540 1011 16497
1011 2540 16497
16497 1011 2540
4796 11869 26024
26024 4796 11869
11869 4796 26024
26136 1311 5057
1311 5057 26136
5057 1311 26136
1863 13412 20853
20853 1863 13412
13412 1863 20853
26995 1015 2803
2803 1015 26995
1015 2803 26995
17334 1256 22313
1256 17334 22313
22313 1256 17334
24367 17230 25717
17230 24367 25717
25717 17230 24367
21259 13657 28282
13657 21259 28282
28282 13657 21259
27186 2161 25507
2161 25507 27186
25507 2161 27186
3116 7379 18242
7379 3116 18242
18242 3116 7379
9783 3199 5395
3199 5395 9783
5395 3199 9783
15101 9985 10127
10127 9985 15101
9985 10127 15101
5908 773 24138
773 5908 24138
24138 773 5908
21546 13391 14132
13391 14132 21546
14132 13391 21546
19335 7504 28640
28640 7504 19335
7504 19335 28640
27183 10242 23955
23955 10242 27183
10242 23955 27183
17773 12493 28528
12493 17773 28528
28528 12493 17773
15770 9731 25429
9731 15770 25429
25429 9731 15770
11748 15037 20323
15037 11748 20323
20323 11748 15037
27572 12025 24315
24315 12025 27572
12025 24315 27572
25916 481 20913
20913 481 25916
481 20913 25916
2193 6898 28720
28720 2193 6898
6898 2193 28720
28399 690 9225
690 9225 28399
9225 690 28399
19596 2954 7540
2954 7540 19596
7540 2954 19596
12911 8108 25353
8108 12911 25353
25353 8108 12911
7531 3609 16667
16667 3609 7531
3609 7531 16667
326 7321 19580
7321 326 19580
19580 326 7321
7702 4159 29642
4159 7702 29642
29642 4159 7702
26019 1132 14727
14727 1132 26019
1132 14727 26019
23813 1587 3754
3754 1587 23813
1587 3754 23813
28538 3283 9842
9842 3283 28538
3283 9842 28538
14968 2428 3735
3735 2428 14968
2428 3735 14968
13592 9134 23263
9134 13592 23263
23263 9134 13592
3870 11864 29100
11864 3870 29100
29100 3870 11864
16266 8299 15122
15122 8299 16266
8299 15122 16266
8871 9697 26833
9697 8871 26833
26833 8871 9697
28479 21887 29136
29136 21887 28479
21887 28479 29136
25389 2799 26134
2799 25389 26134
26134 2799 25389
29509 16279 26737
26737 16279 29509
16279 26737 29509
20420 11222 29251
29251 11222 20420
11222 20420 29251
3482 171 5439
171 3482 5439
5439 171 3482
27523 8209 14516
14516 8209 27523
8209 14516 27523
2875 5273 8917
8917 2875 5273
5273 2875 8917
26291 26425 28630
28630 26291 26425
26425 26291 28630
18286 14935 18138
14935 18138 18286
18138 14935 18286
20172 6881 26794
6881 20172 26794
26794 6881 20172
13823 16112 27008
27008 13823 16112
16112 13823 27008
3676 5278 16837
16837 3676 5278
5278 3676 16837
19009 9834 20248
9834 19009 20248
20248 9834 19009
20813 981 21840
21840 981 20813
981 20813 21840
26268 9808 23358
9808 23358 26268
23358 9808 26268
814 7950 8092
7950 814 8092
8092 814 7950
17286 17796 24783
24783 17286 17796
17796 17286 24783
22958 9276 23655
9276 22958 23655
23655 9276 22958
20001 25679 27209
27209 20001 25679
25679 20001 27209
23285 17577 20888
20888 17577 23285
17577 20888 23285
6011 23585 27545
27545 6011 23585
23585 6011 27545
7721 21224 26837
26837 7721 21224
21224 7721 26837
6364 4076 19044
4076 6364 19044
19044 4076 6364
15925 14673 25103
14673 15925 25103
25103 14673 15925
21050 11114 18304
11114 18304 21050
18304 11114 21050
23699 12514 24342
12514 23699 24342
24342 12514 23699
17681 1555 25746
25746 1555 17681
1555 17681 25746
21757 10224 10914
10914 10224 21757
10224 10914 21757
10375 4057 22173
4057 10375 22173
22173 4057 10375
16738 1792 13335
1792 13335 16738
13335 1792 16738
10578 573 20063
20063 573 10578
573 10578 20063
12953 8524 11791
8524 11791 12953
11791 8524 12953
11361 5928 17394
17394 5928 11361
5928 11361 17394
11196 26793 27487
27487 11196 26793
26793 11196 27487
22353 10954 26954
10954 22353 26954
26954 10954 22353
9583 11166 23256
11166 9583 23256
23256 9583 11166
3701 4608 16200
4608 3701 16200
16200 3701 4608
1168 5856 7465
7465 1168 5856
5856 1168 7465
12297 17113 20893
17113 12297 20893
20893 12297 17113
9875 14301 21061
21061 9875 14301
14301 9875 21061
28250 13132 28939
28939 13132 28250
13132 28250 28939
16746 4752 11928
11928 4752 16746
4752 11928 16746
14190 7936 17500
17500 7936 14190
7936 14190 17500
25915 4831 17761
4831 17761 25915
17761 4831 25915
19782 2974 26481
26481 2974 19782
2974 19782 26481
28764 10071 27348
10071 27348 28764
27348 10071 28764
10534 1803 5165
5165 1803 10534
1803 5165 10534
11860 7483 12654
7483 11860 12654
12654 7483 11860
25381 20608 25884
25884 20608 25381
20608 25381 25884
2432 3476 7536
7536 2432 3476
3476 2432 7536
26984 4035 15092
4035 15092 26984
15092 4035 26984
722 3977 5567
5567 722 3977
3977 722 5567
16768 18853 28257
18853 16768 28257
28257 16768 18853
26147 6712 28813
28813 6712 26147
6712 26147 28813
22246 12075 17524
12075 17524 22246
17524 12075 22246
14067 4899 10278
4899 10278 14067
10278 4899 14067
12241 871 20173
871 12241 20173
20173 871 12241
4750 9997 22219
22219 4750 9997
9997 4750 22219
11047 19729 27343
27343 11047 19729
19729 11047 27343
28378 15890 20801
20801 15890 28378
15890 20801 28378
27536 23638 26288
26288 23638 27536
23638 26288 27536
14786 4459 19724
19724 4459 14786
4459 14786 19724
22155 9906 21807
21807 9906 22155
9906 21807 22155
13557 4980 18726
4980 13557 18726
18726 4980 13557
2646 12717 25973
25973 2646 12717
12717 2646 25973
4695 230 15022
15022 230 4695
230 4695 15022
26614 9456 21742
21742 9456 26614
9456 21742 26614
10701 7244 20713
7244 10701 20713
20713 7244 10701
22310 15735 29016
29016 15735 22310
15735 22310 29016
16190 4862 12253
12253 4862 16190
4862 12253 16190
10455 5797 14435
5797 10455 14435
14435 5797 10455
25208 4938 12303
4938 12303 25208
12303 4938 25208
11349 3431 26284
3431 11349 26284
26284 3431 11349
3694 19370 29604
19370 3694 29604
29604 3694 19370
22158 12299 19081
19081 12299 22158
12299 19081 22158
20188 6008 18139
6008 18139 20188
18139 6008 20188
9303 3844 25342
25342 3844 9303
3844 9303 25342
29329 12840 24303
12840 24303 29329
24303 12840 29329
20097 4354 16591
16591 4354 20097
4354 16591 20097
5077 7539 27624
7539 5077 27624
27624 5077 7539
23468 16391 19789
16391 19789 23468
19789 16391 23468
29941 6398 12491
6398 12491 29941
12491 6398 29941
11247 13263 14604
13263 11247 14604
14604 11247 13263
6298 1146 10420
1146 6298 10420
10420 1146 6298
8903 1080 19980
19980 1080 8903
1080 8903 19980
10650 21223 28205
28205 10650 21223
21223 10650 28205
17417 10696 21503
10696 17417 21503
21503 10696 17417
16990 10350 29779
29779 10350 16990
10350 16990 29779
22753 3539 14006
3539 14006 22753
14006 3539 22753
3127 11984 22110
22110 3127 11984
11984 3127 22110
17137 17729 28784
17729 17137 28784
28784 17137 17729
15464 2711 25578
25578 2711 15464
2711 15464 25578
24765 12942 29233
12942 24765 29233
29233 12942 24765
19492 2068 2593
2068 2593 19492
2593 2068 19492
11516 175 16144
175 11516 16144
16144 175 11516
6837 17573 29868
17573 6837 29868
29868 6837 17573
3681 15423 26273
15423 3681 26273
26273 3681 15423
10481 9534 26545
26545 9534 10481
9534 10481 26545
6406 12407 14660
12407 6406 14660
14660 6406 12407
23234 1979 7913
1979 7913 23234
7913 1979 23234
6639 4600 15371
4600 6639 15371
15371 4600 6639
6707 3379 18000
3379 6707 18000
18000 3379 6707
26255 7952 24161
7952 24161 26255
24161 7952 26255
8775 3793 29593
29593 3793 8775
3793 8775 29593
2029 14105 22886
22886 2029 14105
14105 2029 22886
15673 23744 29160
23744 15673 29160
29160 15673 23744
21781 13987 27274
27274 13987 21781
13987 21781 27274
13729 5008 16769
5008 13729 16769
16769 5008 13729
16933 14705 24687
24687 14705 16933
14705 16933 24687
20237 660 8782
660 8782 20237
8782 660 20237
26839 1487 18788
1487 18788 26839
18788 1487 26839
673 3851 28102
28102 673 3851
3851 673 28102
25118 16051 27986
16051 25118 27986
27986 16051 25118
5508 12110 16651
12110 5508 16651
16651 5508 12110
16021 16666 21859
16666 16021 21859
21859 16021 16666
27686 4229 27896
27896 4229 27686
4229 27686 27896
3287 19162 24694
24694 3287 19162
19162 3287 24694
29531 1291 3427
3427 1291 29531
1291 3427 29531
26042 8597 24072
8597 24072 26042
24072 8597 26042
24408 2210 10988
2210 10988 24408
10988 2210 24408
9286 7826 16136
7826 9286 16136
16136 7826 9286
29046 286 22138
286 22138 29046
22138 286 29046
13028 16243 23876
16243 13028 23876
23876 13028 16243
11226 7960 22105
22105 7960 11226
7960 11226 22105
3168 14438 28645
28645 3168 14438
14438 3168 28645
22699 5176 14360
14360 5176 22699
5176 14360 22699
10164 10133 11701
10133 10164 11701
11701 10133 10164
22538 4852 14219
14219 4852 22538
4852 14219 22538
922 5869 21181
5869 922 21181
21181 922 5869
14291 3787 23113
3787 14291 23113
23113 3787 14291
11811 4740 19704
19704 4740 11811
4740 11811 19704
3728 1030 20846
20846 1030 3728
1030 3728 20846
23719 21545 23224
23224 21545 23719
21545 23224 23719
3845 3011 25663
3011 3845 25663
25663 3011 3845
8757 19422 26272
26272 8757 19422
19422 8757 26272
12739 26299 26906
26906 12739 26299
26299 12739 26906
26721 16637 18154
18154 16637 26721
16637 18154 26721
29572 623 6386
6386 623 29572
623 6386 29572
18145 2715 7122
7122 2715 18145
2715 7122 18145
10919 12291 14179
14179 10919 12291
12291 10919 14179
28706 10119 18113
18113 10119 28706
10119 18113 28706
16631 6166 9865
6166 9865 16631
9865 6166 16631
25074 4719 7667
4719 7667 25074
7667 4719 25074
21862 12744 24843
12744 21862 24843
24843 12744 21862
6644 2664 22474
2664 6644 22474
22474 2664 6644
12805 15135 18373
18373 12805 15135
15135 12805 18373
14149 14644 20524
20524 14149 14644
14644 14149 20524
16620 8345 20138
20138 8345 16620
8345 16620 20138
25619 7752 26872
7752 25619 26872
26872 7752 25619
470 17185 26584
26584 470 17185
17185 470 26584
2367 3953 23411
3953 2367 23411
23411 2367 3953
7390 20681 24240
20681 7390 24240
24240 7390 20681
2107 17409 26190
26190 2107 17409
17409 2107 26190
29658 12812 25585
25585 12812 29658
12812 25585 29658
758 2234 3849
3849 758 2234
2234 758 3849
9593 1881 23402
23402 1881 9593
1881 9593 23402
22688 22115 29014
22115 22688 29014
29014 22115 22688
11217 16023 23090
16023 11217 23090
23090 11217 16023
13399 3424 20680
3424 13399 20680
20680 3424 13399
17312 7495 11899
11899 7495 17312
7495 11899 17312
872 4767 18856
18856 872 4767
4767 872 18856
16478 5182 23494
5182 16478 23494
23494 5182 16478
13023 16630 25297
16630 13023 25297
25297 13023 16630
5582 21101 28818
28818 5582 21101
21101 5582 28818
9473 19550 26435
19550 9473 26435
26435 9473 19550
8010 14582 19669
14582 8010 19669
19669 8010 14582
28566 1300 23914
1300 23914 28566
23914 1300 28566
21515 2163 13456
13456 2163 21515
2163 13456 21515
11687 741 18651
741 11687 18651
18651 741 11687
8902 13995 18833
13995 8902 18833
18833 8902 13995
2113 22801 29319
22801 2113 29319
29319 2113 22801
2264 15075 28709
28709 2264 15075
15075 2264 28709
23691 15757 19170
19170 15757 23691
15757 19170 23691
24666 2670 14564
14564 2670 24666
2670 14564 24666
8676 9305 13643
13643 8676 9305
9305 8676 13643
22181 16657 29688
16657 22181 29688
29688 16657 22181
5186 1794 14854
14854 1794 5186
1794 5186 14854
24451 3682 23034
23034 3682 24451
3682 23034 24451
3556 16610 29670
16610 3556 29670
29670 3556 16610
22531 13771 15823
15823 13771 22531
13771 15823 22531
11782 9961 23348
23348 9961 11782
9961 11782 23348
6256 2145 23509
2145 6256 23509
23509 2145 6256
14188 1133 12426
1133 12426 14188
12426 1133 14188
21335 12874 27936
12874 21335 27936
27936 12874 21335
19227 2672 26968
26968 2672 19227
2672 19227 26968
21897 3048 21533
3048 21533 21897
21533 3048 21897
7886 7728 21397
21397 7728 7886
7728 7886 21397
12318 18109 18366
18109 12318 18366
18366 12318 18109
19649 5956 18001
5956 18001 19649
18001 5956 19649
20566 504 13368
504 13368 20566
13368 504 20566
4498 11774 21936
21936 4498 11774
11774 4498 21936
21325 22651 24259
24259 21325 22651
22651 21325 24259
19460 385 6197
385 6197 19460
6197 385 19460
13352 2457 14829
2457 13352 14829
14829 2457 13352
10446 13432 15707
15707 10446 13432
13432 10446 15707
27795 1647 16083
1647 16083 27795
16083 1647 27795
10156 12123 16043
16043 10156 12123
12123 10156 16043
22354 1457 4132
4132 1457 22354
1457 4132 22354
11125 14537 22098
14537 11125 22098
22098 11125 14537
12307 13249 16552
13249 12307 16552
16552 12307 13249
1753 242 25693
242 1753 25693
25693 242 1753
24435 3362 13706
3362 13706 24435
13706 3362 24435
19303 4107 20364
20364 4107 19303
4107 19303 20364
7975 24481 27918
24481 7975 27918
27918 7975 24481
18173 1777 26318
1777 18173 26318
26318 1777 18173
16191 14065 14998
14065 14998 16191
14998 14065 16191
21867 6732 25856
6732 21867 25856
25856 6732 21867
18133 13267 29521
13267 18133 29521
29521 13267 18133
10162 4481 13713
13713 4481 10162
4481 10162 13713
6579 5959 27153
5959 6579 27153
27153 5959 6579
10974 11508 14695
14695 10974 11508
11508 10974 14695
25002 1769 21053
21053 1769 25002
1769 21053 25002
3374 4526 11110
11110 3374 4526
4526 3374 11110
27746 7297 7786
7297 7786 27746
7786 7297 27746
10053 16226 27568
27568 10053 16226
16226 10053 27568
10630 26723 27001
26723 10630 27001
27001 10630 26723
1982 23820 29452
29452 1982 23820
23820 1982 29452
15621 144 22019
22019 144 15621
144 15621 22019
8195 14247 16058
14247 8195 16058
16058 8195 14247
13500 4951 15140
4951 13500 15140
15140 4951 13500
9065 4846 8819
8819 4846 9065
4846 8819 9065
12395 20112 22601
20112 12395 22601
22601 12395 20112
7218 7335 27781
27781 7218 7335
7335 7218 27781
29836 7175 26828
7175 26828 29836
26828 7175 29836
338 7507 20280
7507 338 20280
20280 338 7507
5421 283 6149
283 5421 6149
6149 283 5421
11565 1273 25236
25236 1273 11565
1273 11565 25236
5150 9877 10473
10473 5150 9877
9877 5150 10473
28145 25851 28997
25851 28145 28997
28997 25851 28145
19312 4720 19820
4720 19312 19820
19820 4720 19312
14223 7546 12180
7546 12180 14223
12180 7546 14223
13931 1989 17253
1989 13931 17253
17253 1989 13931
21188 107 29222
107 21188 29222
29222 107 21188
1605 13266 29080
13266 1605 29080
29080 1605 13266
16207 19239 21616
19239 16207 21616
21616 16207 19239
11018 21317 27339
21317 11018 27339
27339 11018 21317
819 9682 26600
9682 819 26600
26600 819 9682
12972 17059 24349
17059 12972 24349
24349 12972 17059
5972 2480 6039
6039 2480 5972
2480 5972 6039
18284 18670 24559
18670 18284 24559
24559 18284 18670
7768 8566 15632
15632 7768 8566
8566 7768 15632
6017 10097 24543
10097 6017 24543
24543 6017 10097
17115 78 24813
78 17115 24813
24813 78 17115
23076 3667 12916
12916 3667 23076
3667 12916 23076
6618 22674 29681
29681 6618 22674
22674 6618 29681
2772 2731 27086
27086 2731 2772
2731 2772 27086
2541 1633 16898
1633 2541 16898
16898 1633 2541
7939 18283 25880
18283 7939 25880
25880 7939 18283
26765 8690 11531
11531 8690 26765
8690 11531 26765
8606 10049 11846
11846 8606 10049
10049 8606 11846
795 32 11459
11459 32 795
32 795 11459
9203 13827 20500
13827 9203 20500
20500 9203 13827
19793 20283 25926
25926 19793 20283
20283 19793 25926
1534 1687 16293
16293 1534 1687
1687 1534 16293
9890 903 24046
24046 903 9890
903 9890 24046
12009 25654 29144
25654 12009 29144
29144 12009 25654
20692 1371 27738
1371 20692 27738
27738 1371 20692
11334 1169 5133
1169 5133 11334
5133 1169 11334
4680 26802 28888
28888 4680 26802
26802 4680 28888
11294 17016 24958
17016 11294 24958
24958 11294 17016
13698 8329 17762
8329 13698 17762
17762 8329 13698
23684 20592 28131
28131 20592 23684
20592 23684 28131
27451 10426 25322
25322 10426 27451
10426 25322 27451
836 6867 10692
6867 836 10692
10692 836 6867
9119 16362 23158
23158 9119 16362
16362 9119 23158
16319 9839 23943
9839 16319 23943
23943 9839 16319
15236 170 19876
170 15236 19876
19876 170 15236
14008 6165 22009
6165 14008 22009
22009 6165 14008
11477 9889 21342
9889 11477 21342
21342 9889 11477
1075 19339 25941
25941 1075 19339
19339 1075 25941
29643 293 5387
293 5387 29643
5387 293 29643
23018 679 4993
679 4993 23018
4993 679 23018
15822 12871 13990
12871 13990 15822
13990 12871 15822
6082 8347 21945
8347 6082 21945
21945 6082 8347
24222 20624 20634
20624 20634 24222
20634 20624 24222
3815 4781 11088
11088 3815 4781
4781 3815 11088
7375 9681 23550
9681 7375 23550
23550 7375 9681
27262 20745 27224
20745 27224 27262
27224 20745 27262
10597 933 10121
10121 933 10597
933 10121 10597
3125 28268 29686
29686 3125 28268
28268 3125 29686
1762 5650 26304
26304 1762 5650
5650 1762 26304
8284 12676 26619
26619 8284 12676
12676 8284 26619
5769 15799 23031
23031 5769 15799
15799 5769 23031
2101 17731 25101
25101 2101 17731
17731 2101 25101
7118 11190 19725
11190 7118 19725
19725 7118 11190
5158 21948 24701
24701 5158 21948
21948 5158 24701
22453 3231 15918
15918 3231 22453
3231 15918 22453
29615 5835 12561
5835 12561 29615
12561 5835 29615
11335 16115 27044
16115 11335 27044
27044 11335 16115
18762 14477 20125
20125 14477 18762
14477 18762 20125
15343 3534 26078
3534 15343 26078
26078 3534 15343
15372 13924 20328
20328 13924 15372
13924 15372 20328
1412 7266 18330
7266 1412 18330
18330 1412 7266
151 11493 18410
18410 151 11493
11493 151 18410
22822 2322 4404
2322 4404 22822
4404 2322 22822
12062 13316 14304
14304 12062 13316
13316 12062 14304
14835 11391 18797
18797 11391 14835
11391 14835 18797
17918 12661 17191
17191 12661 17918
12661 17191 17918
14196 24788 29389
24788 14196 29389
29389 14196 24788
27270 7818 29548
29548 7818 27270
7818 27270 29548
25519 13169 29731
13169 25519 29731
29731 13169 25519
18426 1268 29294
1268 18426 29294
29294 1268 18426
2440 15119 21074
21074 2440 15119
15119 2440 21074
28363 7924 9940
7924 9940 28363
9940 7924 28363
14875 987 15591
15591 987 14875
987 14875 15591
19973 4167 29702
29702 4167 19973
4167 19973 29702
1510 11165 27035
11165 1510 27035
27035 1510 11165
12147 3310 17407
17407 3310 12147
3310 12147 17407
14547 13750 20770
20770 13750 14547
13750 14547 20770
15026 20612 22260
20612 15026 22260
22260 15026 20612
6239 720 10175
10175 720 6239
720 6239 10175
6874 19405 28802
28802 6874 19405
19405 6874 28802
13309 1558 18950
1558 13309 18950
18950 1558 13309
6713 4670 11069
4670 6713 11069
11069 4670 6713
8174 14757 28689
14757 8174 28689
28689 8174 14757
20059 15311 16218
16218 15311 20059
15311 16218 20059
21175 21272 24317
21272 21175 24317
24317 21175 21272
22178 6540 18128
18128 6540 22178
6540 18128 22178
20555 1434 26664
1434 20555 26664
26664 1434 20555
26691 3319 8821
8821 3319 26691
3319 8821 26691
23596 16648 18529
16648 18529 23596
18529 16648 23596
27893 8370 13024
8370 13024 27893
13024 8370 27893
19430 5245 22127
5245 19430 22127
22127 5245 19430
16050 426 15811
15811 426 16050
426 15811 16050
19529 25068 25179
25068 19529 25179
25179 19529 25068
22640 1551 5721
5721 1551 22640
1551 5721 22640
17754 1639 18584
18584 1639 17754
1639 17754 18584
25220 3396 11789
11789 3396 25220
3396 11789 25220
28899 3583 10001
10001 3583 28899
3583 10001 28899
19367 7039 26701
26701 7039 19367
7039 19367 26701
26808 22786 24307
24307 22786 26808
22786 24307 26808
11014 6833 9800
6833 9800 11014
9800 6833 11014
784 5608 6599
5608 784 6599
6599 784 5608
6121 15179 22137
22137 6121 15179
15179 6121 22137
11050 14154 18978
14154 11050 18978
18978 11050 14154
18260 27340 29359
27340 18260 29359
29359 18260 27340
26902 5969 20453
5969 20453 26902
20453 5969 26902
7374 7817 16529
16529 7374 7817
7817 7374 16529
24779 13988 29532
13988 24779 29532
29532 13988 24779
5642 663 1741
663 1741 5642
1741 663 5642
19540 669 2043
669 2043 19540
2043 669 19540
683 3387 16547
16547 683 3387
3387 683 16547
21663 8615 11814
11814 8615 21663
8615 11814 21663
6905 18159 23054
18159 6905 23054
23054 6905 18159
12965 17157 17289
17157 12965 17289
17289 12965 17157
14248 18587 26668
18587 14248 26668
26668 14248 18587
9727 5422 23917
23917 5422 9727
5422 9727 23917
21642 13060 22864
22864 13060 21642
13060 21642 22864
15291 4389 6937
4389 6937 15291
6937 4389 15291
4182 17302 23485
23485 4182 17302
17302 4182 23485
13405 4099 13222
4099 13222 13405
13222 4099 13405
10373 6796 27432
27432 6796 10373
6796 10373 27432
6691 5478 15049
15049 5478 6691
5478 6691 15049
17679 16770 21574
16770 17679 21574
21574 16770 17679
28940 13123 25170
13123 25170 28940
25170 13123 28940
6821 8172 25262
8172 6821 25262
25262 6821 8172
22089 9209 10006
10006 9209 22089
9209 10006 22089
25966 2293 24163
2293 24163 25966
24163 2293 25966
22621 6089 7216
6089 7216 22621
7216 6089 22621
4961 11453 19551
19551 4961 11453
11453 4961 19551
28286 11370 11763
11370 11763 28286
11763 11370 28286
11675 9732 18560
9732 11675 18560
18560 9732 11675
3691 11848 23618
11848 3691 23618
23618 3691 11848
25748 6860 16512
16512 6860 25748
6860 16512 25748
4411 7980 20530
20530 4411 7980
7980 4411 20530
25292 15098 23507
23507 15098 25292
15098 23507 25292
3574 10332 19624
19624 3574 10332
10332 3574 19624
12804 1204 29825
29825 1204 12804
1204 12804 29825
14699 15712 24166
24166 14699 15712
15712 14699 24166
5025 8986 18684
8986 5025 18684
18684 5025 8986
18431 2652 13037
13037 2652 18431
2652 13037 18431
16940 899 23878
23878 899 16940
899 16940 23878
10045 9973 25143
25143 9973 10045
9973 10045 25143
14343 21 16251
16251 21 14343
21 14343 16251
10389 9317 12434
12434 9317 10389
9317 10389 12434
29582 8354 19542
8354 19542 29582
19542 8354 29582
561 14399 24829
24829 561 14399
14399 561 24829
6622 4701 17349
4701 6622 17349
17349 4701 6622
26817 18755 19743
19743 18755 26817
18755 19743 26817
16757 4437 10778
4437 10778 16757
10778 4437 16757
22790 5819 14969
5819 14969 22790
14969 5819 22790
28051 3010 7830
7830 3010 28051
3010 7830 28051
22616 3485 8629
3485 8629 22616
8629 3485 22616
9416 15999 20602
20602 9416 15999
15999 9416 20602
6698 3447 5379
5379 3447 6698
3447 5379 6698
18806 12816 15706
12816 15706 18806
15706 12816 18806
9046 1671 18903
1671 9046 18903
18903 1671 9046
14763 15919 26211
15919 14763 26211
26211 14763 15919
11765 8699 20918
8699 11765 20918
20918 8699 11765
9078 18037 29753
29753 9078 18037
18037 9078 29753
24695 7428 19076
19076 7428 24695
7428 19076 24695
16759 26202 27793
27793 16759 26202
26202 16759 27793
12668 8983 24726
8983 12668 24726
24726 8983 12668
17713 22995 23053
22995 17713 23053
23053 17713 22995
12971 5696 23429
5696 12971 23429
23429 5696 12971
29891 20732 27537
20732 27537 29891
27537 20732 29891
26578 7066 21971
21971 7066 26578
7066 21971 26578
25854 19683 20385
19683 20385 25854
20385 19683 25854
908 4165 4291
4165 908 4291
4291 908 4165
10928 5303 26245
5303 10928 26245
26245 5303 10928
18319 2801 4508
4508 2801 18319
2801 4508 18319
19104 12492 17522
12492 17522 19104
17522 12492 19104
24952 19224 22806
22806 19224 24952
19224 22806 24952
5311 6754 25319
6754 5311 25319
25319 5311 6754
25498 10766 17251
10766 17251 25498
17251 10766 25498
26751 10976 29637
29637 10976 26751
10976 26751 29637
8377 5874 8714
8714 5874 8377
5874 8377 8714
1284 9485 25243
9485 1284 25243
25243 1284 9485
2476 20132 27980
20132 2476 27980
27980 2476 20132
17257 4230 8025
4230 8025 17257
8025 4230 17257
8273 7624 24621
24621 7624 8273
7624 8273 24621
309 258 3748
258 309 3748
3748 258 309
998 10640 26014
10640 998 26014
26014 998 10640
16447 14234 16664
16664 14234 16447
14234 16447 16664
5773 1294 6046
6046 1294 5773
1294 5773 6046
22096 1469 3408
3408 1469 22096
1469 3408 22096
14312 24504 25317
25317 14312 24504
24504 14312 25317
837 6223 17751
6223 837 17751
17751 837 6223
12666 5633 8423
8423 5633 12666
5633 8423 12666
6505 122 5448
5448 122 6505
122 5448 6505
19713 19204 21305
19204 19713 21305
21305 19204 19713
14 4231 23327
4231 14 23327
23327 14 4231
21577 11154 29944
11154 21577 29944
29944 11154 21577
5992 12443 22225
22225 5992 12443
12443 5992 22225
8192 446 22949
446 8192 22949
22949 446 8192
5082 3050 25777
25777 3050 5082
3050 5082 25777
15057 12079 14170
14170 12079 15057
12079 14170 15057
13455 6597 19687
19687 6597 13455
6597 13455 19687
6670 15637 22146
15637 6670 22146
22146 6670 15637
29692 7072 21078
21078 7072 29692
7072 21078 29692
13954 16888 23119
23119 13954 16888
16888 13954 23119
14802 2773 18626
18626 2773 14802
2773 14802 18626
25250 12382 22099
22099 12382 25250
12382 22099 25250
16763 631 10950
10950 631 16763
631 10950 16763
19711 2890 20011
2890 19711 20011
20011 2890 19711
6845 23037 27826
23037 6845 27826
27826 6845 23037
20839 4460 6111
4460 6111 20839
6111 4460 20839
4964 18005 20885
20885 4964 18005
18005 4964 20885
3348 6224 15404
15404 3348 6224
6224 3348 15404
8387 4097 11124
4097 8387 11124
11124 4097 8387
17445 2579 13909
13909 2579 17445
2579 13909 17445
27457 25515 26556
25515 26556 27457
26556 25515 27457
3868 3187 4513
3187 3868 4513
4513 3187 3868
26554 5811 18007
5811 18007 26554
18007 5811 26554
13876 11616 29578
29578 11616 13876
11616 13876 29578
22910 14330 14366
14330 14366 22910
14366 14330 22910
2648 4245 23966
4245 2648 23966
23966 2648 4245
29474 22238 29914
22238 29474 29914
29914 22238 29474
28606 6228 15230
6228 15230 28606
15230 6228 28606
14495 1224 6963
6963 1224 14495
1224 6963 14495
8427 9811 18058
18058 8427 9811
9811 8427 18058
18257 3144 27969
3144 18257 27969
27969 3144 18257
2778 24855 27553
27553 2778 24855
24855 2778 27553
16608 1728 2276
2276 1728 16608
1728 2276 16608
14367 2034 22950
2034 14367 22950
22950 2034 14367
17348 19763 26845
19763 17348 26845
26845 17348 19763
26569 3385 28980
28980 3385 26569
3385 26569 28980
12302 6921 24195
24195 6921 12302
6921 12302 24195
1436 3417 16456
16456 1436 3417
3417 1436 16456
20925 877 17608
17608 877 20925
877 17608 20925
29098 9026 29538
29538 9026 29098
9026 29098 29538
15231 3064 28439
28439 3064 15231
3064 15231 28439
10634 18920 28582
28582 10634 18920
18920 10634 28582
34 20784 28451
28451 34 20784
20784 34 28451
11296 2092 25929
2092 11296 25929
25929 2092 11296
28882 10450 13542
10450 13542 28882
13542 10450 28882
764 12569 20241
20241 764 12569
12569 764 20241
1285 10620 29184
10620 1285 29184
29184 1285 10620
19921 19296 20883
19296 19921 20883
20883 19296 19921
20723 12047 15287
15287 12047 20723
12047 15287 20723
14941 14963 27513
14963 14941 27513
27513 14941 14963
24900 3269 13577
13577 3269 24900
3269 13577 24900
3683 2275 7683
2275 3683 7683
7683 2275 3683
22824 2854 11337
11337 2854 22824
2854 11337 22824
15033 21567 22259
21567 15033 22259
22259 15033 21567
28935 6871 26412
6871 26412 28935
26412 6871 28935
26355 7255 9406
7255 9406 26355
9406 7255 26355
16101 5652 10252
5652 10252 16101
10252 5652 16101
25561 9152 12798
12798 9152 25561
9152 12798 25561
8422 4102 20924
20924 4102 8422
4102 8422 20924
2287 6152 17920
17920 2287 6152
6152 2287 17920
25256 3390 5585
3390 5585 25256
5585 3390 25256
29040 1369 10868
10868 1369 29040
1369 10868 29040
1926 237 17916
17916 237 1926
237 1926 17916
3328 22684 23153
22684 3328 23153
23153 3328 22684
7167 2644 12077
12077 2644 7167
2644 7167 12077
12500 7207 25487
7207 12500 25487
25487 7207 12500
24112 22667 23259
23259 22667 24112
22667 23259 24112
6035 1835 17156
17156 1835 6035
1835 6035 17156
1089 3468 18486
18486 1089 3468
3468 1089 18486
2057 15537 23601
15537 2057 23601
23601 2057 15537
16671 22642 26537
26537 16671 22642
22642 16671 26537
21661 4565 19983
19983 4565 21661
4565 19983 21661
5407 1776 29803
1776 5407 29803
29803 1776 5407
11157 21107 23284
21107 11157 23284
23284 11157 21107
12754 3460 17468
3460 12754 17468
17468 3460 12754
24508 1809 16857
1809 16857 24508
16857 1809 24508
26448 8341 8872
8872 8341 26448
8341 8872 26448
19471 7778 22509
22509 7778 19471
7778 19471 22509
10952 8275 13307
8275 10952 13307
13307 8275 10952
27661 9076 13207
13207 9076 27661
9076 13207 27661
4576 13000 15454
15454 4576 13000
13000 4576 15454
16569 22953 26796
22953 16569 26796
26796 16569 22953
28839 1029 20721
20721 1029 28839
1029 20721 28839
319 15194 29534
29534 319 15194
15194 319 29534
23523 20831 24659
24659 20831 23523
20831 23523 24659
8283 247 14492
14492 247 8283
247 8283 14492
8106 9895 19098
19098 8106 9895
9895 8106 19098
4776 21875 26939
21875 4776 26939
26939 4776 21875
18485 22645 24526
22645 18485 24526
24526 18485 22645
7907 8466 27257
8466 7907 27257
27257 7907 8466
7943 19349 25008
25008 7943 19349
19349 7943 25008
27225 8450 11393
8450 11393 27225
11393 8450 27225
25132 13979 21899
13979 21899 25132
21899 13979 25132
18252 19507 19805
19805 18252 19507
19507 18252 19805
18053 13239 18817
18817 13239 18053
13239 18053 18817
11213 16364 21861
16364 11213 21861
21861 11213 16364
11744 4347 23281
4347 11744 23281
23281 4347 11744
12207 22591 25924
25924 12207 22591
22591 12207 25924
27663 7027 26637
7027 26637 27663
26637 7027 27663
23118 15200 23268
23268 15200 23118
15200 23118 23268
15941 4065 12721
4065 12721 15941
12721 4065 15941
13597 6379 12066
12066 6379 13597
6379 12066 13597
24907 17227 17866
17866 17227 24907
17227 17866 24907
10916 6415 9677
6415 9677 10916
9677 6415 10916
2845 9098 13625
9098 2845 13625
13625 2845 9098
20616 10103 26534
26534 10103 20616
10103 20616 26534
6272 12964 25050
12964 6272 25050
25050 6272 12964
28084 12176 24254
24254 12176 28084
12176 24254 28084
25723 387 12699
12699 387 25723
387 12699 25723
2576 24655 26298
24655 2576 26298
26298 2576 24655
20167 10772 11261
10772 11261 20167
11261 10772 20167
18834 6899 14708
6899 14708 18834
14708 6899 18834
15570 17424 19846
19846 15570 17424
17424 15570 19846
28870 3039 4661
4661 3039 28870
3039 4661 28870
19871 3566 10773
10773 3566 19871
3566 10773 19871
23522 10593 21724
21724 10593 23522
10593 21724 23522
15593 272 6486
272 6486 15593
6486 272 15593
7673 4647 11362
4647 7673 11362
11362 4647 7673
5627 16952 28881
28881 5627 16952
16952 5627 28881
14529 11357 24438
24438 11357 14529
11357 14529 24438
13752 6155 20954
20954 6155 13752
6155 13752 20954
16740 21171 27659
21171 16740 27659
27659 16740 21171
597 23141 23226
23226 597 23141
23141 597 23226
16054 7408 8683
8683 7408 16054
7408 8683 16054
16221 21135 25261
21135 16221 25261
25261 16221 21135
27335 4912 26528
4912 26528 27335
26528 4912 27335
14160 14632 22828
22828 14160 14632
14632 14160 22828
21843 12594 22336
12594 21843 22336
22336 12594 21843
7926 396 21173
21173 396 7926
396 7926 21173
20254 8326 18889
8326 18889 20254
18889 8326 20254
4955 4619 16758
16758 4619 4955
4619 4955 16758
1530 8663 28868
8663 1530 28868
28868 1530 8663
4914 23051 25235
25235 4914 23051
23051 4914 25235
2553 5396 19612
19612 2553 5396
5396 2553 19612
25352 9133 29974
9133 25352 29974
29974 9133 25352
19969 9676 26711
9676 19969 26711
26711 9676 19969
7128 9056 26073
26073 7128 9056
9056 7128 26073
9061 10765 22379
22379 9061 10765
10765 9061 22379
11012 9275 28809
28809 9275 11012
9275 11012 28809
8628 2688 9510
2688 8628 9510
9510 2688 8628
18974 8542 25960
8542 18974 25960
25960 8542 18974
8793 17580 27107
17580 8793 27107
27107 8793 17580
4542 15703 24598
24598 4542 15703
15703 4542 24598
18818 9661 25801
25801 9661 18818
9661 18818 25801
3121 18312 28649
28649 3121 18312
18312 3121 28649
4406 23659 25283
25283 4406 23659
23659 4406 25283
12275 12507 25895
12507 12275 25895
25895 12275 12507
10638 3413 21841
21841 3413 10638
3413 10638 21841
27592 7354 19024
19024 7354 27592
7354 19024 27592
18551 13624 28460
28460 13624 18551
13624 18551 28460
12030 3487 18066
18066 3487 12030
3487 12030 18066
2477 808 17099
17099 808 2477
808 2477 17099
26841 5349 17136
5349 17136 26841
17136 5349 26841
2693 26610 28558
26610 2693 28558
28558 2693 26610
19493 9560 25131
25131 9560 19493
9560 19493 25131
21262 22917 29012
22917 21262 29012
29012 21262 22917
23172 9428 18520
18520 9428 23172
9428 18520 23172
20973 4129 12649
12649 4129 20973
4129 12649 20973
18962 12925 28019
12925 18962 28019
28019 12925 18962
13575 19647 20585
19647 13575 20585
20585 13575 19647
23357 2775 29033
29033 2775 23357
2775 23357 29033
16578 13655 22823
22823 13655 16578
13655 16578 22823
11186 15080 23065
15080 11186 23065
23065 11186 15080
13182 9400 25758
25758 9400 13182
9400 13182 25758
28461 27789 29106
29106 27789 28461
27789 28461 29106
29776 3276 21722
3276 21722 29776
21722 3276 29776
2816 22711 23742
23742 2816 22711
22711 2816 23742
7113 1448 9062
9062 1448 7113
1448 7113 9062
13763 6441 26332
6441 13763 26332
26332 6441 13763
16865 3979 23001
3979 16865 23001
23001 3979 16865
10963 5643 6645
5643 6645 10963
6645 5643 10963
29913 26142 27581
26142 27581 29913
27581 26142 29913
3535 11819 18953
18953 3535 11819
11819 3535 18953
27231 5204 25813
25813 5204 27231
5204 25813 27231
6809 22956 23880
22956 6809 23880
23880 6809 22956
5617 4596 28704
4596 5617 28704
28704 4596 5617
14504 15734 17972
15734 14504 17972
17972 14504 15734
15916 832 29975
29975 832 15916
832 15916 29975
3838 14513 23755
14513 3838 23755
23755 3838 14513
21980 10801 14511
14511 10801 21980
10801 14511 21980
23665 7314 20004
20004 7314 23665
7314 20004 23665
27889 724 12317
12317 724 27889
724 12317 27889
17502 18323 27648
27648 17502 18323
18323 17502 27648
24401 7906 17700
17700 7906 24401
7906 17700 24401
12334 21132 24833
24833 12334 21132
21132 12334 24833
23339 7519 12104
7519 12104 23339
12104 7519 23339
8516 11746 16696
11746 8516 16696
16696 8516 11746
26424 18612 19613
19613 18612 26424
18612 19613 26424
17231 11354 11542
11542 11354 17231
11354 11542 17231
267 1046 1556
1046 267 1556
1556 267 1046
12450 7096 24679
7096 12450 24679
24679 7096 12450
2713 1954 17583
17583 1954 2713
1954 2713 17583
6063 11460 20523
11460 6063 20523
20523 6063 11460
27506 2279 28407
28407 2279 27506
2279 27506 28407
18750 3775 8547
3775 8547 18750
8547 3775 18750
14612 21935 26359
21935 14612 26359
26359 14612 21935
9529 6402 9369
6402 9369 9529
9369 6402 9529
17752 12622 13948
12622 13948 17752
13948 12622 17752
3559 22043 26174
26174 3559 22043
22043 3559 26174
22341 9582 22133
9582 22133 22341
22133 9582 22341
25354 5127 26459
5127 25354 26459
26459 5127 25354
24919 11199 13055
11199 13055 24919
13055 11199 24919
1749 22669 22911
22669 1749 22911
22911 1749 22669
28431 5394 6322
5394 6322 28431
6322 5394 28431
8155 16299 18014
18014 8155 16299
16299 8155 18014
16895 15118 29094
15118 16895 29094
29094 15118 16895
11978 6570 18050
18050 6570 11978
6570 11978 18050
6062 10046 27474
27474 6062 10046
10046 6062 27474
2376 25394 29438
29438 2376 25394
25394 2376 29438
7018 5593 13779
13779 5593 7018
5593 7018 13779
7758 26688 29203
29203 7758 26688
26688 7758 29203
14402 23586 25258
25258 14402 23586
23586 14402 25258
652 572 3496
572 652 3496
3496 572 652
15820 2937 23651
2937 15820 23651
23651 2937 15820
5092 6238 14140
14140 5092 6238
6238 5092 14140
12219 4517 14863
14863 4517 12219
4517 12219 14863
10408 9575 20568
20568 9575 10408
9575 10408 20568
4916 22200 28424
28424 4916 22200
22200 4916 28424
2063 6830 16692
6830 2063 16692
16692 2063 6830
5260 16171 16896
16896 5260 16171
16171 5260 16896
29026 8435 28186
28186 8435 29026
8435 28186 29026
6842 11642 22913
22913 6842 11642
11642 6842 22913
16454 13784 19678
13784 16454 19678
19678 13784 16454
7120 5329 11441
5329 7120 11441
11441 5329 7120
21029 9517 28244
9517 21029 28244
28244 9517 21029
26592 641 24821
24821 641 26592
641 24821 26592
11781 3382 24324
24324 3382 11781
3382 11781 24324
23108 25544 27475
25544 23108 27475
27475 23108 25544
3832 20998 25734
20998 3832 25734
25734 3832 20998
6895 6968 27320
27320 6895 6968
6968 6895 27320
23247 25402 26958
25402 23247 26958
26958 23247 25402
10495 8114 10496
8114 10495 10496
10496 8114 10495
2911 21315 22713
21315 2911 22713
22713 2911 21315
23175 13386 28964
28964 13386 23175
13386 23175 28964
2261 7953 12774
7953 2261 12774
12774 2261 7953
12431 9126 10936
9126 10936 12431
10936 9126 12431
20836 5759 28109
28109 5759 20836
5759 20836 28109
28659 18085 20738
20738 18085 28659
18085 20738 28659
25828 6337 8237
8237 6337 25828
6337 8237 25828
27441 15938 17232
17232 15938 27441
15938 17232 27441
14471 3251 29239
3251 14471 29239
29239 3251 14471
303 11463 11570
11570 303 11463
11463 303 11570
8612 14232 26629
14232 8612 26629
26629 8612 14232
10987 8499 28789
28789 8499 10987
8499 10987 28789
8169 9555 10992
9555 8169 10992
10992 8169 9555
371 9316 25082
9316 371 25082
25082 371 9316
19291 18143 29632
18143 19291 29632
29632 18143 19291
28858 8046 12173
12173 8046 28858
8046 12173 28858
21720 2083 12864
2083 12864 21720
12864 2083 21720
21717 14293 26544
14293 21717 26544
26544 14293 21717
19062 13262 29906
29906 13262 19062
13262 19062 29906
28458 8445 13615
13615 8445 28458
8445 13615 28458
12290 5 1952
1952 5 12290
5 1952 12290
28973 2002 5227
2002 5227 28973
5227 2002 28973
25271 5934 23849
23849 5934 25271
5934 23849 25271
6366 949 23075
23075 949 6366
949 6366 23075
8133 12184 13646
13646 8133 12184
12184 8133 13646
28828 4773 12919
4773 12919 28828
12919 4773 28828
20518 2719 24964
2719 20518 24964
24964 2719 20518
2009 21264 28729
21264 2009 28729
28729 2009 21264
9902 12907 26085
26085 9902 12907
12907 9902 26085
22803 7789 9873
9873 7789 22803
7789 9873 22803
13938 6317 13418
13418 6317 13938
6317 13418 13938
3038 1067 26650
26650 1067 3038
1067 3038 26650
12876 19504 26052
26052 12876 19504
19504 12876 26052
10872 5529 26869
5529 10872 26869
26869 5529 10872
23372 7071 15671
7071 15671 23372
15671 7071 23372
110 7174 8312
8312 110 7174
7174 110 8312
13492 2369 28181
28181 2369 13492
2369 13492 28181
11710 5075 26373
26373 5075 11710
5075 11710 26373
28996 1085 20494
20494 1085 28996
