266 138 278
138 266 278
278 138 266
12 189 202
202 12 189
189 12 202
121 85 282
85 121 282
282 85 121
233 13 72
13 72 233
72 13 233
135 75 105
105 75 135
75 105 135
88 91 216
216 88 91
91 88 216
181 90 110
110 90 181
90 110 181
249 248 291
291 248 249
248 249 291
207 215 228
228 207 215
215 207 228
292 180 192
192 180 292
180 192 292
39 61 222
61 39 222
222 39 61
64 43 217
43 64 217
217 43 64
119 54 284
284 54 119
54 119 284
229 46 227
46 227 229
227 46 229
17 23 176
23 17 176
176 17 23
162 131 257
257 131 162
131 162 257
218 31 251
31 218 251
251 31 218
239 82 93
93 82 239
82 93 239
36 98 100
100 36 98
98 36 100
97 77 134
134 77 97
77 97 134
63 21 147
21 63 147
147 21 63
271 32 37
37 32 271
32 37 271
290 177 232
177 232 290
232 177 290
230 50 60
60 50 230
50 60 230
122 155 288
155 122 288
288 122 155
48 51 157
51 48 157
157 48 51
186 4 206
206 4 186
4 186 206
223 127 234
234 127 223
127 223 234
42 25 70
25 42 70
70 25 42
57 7 144
7 57 144
144 7 57
18 133 194
194 18 133
133 18 194
276 120 151
151 120 276
120 151 276
299 175 199
175 199 299
199 175 299
204 113 200
200 113 204
113 200 204
161 16 40
40 16 161
16 40 161
264 87 258
87 258 264
258 87 264
195 81 137
81 137 195
137 81 195
118 29 34
29 34 118
34 29 118
117 49 168
168 49 117
49 117 168
198 47 99
99 47 198
47 99 198
165 45 275
45 165 275
275 45 165
235 55 163
163 55 235
55 163 235
178 150 243
150 178 243
243 150 178
71 108 245
245 71 108
108 71 245
273 30 268
30 268 273
268 30 273
259 143 269
143 259 269
269 143 259
244 68 213
213 68 244
68 213 244
173 89 285
89 173 285
285 89 173
277 164 182
164 182 277
182 164 277
112 197 240
197 112 240
240 112 197
129 79 123
79 123 129
123 79 129
59 183 247
247 59 183
183 59 247
106 53 171
53 106 171
171 53 106
220 203 236
203 220 236
236 203 220
145 95 255
255 95 145
95 145 255
267 65 111
65 111 267
111 65 267
142 193 210
210 142 193
193 142 210
286 132 152
152 132 286
132 152 286
156 15 295
15 156 295
295 15 156
221 52 96
52 96 221
96 52 221
76 274 280
280 76 274
274 76 280
44 101 153
153 44 101
101 44 153
212 166 191
166 191 212
191 166 212
35 5 9
5 9 35
9 5 35
296 109 126
126 109 296
109 126 296
33 154 242
154 33 242
242 33 154
125 8 28
8 28 125
28 8 125
102 136 179
179 102 136
136 102 179
107 58 231
231 58 107
58 107 231
185 270 281
281 185 270
270 185 281
170 19 27
19 27 170
27 19 170
293 205 226
205 226 293
226 205 293
140 253 297
297 140 253
253 140 297
169 2 6
6 2 169
2 6 169
160 83 211
83 160 211
211 83 160
149 86 252
86 149 252
252 86 149
300 115 139
139 115 300
115 139 300
66 146 260
260 66 146
146 66 260
128 116 188
188 116 128
116 128 188
69 10 78
78 10 69
10 69 78
174 74 254
254 74 174
74 174 254
238 73 201
73 201 238
201 73 238
114 84 283
84 114 283
283 84 114
187 159 272
272 159 187
159 187 272
225 141 237
141 225 237
237 141 225
196 14 38
14 38 196
38 14 196
250 20 294
294 20 250
20 250 294
289 24 214
214 24 289
24 214 289
124 41 56
56 41 124
41 56 124
11 103 261
261 11 103
103 11 261
256 158 224
224 158 256
158 224 256
241 3 262
3 241 262
262 3 241
92 22 263
22 92 263
263 22 92
287 80 172
172 80 287
80 172 287
246 62 219
219 62 246
62 219 246
167 104 298
298 104 167
104 167 298
1 148 209
148 1 209
209 1 148
208 26 279
279 26 208
26 208 279
190 94 265
94 190 265
265 94 190
130 67 184
184 67 130
67 130 184
