617 710 1573
710 617 1573
1573 617 710
1367 773 2894
2894 773 1367
773 1367 2894
250 534 1533
1533 250 534
534 250 1533
1657 1228 2703
1228 1657 2703
2703 1228 1657
286 1631 2536
1631 286 2536
2536 286 1631
57 97 2752
2752 57 97
97 57 2752
2036 54 2587
2587 54 2036
54 2036 2587
906 521 2317
521 906 2317
2317 521 906
2847 1454 2941
1454 2847 2941
2941 1454 2847
1556 570 2770
570 1556 2770
2770 570 1556
88 2134 2517
2517 88 2134
2134 88 2517
632 137 1578
1578 137 632
137 632 1578
2264 837 2123
2123 837 2264
837 2123 2264
2282 2322 2340
2340 2282 2322
2322 2282 2340
1248 790 1079
1079 790 1248
790 1079 1248
815 1345 1443
1345 815 1443
1443 815 1345
1517 1308 1365
1365 1308 1517
1308 1365 1517
2331 1596 2764
2764 1596 2331
1596 2331 2764
555 103 2657
103 555 2657
2657 103 555
2625 615 1358
615 1358 2625
1358 615 2625
468 102 2192
2192 102 468
102 468 2192
2084 1040 1279
1040 1279 2084
1279 1040 2084
762 2297 2548
2297 762 2548
2548 762 2297
2943 99 2817
2817 99 2943
99 2817 2943
2487 1504 1975
1975 1504 2487
1504 1975 2487
781 162 980
980 162 781
162 781 980
38 238 606
238 38 606
606 38 238
2129 46 434
434 46 2129
46 434 2129
1718 1959 2265
1959 1718 2265
2265 1718 1959
2090 1203 1309
1203 1309 2090
1309 1203 2090
995 1316 2924
1316 995 2924
2924 995 1316
167 471 2708
2708 167 471
471 167 2708
2159 2229 2719
2229 2159 2719
2719 2159 2229
2360 118 2795
2795 118 2360
118 2360 2795
2643 697 2739
2739 697 2643
697 2643 2739
2477 1085 2353
1085 2353 2477
2353 1085 2477
827 925 2858
925 827 2858
2858 827 925
382 497 2574
497 382 2574
2574 382 497
2043 256 2205
256 2043 2205
2205 256 2043
2194 2201 2375
2375 2194 2201
2201 2194 2375
437 1603 2399
2399 437 1603
1603 437 2399
1794 2428 2824
2824 1794 2428
2428 1794 2824
26 1932 1973
1932 26 1973
1973 26 1932
2846 1045 1459
1459 1045 2846
1045 1459 2846
2301 368 2822
2822 368 2301
368 2301 2822
2469 547 1842
547 1842 2469
1842 547 2469
1768 1242 1699
1242 1699 1768
1699 1242 1768
1552 2826 2955
2826 1552 2955
2955 1552 2826
1772 400 1260
400 1260 1772
1260 400 1772
2561 171 2493
2493 171 2561
171 2493 2561
647 739 2191
739 647 2191
2191 647 739
227 315 791
791 227 315
315 227 791
1628 1629 1881
1881 1628 1629
1629 1628 1881
2521 680 1081
1081 680 2521
680 1081 2521
157 896 1388
896 157 1388
1388 157 896
2098 2030 2978
2978 2030 2098
2030 2098 2978
642 672 2393
2393 642 672
672 642 2393
2684 362 2819
362 2684 2819
2819 362 2684
938 1622 1849
1849 938 1622
1622 938 1849
2047 622 676
676 622 2047
622 676 2047
1873 1691 1871
1691 1871 1873
1871 1691 1873
858 735 1563
1563 735 858
735 858 1563
1452 1648 2700
2700 1452 1648
1648 1452 2700
2180 1366 1714
1714 1366 2180
1366 1714 2180
19 535 2755
535 19 2755
2755 19 535
2352 469 1739
469 1739 2352
1739 469 2352
2670 8 1872
1872 8 2670
8 1872 2670
258 2533 2589
2589 258 2533
2533 258 2589
1031 351 359
351 359 1031
359 351 1031
2179 50 1351
50 1351 2179
1351 50 2179
1109 912 2546
2546 912 1109
912 1109 2546
923 453 2121
2121 453 923
453 923 2121
2597 135 313
313 135 2597
135 313 2597
219 477 2958
477 219 2958
2958 219 477
2105 1940 2874
2874 1940 2105
1940 2105 2874
2128 68 2910
68 2128 2910
2910 68 2128
2430 601 774
601 774 2430
774 601 2430
2135 2118 2484
2484 2118 2135
2118 2135 2484
242 343 2886
2886 242 343
343 242 2886
1423 1019 1752
1752 1019 1423
1019 1423 1752
684 371 1460
1460 371 684
371 684 1460
598 114 1230
114 598 1230
1230 114 598
2461 34 816
816 34 2461
34 816 2461
2281 2412 2912
2912 2281 2412
2412 2281 2912
2811 316 2524
316 2524 2811
2524 316 2811
1240 1185 1695
1185 1240 1695
1695 1185 1240
2908 928 2293
928 2293 2908
2293 928 2908
1649 2820 2975
2975 1649 2820
2820 1649 2975
2253 1117 1822
1822 1117 2253
1117 1822 2253
2087 667 1510
667 1510 2087
1510 667 2087
2535 753 1611
753 1611 2535
1611 753 2535
2790 1189 1711
1189 1711 2790
1711 1189 2790
148 1410 2987
1410 148 2987
2987 148 1410
249 174 2642
174 249 2642
2642 174 249
310 1053 1974
1053 310 1974
1974 310 1053
2868 919 1763
1763 919 2868
919 1763 2868
1697 40 1207
1207 40 1697
40 1207 1697
479 1369 1681
1369 479 1681
1681 479 1369
1194 285 1919
1919 285 1194
285 1194 1919
780 1050 1741
1741 780 1050
1050 780 1741
2804 636 1824
1824 636 2804
636 1824 2804
1655 1969 2212
2212 1655 1969
1969 1655 2212
2097 2312 2791
2312 2097 2791
2791 2097 2312
1314 1776 2344
1776 1314 2344
2344 1314 1776
888 1966 2320
2320 888 1966
1966 888 2320
1995 677 1225
677 1225 1995
1225 677 1995
2992 1338 1878
1338 1878 2992
1878 1338 2992
2996 1141 2972
1141 2972 2996
2972 1141 2996
2284 252 2606
2606 252 2284
252 2284 2606
1558 495 2888
495 1558 2888
2888 495 1558
2919 85 763
85 763 2919
763 85 2919
2601 307 1891
1891 307 2601
307 1891 2601
294 2071 2259
2071 294 2259
2259 294 2071
620 452 2197
2197 452 620
452 620 2197
578 104 210
104 210 578
210 104 578
1665 1700 2584
2584 1665 1700
1700 1665 2584
2807 1588 1784
1588 1784 2807
1784 1588 2807
2735 1166 1897
1166 1897 2735
1897 1166 2735
1810 941 2537
941 1810 2537
2537 941 1810
47 1899 2786
1899 47 2786
2786 47 1899
1313 745 2629
2629 745 1313
745 1313 2629
20 2635 2641
2635 20 2641
2641 20 2635
1555 1402 1852
1852 1402 1555
1402 1555 1852
1758 510 2228
510 1758 2228
2228 510 1758
293 1661 2636
2636 293 1661
1661 293 2636
1564 1249 1408
1249 1408 1564
1408 1249 1564
1251 1342 1491
1342 1251 1491
1491 1251 1342
92 276 1928
1928 92 276
276 92 1928
2362 868 1382
868 1382 2362
1382 868 2362
1343 1290 2798
1290 1343 2798
2798 1290 1343
2496 703 2622
703 2496 2622
2622 703 2496
1072 2083 2861
2861 1072 2083
2083 1072 2861
234 1060 2025
2025 234 1060
1060 234 2025
855 2356 2968
2356 855 2968
2968 855 2356
2586 1256 1674
1674 1256 2586
1256 1674 2586
2872 981 2292
2292 981 2872
981 2292 2872
2350 1229 1469
1229 1469 2350
1469 1229 2350
724 1724 1898
1724 724 1898
1898 724 1724
2950 132 2055
132 2055 2950
2055 132 2950
797 447 965
447 797 965
965 447 797
1747 1148 1859
1148 1747 1859
1859 1148 1747
1867 2357 2678
2357 1867 2678
2678 1867 2357
245 2455 2881
2455 245 2881
2881 245 2455
1786 1394 2789
2789 1394 1786
1394 1786 2789
1466 1 1625
1 1466 1625
1625 1 1466
1659 692 2154
2154 692 1659
692 1659 2154
2838 1740 2186
2186 1740 2838
1740 2186 2838
5 98 719
98 5 719
719 5 98
526 1526 2202
1526 526 2202
2202 526 1526
2456 924 1398
924 1398 2456
1398 924 2456
185 239 706
239 185 706
706 185 239
1667 1668 2266
1668 1667 2266
2266 1667 1668
2758 1112 2474
2474 1112 2758
1112 2474 2758
1453 449 2472
2472 449 1453
449 1453 2472
407 2221 2568
2568 407 2221
2221 407 2568
1882 21 997
997 21 1882
21 997 1882
2842 354 2217
2217 354 2842
354 2217 2842
1370 1490 2325
1490 1370 2325
2325 1370 1490
2512 27 1735
1735 27 2512
27 1735 2512
1114 473 1594
473 1114 1594
1594 473 1114
646 80 1925
80 646 1925
1925 80 646
857 1043 1546
1546 857 1043
1043 857 1546
2970 1721 2985
1721 2970 2985
2985 1721 2970
1143 1198 2878
2878 1143 1198
1198 1143 2878
1191 1252 1702
1702 1191 1252
1252 1191 1702
226 112 2368
2368 112 226
112 226 2368
232 466 2146
466 232 2146
2146 232 466
540 295 2658
2658 295 540
295 540 2658
1610 2166 2570
2570 1610 2166
2166 1610 2570
2699 1705 1953
1705 1953 2699
1953 1705 2699
1389 472 2966
472 1389 2966
2966 472 1389
644 1006 1435
1006 644 1435
1435 644 1006
885 418 1616
418 885 1616
1616 418 885
2348 2694 2726
2726 2348 2694
2694 2348 2726
972 695 2379
695 972 2379
2379 695 972
404 1127 2161
1127 404 2161
2161 404 1127
699 419 614
419 614 699
614 419 699
2991 841 1438
1438 841 2991
841 1438 2991
1177 665 803
803 665 1177
665 803 1177
1021 2080 2323
2323 1021 2080
2080 1021 2323
2062 874 2411
874 2062 2411
2411 874 2062
2906 385 2158
385 2158 2906
2158 385 2906
2451 1375 2683
1375 2451 2683
2683 1375 2451
1506 2528 2747
2528 1506 2747
2747 1506 2528
1994 1977 2565
1977 1994 2565
2565 1977 1994
2283 2255 2330
2255 2283 2330
2330 2255 2283
1232 775 2343
2343 775 1232
775 1232 2343
1258 431 1096
1096 431 1258
431 1096 1258
1067 488 2332
488 1067 2332
2332 488 1067
2415 1472 2933
1472 2415 2933
2933 1472 2415
634 1902 2085
1902 634 2085
2085 634 1902
2738 502 2298
502 2298 2738
2298 502 2738
1450 1118 2102
1118 1450 2102
2102 1118 1450
1518 557 1383
1383 557 1518
557 1383 1518
37 1235 1640
1640 37 1235
1235 37 1640
2916 548 1324
1324 548 2916
548 1324 2916
347 1146 1298
1298 347 1146
1146 347 1298
217 512 1939
512 217 1939
1939 217 512
2120 1088 2042
1088 2042 2120
2042 1088 2120
1501 987 2436
987 1501 2436
2436 987 1501
2527 173 917
917 173 2527
173 917 2527
872 613 1179
613 872 1179
1179 613 872
2392 628 2532
2532 628 2392
628 2392 2532
1547 65 637
637 65 1547
65 637 1547
1636 2040 2689
2040 1636 2689
2689 1636 2040
2475 1481 1543
1543 1481 2475
1481 1543 2475
83 1405 2862
1405 83 2862
2862 83 1405
288 830 905
830 288 905
905 288 830
352 500 1033
1033 352 500
500 352 1033
884 66 1505
1505 66 884
66 884 1505
2115 406 2588
406 2115 2588
2588 406 2115
1960 2750 2754
2750 1960 2754
2754 1960 2750
1838 1304 2011
1304 1838 2011
2011 1304 1838
345 1057 2673
2673 345 1057
1057 345 2673
1813 626 2949
2949 626 1813
626 1813 2949
2554 282 1340
282 1340 2554
1340 282 2554
2027 1280 2552
1280 2027 2552
2552 1280 2027
1170 55 2596
55 1170 2596
2596 55 1170
853 356 1404
1404 356 853
356 853 1404
556 1430 1912
1430 556 1912
1912 556 1430
802 93 1209
93 802 1209
1209 93 802
1399 1894 2981
2981 1399 1894
1894 1399 2981
391 984 1271
984 391 1271
1271 391 984
1244 811 2305
2305 811 1244
811 1244 2305
240 1462 1853
1462 240 1853
1853 240 1462
1396 686 1407
686 1396 1407
1407 686 1396
530 1128 2248
2248 530 1128
1128 530 2248
1307 1164 2060
2060 1164 1307
1164 1307 2060
2101 1291 1806
1291 1806 2101
1806 1291 2101
2778 664 669
664 669 2778
669 664 2778
2240 635 2209
2209 635 2240
635 2209 2240
454 1352 2562
1352 454 2562
2562 454 1352
574 1996 2618
2618 574 1996
1996 574 2618
263 1269 2187
1269 263 2187
2187 263 1269
2479 804 2023
804 2023 2479
2023 804 2479
2237 480 2372
480 2237 2372
2372 480 2237
911 311 1105
311 911 1105
1105 311 911
2000 1607 2164
2164 1607 2000
1607 2000 2164
2420 1215 2721
2721 1215 2420
1215 2420 2721
2525 121 187
121 187 2525
187 121 2525
1493 1816 2016
1816 1493 2016
2016 1493 1816
1875 687 1534
1534 687 1875
687 1534 1875
1120 2371 2386
2386 1120 2371
2371 1120 2386
1591 485 921
485 921 1591
921 485 1591
2369 726 1231
1231 726 2369
726 1231 2369
237 1032 1544
1544 237 1032
1032 237 1544
640 2661 2850
2661 640 2850
2850 640 2661
78 709 2572
709 78 2572
2572 78 709
2927 1027 1356
1027 1356 2927
1356 1027 2927
2860 1005 2471
1005 2471 2860
2471 1005 2860
279 2374 2812
2812 279 2374
2374 279 2812
581 260 658
260 581 658
658 260 581
1123 14 961
961 14 1123
14 961 1123
2447 756 2114
756 2114 2447
2114 756 2447
1049 1620 2175
2175 1049 1620
1620 1049 2175
2216 1445 1835
1835 1445 2216
1445 1835 2216
1572 321 507
321 507 1572
507 321 1572
2855 993 1557
1557 993 2855
993 1557 2855
1108 484 2136
484 1108 2136
2136 484 1108
1512 1180 2278
2278 1180 1512
1180 1512 2278
603 552 2890
552 603 2890
2890 552 603
1582 572 1133
572 1133 1582
1133 572 1582
2522 1499 2355
2355 1499 2522
1499 2355 2522
1761 1541 1907
1541 1761 1907
1907 1541 1761
678 1498 2904
2904 678 1498
1498 678 2904
624 577 927
577 624 927
927 577 624
1078 70 597
70 597 1078
597 70 1078
1379 683 958
683 958 1379
958 683 1379
700 1670 2359
2359 700 1670
1670 700 2359
414 2299 2336
2299 414 2336
2336 414 2299
2805 776 2426
2426 776 2805
776 2426 2805
390 1272 2324
2324 390 1272
1272 390 2324
516 42 920
920 42 516
42 516 920
978 299 1093
299 978 1093
1093 299 978
2067 2125 2621
2125 2067 2621
2621 2067 2125
2516 517 1984
517 1984 2516
1984 517 2516
1579 971 1576
1576 971 1579
971 1576 1579
798 1997 2691
2691 798 1997
1997 798 2691
544 846 1002
846 544 1002
1002 544 846
2188 1381 1837
1381 1837 2188
1837 1381 2188
2277 2153 2962
2153 2277 2962
2962 2153 2277
1063 2427 2940
2940 1063 2427
2427 1063 2940
2609 967 2124
967 2124 2609
2124 967 2609
482 595 2591
2591 482 595
595 482 2591
1455 760 1310
760 1310 1455
1310 760 1455
1749 523 2482
523 1749 2482
2482 523 1749
1615 1167 1802
1802 1167 1615
1167 1615 1802
2223 346 1168
346 1168 2223
1168 346 2223
1933 1514 2116
1514 1933 2116
2116 1514 1933
1908 915 1626
915 1626 1908
1626 915 1908
253 1442 2539
2539 253 1442
1442 253 2539
440 2089 2178
2178 440 2089
2089 440 2178
2394 528 764
764 528 2394
528 764 2394
702 607 1488
1488 607 702
607 702 1488
1416 688 2964
688 1416 2964
2964 688 1416
1155 949 2892
949 1155 2892
2892 949 1155
2777 126 1482
1482 126 2777
126 1482 2777
2432 317 322
322 317 2432
317 322 2432
2782 2108 2864
2864 2108 2782
2108 2782 2864
1819 165 1947
1947 165 1819
165 1819 1947
2145 96 2697
96 2145 2697
2697 96 2145
2424 1926 2965
1926 2424 2965
2965 1926 2424
2384 1551 1651
1651 1551 2384
1551 1651 2384
985 1087 2772
2772 985 1087
1087 985 2772
2733 662 2715
662 2715 2733
2715 662 2733
1467 1525 2712
2712 1467 1525
1525 1467 2712
592 89 1678
1678 89 592
89 592 1678
2378 1663 2545
1663 2378 2545
2545 1663 2378
1152 1150 1210
1210 1150 1152
1150 1152 1210
1814 1390 2316
1390 1814 2316
2316 1390 1814
1539 947 1403
1403 947 1539
947 1403 1539
1731 262 992
262 992 1731
992 262 1731
2485 867 1687
867 1687 2485
1687 867 2485
2133 416 685
416 685 2133
685 416 2133
2667 1967 2898
1967 2667 2898
2898 1967 2667
608 460 1188
460 608 1188
1188 460 608
2854 643 1059
1059 643 2854
643 1059 2854
1713 1587 2692
2692 1587 1713
1587 1713 2692
1330 214 2181
2181 214 1330
214 1330 2181
2877 218 1991
218 1991 2877
1991 218 2877
451 663 2760
2760 451 663
663 451 2760
195 158 2443
2443 158 195
158 195 2443
881 43 2674
43 881 2674
2674 43 881
320 2094 2663
2663 320 2094
2094 320 2663
2380 429 1716
1716 429 2380
429 1716 2380
612 79 1111
1111 79 612
79 612 1111
2579 388 1415
1415 388 2579
388 1415 2579
1322 287 529
529 287 1322
287 529 1322
357 918 2603
2603 357 918
918 357 2603
2833 1393 1595
1595 1393 2833
1393 1595 2833
2743 1017 1885
1885 1017 2743
1017 1885 2743
1935 1076 1942
1942 1076 1935
1076 1935 1942
1116 2541 2627
2627 1116 2541
2541 1116 2627
2070 715 2163
2163 715 2070
715 2070 2163
2017 882 1586
882 1586 2017
1586 882 2017
604 457 707
457 604 707
707 457 604
1796 436 810
810 436 1796
436 810 1796
562 302 2326
302 562 2326
2326 302 562
355 814 1988
1988 355 814
814 355 1988
1976 2405 2652
2652 1976 2405
2405 1976 2652
2273 11 2660
11 2273 2660
2660 11 2273
2072 1101 1470
1470 1101 2072
1101 1470 2072
2685 2170 2617
2617 2170 2685
2170 2617 2685
1565 283 290
283 290 1565
290 283 1565
2241 1439 1500
1439 1500 2241
1500 1439 2241
2112 374 1538
374 1538 2112
1538 374 2112
1183 393 619
619 393 1183
393 619 1183
75 196 1046
1046 75 196
196 75 1046
2390 768 1010
1010 768 2390
768 1010 2390
2676 653 2986
2986 653 2676
653 2676 2986
1174 2345 2363
2363 1174 2345
2345 1174 2363
1553 621 836
836 621 1553
621 836 1553
2126 893 1169
1169 893 2126
893 1169 2126
524 2444 2637
2637 524 2444
2444 524 2637
2808 573 1781
1781 573 2808
573 1781 2808
759 423 1385
1385 423 759
423 759 1385
2489 1003 1963
1003 1963 2489
1963 1003 2489
2044 1227 1567
1227 1567 2044
1567 1227 2044
1757 1463 2688
2688 1463 1757
1463 1757 2688
1521 1479 1860
1860 1479 1521
1479 1521 1860
2711 267 1426
267 1426 2711
1426 267 2711
536 145 2195
2195 145 536
145 536 2195
2149 251 1159
1159 251 2149
251 1159 2149
2150 271 2639
271 2150 2639
2639 271 2150
2387 1025 1808
1808 1025 2387
1025 1808 2387
1523 610 1325
610 1325 1523
1325 610 1523
2775 274 1392
274 1392 2775
1392 274 2775
2167 159 1503
1503 159 2167
159 1503 2167
910 1122 1261
1261 910 1122
1122 910 1261
1475 60 1315
1315 60 1475
60 1315 1475
377 1494 2687
2687 377 1494
1494 377 2687
2734 560 1022
1022 560 2734
560 1022 2734
942 808 1124
808 942 1124
1124 808 942
1237 1282 1617
1617 1237 1282
1282 1237 1617
729 176 747
176 729 747
747 176 729
87 230 2592
230 87 2592
2592 87 230
1029 701 1656
701 1029 1656
1656 701 1029
445 175 964
964 175 445
175 445 964
2518 1131 1202
1202 1131 2518
1131 1202 2518
2849 1266 2233
1266 2233 2849
2233 1266 2849
2327 319 887
887 319 2327
319 887 2327
1458 754 1446
754 1446 1458
1446 754 1458
2448 986 2722
986 2448 2722
2722 986 2448
1524 649 1300
1300 649 1524
649 1300 1524
1387 865 1137
1137 865 1387
865 1137 1387
1464 1181 1327
1181 1327 1464
1327 1181 1464
566 588 861
861 566 588
588 566 861
2832 1722 2407
1722 2407 2832
2407 1722 2832
2162 994 2495
2495 994 2162
994 2162 2495
1981 691 886
886 691 1981
691 886 1981
609 2074 2139
2139 609 2074
2074 609 2139
1652 974 2410
2410 974 1652
974 1652 2410
69 2462 2616
2616 69 2462
2462 69 2616
2171 150 946
946 150 2171
150 946 2171
2634 583 2956
2956 583 2634
583 2634 2956
2851 1378 2803
1378 2803 2851
2803 1378 2851
2845 840 2310
2310 840 2845
840 2310 2845
2057 736 2718
2718 736 2057
736 2057 2718
1727 1044 2402
2402 1044 1727
1044 1727 2402
2051 1273 1614
1273 1614 2051
1614 1273 2051
61 201 2624
201 61 2624
2624 61 201
464 514 2103
514 464 2103
2103 464 514
1326 106 1635
1635 106 1326
106 1326 1635
1267 1789 1889
1789 1267 1889
1889 1267 1789
2142 105 1208
1208 105 2142
105 1208 2142
843 48 1606
1606 48 843
48 843 1606
2682 589 1559
1559 589 2682
589 1559 2682
1958 1560 2381
1560 1958 2381
2381 1560 1958
2400 179 914
179 914 2400
914 179 2400
1373 41 1018
1018 41 1373
41 1018 1373
2633 100 1461
1461 100 2633
100 1461 2633
300 1311 2523
2523 300 1311
1311 300 2523
2577 1624 2302
1624 2302 2577
2302 1624 2577
1658 793 948
948 793 1658
793 948 1658
1008 2232 2781
2781 1008 2232
2232 1008 2781
1583 1738 2422
2422 1583 1738
1738 1583 2422
247 476 1339
1339 247 476
476 247 1339
372 1234 2815
2815 372 1234
1234 372 2815
2388 596 1671
1671 596 2388
596 1671 2388
2385 312 1429
1429 312 2385
312 1429 2385
1554 1818 2729
1818 1554 2729
2729 1554 1818
235 152 2106
2106 152 235
152 235 2106
1437 2866 2932
2932 1437 2866
2866 1437 2932
1597 1566 2672
1566 1597 2672
2672 1566 1597
2640 1832 1951
1951 1832 2640
1832 1951 2640
1113 36 1151
1151 36 1113
36 1113 1151
2575 1038 2286
1038 2286 2575
2286 1038 2575
895 58 1154
1154 58 895
58 895 1154
1866 531 835
531 835 1866
835 531 1866
1890 212 2307
212 1890 2307
2307 212 1890
101 51 208
208 51 101
51 101 208
2119 1363 1880
1363 1880 2119
1880 1363 2119
387 825 873
825 387 873
873 387 825
2046 1689 2879
2879 1689 2046
1689 2046 2879
1205 2152 2938
2938 1205 2152
2152 1205 2938
2982 1592 2720
2720 1592 2982
1592 2720 2982
1286 826 913
826 913 1286
913 826 1286
1920 131 792
792 131 1920
131 792 1920
839 369 1812
1812 369 839
369 839 1812
1598 1204 2976
2976 1204 1598
1204 1598 2976
651 2365 2889
2889 651 2365
2365 651 2889
988 2413 2816
2816 988 2413
2413 988 2816
519 1874 2224
2224 519 1874
1874 519 2224
190 229 1187
1187 190 229
229 190 1187
564 671 752
752 564 671
671 564 752
2497 164 2396
2396 164 2497
164 2396 2497
1639 1277 2788
2788 1277 1639
1277 1639 2788
2287 492 1386
1386 492 2287
492 1386 2287
1830 2490 2944
2490 1830 2944
2944 1830 2490
2666 518 1764
1764 518 2666
518 1764 2666
1623 712 2794
2794 712 1623
712 1623 2794
758 822 2957
2957 758 822
822 758 2957
1809 1895 2066
1895 1809 2066
2066 1809 1895
1195 465 2138
465 1195 2138
2138 465 1195
1397 1162 2920
1162 1397 2920
2920 1162 1397
2210 2507 2937
2507 2210 2937
2937 2210 2507
875 766 2829
766 875 2829
2829 766 875
1160 298 2515
298 1160 2515
2515 298 1160
2960 625 1024
625 1024 2960
1024 625 2960
1762 698 1156
698 1156 1762
1156 698 1762
2753 1672 2247
2247 1672 2753
1672 2247 2753
1068 871 2173
871 1068 2173
2173 871 1068
2113 1497 2732
1497 2113 2732
2732 1497 2113
1707 1633 2709
2709 1633 1707
1633 1707 2709
1301 1420 2880
1420 1301 2880
2880 1301 1420
448 1680 2891
2891 448 1680
1680 448 2891
2653 951 2959
2959 951 2653
951 2653 2959
2261 1599 2002
2002 1599 2261
1599 2002 2261
2160 278 1276
1276 278 2160
278 1276 2160
1934 741 1858
1858 741 1934
741 1858 1934
1840 975 2054
975 1840 2054
2054 975 1840
2951 1703 2127
2127 1703 2951
1703 2127 2951
930 630 850
630 850 930
850 630 930
1771 746 1877
1877 746 1771
746 1771 1877
2367 708 2099
708 2099 2367
2099 708 2367
1883 820 1092
1092 820 1883
820 1092 1883
854 508 2510
508 854 2510
2510 508 854
2446 590 2727
590 2446 2727
2727 590 2446
823 551 1770
551 823 1770
1770 551 823
538 1020 1732
1020 538 1732
1732 538 1020
49 2382 2806
2382 49 2806
2806 49 2382
1911 456 2917
2917 456 1911
456 1911 2917
2177 113 2802
2802 113 2177
113 2177 2802
1268 2258 2725
2258 1268 2725
2725 1268 2258
2913 125 2498
125 2498 2913
2498 125 2913
2502 344 2578
2578 344 2502
344 2502 2578
2935 576 2075
576 2075 2935
2075 576 2935
2875 2504 2922
2922 2504 2875
2504 2875 2922
834 233 1892
233 834 1892
1892 233 834
968 1800 2257
1800 968 2257
2257 968 1800
1736 439 880
880 439 1736
439 880 1736
1069 1255 2563
2563 1069 1255
1255 1069 2563
1643 668 732
668 732 1643
732 668 1643
2690 891 2994
2994 891 2690
891 2690 2994
1344 1317 1854
1854 1317 1344
1317 1344 1854
1870 335 428
335 428 1870
428 335 1870
200 618 1685
618 200 1685
1685 200 618
119 1666 2963
1666 119 2963
2963 119 1666
192 728 1468
728 192 1468
1468 192 728
1577 399 849
399 849 1577
849 399 1577
1086 243 819
243 819 1086
819 243 1086
1233 2193 2644
2644 1233 2193
2193 1233 2644
783 305 2797
2797 305 783
305 783 2797
2614 1509 2117
2117 1509 2614
1509 2117 2614
1289 342 2707
2707 342 1289
342 1289 2707
2294 549 2342
549 2294 2342
2342 549 2294
205 420 727
420 205 727
727 205 420
627 1477 2585
1477 627 2585
2585 627 1477
2751 767 2329
2329 767 2751
767 2329 2751
182 1184 1887
1887 182 1184
1184 182 1887
704 1374 1480
1374 704 1480
1480 704 1374
955 1115 2079
2079 955 1115
1115 955 2079
2289 270 1217
270 1217 2289
1217 270 2289
525 326 2765
2765 326 525
326 525 2765
2304 2038 2143
2143 2038 2304
2038 2143 2304
2800 954 1879
954 1879 2800
1879 954 2800
829 1531 2408
1531 829 2408
2408 829 1531
796 1993 2626
1993 796 2626
2626 796 1993
501 631 1937
631 501 1937
1937 501 631
2082 1051 2019
2019 1051 2082
1051 2019 2082
396 1955 2914
1955 396 2914
2914 396 1955
138 901 2649
901 138 2649
2649 138 901
1548 2883 2918
2918 1548 2883
2883 1548 2918
1061 1165 2404
2404 1061 1165
1165 1061 2404
2934 737 1474
1474 737 2934
737 1474 2934
599 1857 2980
1857 599 2980
2980 599 1857
255 1676 2896
1676 255 2896
2896 255 1676
1197 1495 1803
1803 1197 1495
1495 1197 1803
934 579 2020
579 934 2020
2020 579 934
115 2012 2971
2012 115 2971
2971 115 2012
533 241 2787
241 533 2787
2787 241 533
1281 1777 2954
2954 1281 1777
1777 1281 2954
1037 1214 1904
1214 1037 1904
1904 1037 1214
527 2063 2974
2063 527 2974
2974 527 2063
2488 220 909
220 909 2488
909 220 2488
1250 656 2231
656 1250 2231
2231 656 1250
977 1641 1675
1641 977 1675
1675 977 1641
1535 154 1683
154 1535 1683
1683 154 1535
13 929 2500
929 13 2500
2500 13 929
1434 381 807
807 381 1434
381 807 1434
487 2373 2439
2373 487 2439
2439 487 2373
1030 722 1751
1751 722 1030
722 1030 1751
2006 2315 2768
2315 2006 2768
2768 2006 2315
932 2032 2417
2032 932 2417
2417 932 2032
638 1190 2740
1190 638 2740
2740 638 1190
2377 1841 2035
1841 2035 2377
2035 1841 2377
2383 979 2069
979 2069 2383
2069 979 2383
1080 146 2458
146 1080 2458
2458 146 1080
859 1121 2211
1121 859 2211
2211 859 1121
750 1775 2582
2582 750 1775
1775 750 2582
831 1126 2900
2900 831 1126
1126 831 2900
813 681 2939
2939 681 813
681 813 2939
553 144 2045
144 553 2045
2045 144 553
585 1223 2893
2893 585 1223
1223 585 2893
181 363 806
363 181 806
806 181 363
6 395 2774
2774 6 395
395 6 2774
1035 1457 2314
1457 1035 2314
2314 1035 1457
1000 308 1243
308 1000 1243
1243 308 1000
1962 2165 2459
2165 1962 2459
2459 1962 2165
140 499 1945
499 140 1945
1945 140 499
1831 1612 1673
1612 1673 1831
1673 1612 1831
1350 937 1275
937 1275 1350
1275 937 1350
59 415 1825
1825 59 415
415 59 1825
1570 16 1094
16 1094 1570
1094 16 1570
1508 188 2705
2705 188 1508
188 1508 2705
470 1016 1923
1923 470 1016
1016 470 1923
2801 1561 2285
1561 2285 2801
2285 1561 2801
463 120 2238
2238 120 463
120 463 2238
2183 2243 2863
2863 2183 2243
2243 2183 2863
2037 403 2773
2773 403 2037
403 2037 2773
580 1440 2092
1440 580 2092
2092 580 1440
2630 1241 2010
2010 1241 2630
1241 2010 2630
1073 348 365
365 348 1073
348 365 1073
1283 660 1219
1219 660 1283
660 1219 1283
558 268 983
983 268 558
268 558 983
1581 4 2141
2141 4 1581
4 1581 2141
1471 718 1754
1754 718 1471
718 1471 1754
82 1332 2005
1332 82 2005
2005 82 1332
1178 74 2613
74 1178 2613
2613 74 1178
1987 1957 2628
2628 1957 1987
1957 1987 2628
1669 22 1074
22 1074 1669
1074 22 1669
2538 594 2693
594 2538 2693
2693 594 2538
1274 1893 2905
1893 1274 2905
2905 1274 1893
1422 178 2206
2206 178 1422
178 1422 2206
2022 409 1413
409 1413 2022
1413 409 2022
151 244 2724
244 151 2724
2724 151 244
275 2852 2899
2852 275 2899
2899 275 2852
1766 1083 1175
1083 1175 1766
1175 1083 1766
2763 1950 2921
2921 1950 2763
1950 2763 2921
2505 1704 1804
1804 1704 2505
1704 1804 2505
1075 641 2274
2274 641 1075
641 1075 2274
711 64 2182
64 711 2182
2182 64 711
1368 143 505
505 143 1368
143 505 1368
1246 199 2370
199 1246 2370
2370 199 1246
360 1106 1901
1106 360 1901
1901 360 1106
2156 738 1773
738 1773 2156
1773 738 2156
1844 1433 2825
2825 1433 1844
1433 1844 2825
1140 31 56
56 31 1140
31 56 1140
1717 358 926
926 358 1717
358 926 1717
509 340 2508
2508 340 509
340 509 2508
1511 254 1584
1584 254 1511
254 1511 1584
1970 543 1489
543 1489 1970
1489 543 1970
1473 177 2669
2669 177 1473
177 1473 2669
130 506 2723
2723 130 506
506 130 2723
2792 782 1910
782 1910 2792
1910 782 2792
2520 2555 2839
2839 2520 2555
2555 2520 2839
1011 1921 2148
2148 1011 1921
1921 1011 2148
1619 408 2979
2979 408 1619
408 1619 2979
2111 155 2741
2741 155 2111
155 2111 2741
1391 2364 2551
2364 1391 2551
2551 1391 2364
730 749 1797
1797 730 749
749 730 1797
109 761 2208
2208 109 761
761 109 2208
1066 2645 2953
2953 1066 2645
2645 1066 2953
1941 733 2929
733 1941 2929
2929 733 1941
795 1354 2761
2761 795 1354
1354 795 2761
2467 446 2486
2486 446 2467
446 2467 2486
325 493 2077
2077 325 493
493 325 2077
1690 111 2416
111 1690 2416
2416 111 1690
1693 197 740
197 740 1693
740 197 1693
2713 1349 2276
1349 2276 2713
2276 1349 2713
2557 161 1788
1788 161 2557
161 1788 2557
1869 2053 2901
2053 1869 2901
2901 1869 2053
231 957 1186
957 231 1186
1186 231 957
1362 280 353
353 280 1362
280 353 1362
2470 2714 2995
2714 2470 2995
2995 2470 2714
2911 397 1100
397 1100 2911
1100 397 2911
969 1089 2631
2631 969 1089
1089 969 2631
478 899 1157
899 478 1157
1157 478 899
2907 569 1119
569 1119 2907
1119 569 2907
2853 128 1334
1334 128 2853
128 1334 2853
1828 1084 1540
1540 1084 1828
1084 1540 1828
817 194 2573
194 817 2573
2573 194 817
2593 411 666
411 666 2593
666 411 2593
1850 591 1321
591 1321 1850
1321 591 1850
2997 1247 2695
2695 1247 2997
1247 2695 2997
731 264 2321
2321 264 731
264 731 2321
1055 2132 2696
2132 1055 2696
2696 1055 2132
1419 1900 2104
1900 1419 2104
2104 1419 1900
2566 2267 2897
2267 2566 2897
2897 2267 2566
1107 1047 2873
1047 1107 2873
2873 1047 1107
742 28 1593
28 742 1593
1593 28 742
309 1070 2008
1070 309 2008
2008 309 1070
489 306 2513
306 489 2513
2513 306 489
771 2226 2466
2226 771 2466
2466 771 2226
2157 323 1377
323 1377 2157
1377 323 2157
1444 696 1424
696 1424 1444
1424 696 1444
432 2441 2809
2441 432 2809
2809 432 2441
772 1052 2131
1052 772 2131
2131 772 1052
1380 828 2730
2730 828 1380
828 1380 2730
2207 1692 2227
1692 2207 2227
2227 1692 2207
378 284 2844
2844 284 378
284 378 2844
2435 1158 1715
1715 1158 2435
1158 1715 2435
95 1864 2783
1864 95 2783
2783 95 1864
1608 169 1428
169 1428 1608
1428 169 1608
1712 1262 2337
1262 1712 2337
2337 1262 1712
1961 1728 1815
1815 1728 1961
1728 1815 1961
1638 1896 2100
2100 1638 1896
1896 1638 2100
1569 281 2425
281 1569 2425
2425 281 1569
12 602 1431
602 12 1431
1431 12 602
2559 1820 1918
1820 1918 2559
1918 1820 2559
1224 81 2728
81 1224 2728
2728 81 1224
2024 18 2530
2530 18 2024
18 2024 2530
2318 367 2876
367 2318 2876
2876 367 2318
424 721 1779
721 424 1779
1779 424 721
203 744 2615
744 203 2615
2615 203 744
2437 193 725
725 193 2437
193 725 2437
123 370 2698
2698 123 370
370 123 2698
1791 2168 2491
2491 1791 2168
2168 1791 2491
648 2220 3000
2220 648 3000
3000 648 2220
2882 76 223
76 223 2882
223 76 2882
1318 655 1222
655 1222 1318
1222 655 1318
2501 755 1026
1026 755 2501
755 1026 2501
211 1774 2776
1774 211 2776
2776 211 1774
2244 898 2903
2903 898 2244
898 2244 2903
2651 303 824
303 824 2651
824 303 2651
1476 563 1846
563 1476 1846
1846 563 1476
361 329 1609
1609 329 361
329 361 1609
2659 206 2668
206 2659 2668
2668 206 2659
2869 2031 2675
2675 2031 2869
2031 2675 2869
2147 952 2885
952 2147 2885
2885 952 2147
1414 1823 1836
1836 1414 1823
1823 1414 1836
1448 1200 2341
2341 1200 1448
1200 1448 2341
221 1409 2544
2544 221 1409
1409 221 2544
2376 273 1679
1679 273 2376
273 1679 2376
265 821 1139
1139 265 821
821 265 1139
2492 1644 2306
1644 2306 2492
2306 1644 2492
398 1744 2612
2612 398 1744
1744 398 2612
496 1287 2865
1287 496 2865
2865 496 1287
421 153 1421
153 421 1421
1421 153 421
1982 1323 2605
2605 1323 1982
1323 1982 2605
1662 1861 2052
2052 1662 1861
1861 1662 2052
769 86 2595
2595 86 769
86 769 2595
2701 2419 2831
2831 2419 2701
2419 2701 2831
1965 842 2664
842 1965 2664
2664 842 1965
2184 877 2647
2647 877 2184
877 2184 2647
1650 1071 1787
1787 1071 1650
1071 1650 1787
833 1660 1682
1682 833 1660
1660 833 1682
2550 392 422
422 392 2550
392 422 2550
2638 1142 1906
1142 1906 2638
1906 1142 2638
1785 364 2961
2961 364 1785
364 1785 2961
786 818 1944
1944 786 818
818 786 1944
2947 765 1371
765 1371 2947
1371 765 2947
989 1064 2049
2049 989 1064
1064 989 2049
593 490 2830
490 593 2830
2830 490 593
2611 2463 2942
2942 2463 2611
2463 2611 2942
1653 777 1293
1293 777 1653
777 1293 1653
1845 2771 2923
2923 1845 2771
2771 1845 2923
2068 1125 2013
2013 1125 2068
1125 2013 2068
2856 567 1507
1507 567 2856
567 1507 2856
224 520 2291
2291 224 520
520 224 2291
2236 844 2594
844 2236 2594
2594 844 2236
494 1193 1954
1193 494 1954
1954 494 1193
486 91 427
91 427 486
427 91 486
1909 1483 2222
1483 1909 2222
2222 1483 1909
2414 894 2571
2571 894 2414
894 2414 2571
2155 1278 1949
1949 1278 2155
1278 1949 2155
1769 734 1706
734 1706 1769
1706 734 1769
1905 1236 2311
1236 1905 2311
2311 1236 1905
1654 94 425
425 94 1654
94 425 1654
350 1447 2742
2742 350 1447
1447 350 2742
127 269 950
269 127 950
950 127 269
124 1015 2581
1015 124 2581
2581 124 1015
1296 1924 2290
2290 1296 1924
1924 1296 2290
2560 794 2619
794 2560 2619
2619 794 2560
2796 338 2346
338 2346 2796
2346 338 2796
2189 976 2398
2398 976 2189
976 2189 2398
1284 304 1782
1782 304 1284
304 1284 1782
438 1765 2610
1765 438 2610
2610 438 1765
2203 2590 2823
2590 2203 2823
2823 2203 2590
2662 586 1590
1590 586 2662
586 1590 2662
575 936 1709
936 575 1709
1709 575 936
1637 1039 1348
1039 1348 1637
1348 1039 1637
2827 215 2078
2078 215 2827
215 2078 2827
1254 2034 2534
2034 1254 2534
2534 1254 2034
2547 1487 2476
1487 2476 2547
2476 1487 2547
481 600 1355
600 481 1355
1355 481 600
537 1968 1986
1968 537 1986
1986 537 1968
812 689 966
689 812 966
966 689 812
402 2442 2599
2599 402 2442
2442 402 2599
2706 1361 1684
1361 1684 2706
1684 1361 2706
376 117 2093
117 376 2093
2093 117 376
900 1239 1884
1239 900 1884
1884 900 1239
1826 417 970
970 417 1826
417 970 1826
2279 789 2190
2190 789 2279
789 2190 2279
1226 336 876
336 876 1226
876 336 1226
2526 63 2990
63 2526 2990
2990 63 2526
110 474 2598
2598 110 474
474 110 2598
2780 44 327
44 327 2780
327 44 2780
2646 108 2716
108 2646 2716
2716 108 2646
90 1478 2529
2529 90 1478
1478 90 2529
973 1147 2983
1147 973 2983
2983 973 1147
1516 2107 2542
2107 1516 2542
2542 1516 2107
2218 2009 2841
2009 2218 2841
2841 2009 2218
889 675 2335
2335 675 889
675 889 2335
32 1756 2799
1756 32 2799
2799 32 1756
2503 462 1007
462 1007 2503
1007 462 2503
616 1161 1331
1161 616 1331
1331 616 1161
1328 714 1065
714 1065 1328
1065 714 1328
405 1012 1091
1091 405 1012
1012 405 1091
862 2351 2509
2509 862 2351
2351 862 2509
25 908 1938
908 25 1938
1938 25 908
2926 1545 2397
2397 1545 2926
1545 2397 2926
443 2200 2464
2200 443 2464
2464 443 2200
1807 2531 2549
2531 1807 2549
2549 1807 2531
907 545 2354
2354 545 907
545 907 2354
71 380 1484
380 71 1484
1484 71 380
67 39 1095
39 67 1095
1095 39 67
1929 1759 2556
1759 1929 2556
2556 1759 1929
318 1201 1730
1201 318 1730
1730 318 1201
2543 491 2269
491 2269 2543
2269 491 2543
693 1743 2665
1743 693 2665
2665 693 1743
652 129 261
129 261 652
261 129 652
605 541 1983
1983 541 605
541 605 1983
2288 444 848
444 848 2288
848 444 2288
513 1257 1297
1297 513 1257
1257 513 1297
2848 163 1998
1998 163 2848
163 1998 2848
1549 982 1013
982 1013 1549
1013 982 1549
1172 890 2358
890 1172 2358
2358 890 1172
2481 723 2818
2818 723 2481
723 2481 2818
1729 805 1265
1265 805 1729
805 1265 1729
2313 860 1734
1734 860 2313
860 1734 2313
2460 2445 2909
2909 2445 2460
2445 2460 2909
1931 705 2785
705 1931 2785
2785 705 1931
349 787 1742
1742 349 787
787 349 1742
1259 2 1333
2 1259 1333
1333 2 1259
2122 869 1173
869 1173 2122
1173 869 2122
2465 15 2169
2169 15 2465
15 2169 2465
1048 2650 2884
2884 1048 2650
2650 1048 2884
9 1436 1992
1436 9 1992
1992 9 1436
2026 1353 2558
2558 1353 2026
1353 2026 2558
757 1253 1733
1253 757 1733
1733 757 1253
1058 847 1903
1903 847 1058
847 1058 1903
2744 301 931
301 931 2744
931 301 2744
2746 1737 2389
1737 2389 2746
2389 1737 2746
2039 743 2319
743 2039 2319
2319 743 2039
412 236 1760
1760 236 412
236 412 1760
156 571 1851
571 156 1851
1851 156 571
1580 1646 2204
1646 1580 2204
2204 1580 1646
328 902 1285
1285 328 902
902 328 1285
160 1144 2058
1144 160 2058
2058 160 1144
2251 1710 2930
2930 1710 2251
1710 2251 2930
2749 2110 2349
2110 2349 2749
2349 2110 2749
2677 1486 2702
1486 2677 2702
2702 1486 2677
1585 694 1288
694 1288 1585
1288 694 1585
450 1110 2681
1110 450 2681
2681 450 1110
1211 1001 1412
1001 1211 1412
1412 1001 1211
1082 1376 1767
1376 1082 1767
1767 1082 1376
1778 2219 2736
2219 1778 2736
2736 1778 2219
1865 389 1023
1023 389 1865
389 1023 1865
1694 430 1914
1914 430 1694
430 1694 1914
1602 1136 1647
1136 1602 1647
1647 1136 1602
2686 2014 2602
2014 2602 2686
2602 2014 2686
2902 2607 2836
2836 2607 2902
2607 2836 2902
713 297 1054
1054 297 713
297 713 1054
435 1213 2246
2246 435 1213
1213 435 2246
1696 661 1755
661 1696 1755
1755 661 1696
2021 483 2234
483 2021 2234
2234 483 2021
779 998 1306
1306 779 998
998 779 1306
459 272 1441
1441 272 459
272 459 1441
426 1745 1805
1805 426 1745
1745 426 1805
2272 2945 2989
2945 2272 2989
2989 2272 2945
1725 851 1130
851 1130 1725
1130 851 1725
266 2334 2756
2334 266 2756
2756 266 2334
1418 1537 2480
2480 1418 1537
1537 1418 2480
670 1319 1783
1319 670 1783
1783 670 1319
2434 394 2762
2762 394 2434
394 2434 2762
2395 511 940
511 940 2395
940 511 2395
1601 77 133
133 77 1601
77 133 1601
1451 1346 2198
1346 1451 2198
2198 1346 1451
1449 1753 2623
2623 1449 1753
1753 1449 2623
2431 568 2109
2109 568 2431
568 2109 2431
1799 413 991
413 991 1799
991 413 1799
1372 1527 1922
1922 1372 1527
1527 1372 1922
809 2366 2737
2737 809 2366
2366 809 2737
2172 554 1153
1153 554 2172
554 1153 2172
879 209 1979
209 879 1979
1979 209 879
2230 292 1302
292 1302 2230
1302 292 2230
1847 84 2519
2519 84 1847
84 1847 2519
1989 467 800
800 467 1989
467 800 1989
225 2015 2710
2710 225 2015
2015 225 2710
650 1811 2338
2338 650 1811
1811 650 2338
1936 561 996
561 996 1936
996 561 1936
1876 1034 1990
1990 1034 1876
1034 1876 1990
1927 186 2457
2457 186 1927
186 1927 2457
2263 1627 2632
1627 2263 2632
2632 1627 2263
1341 1004 2857
1004 1341 2857
2857 1004 1341
2499 1411 2028
1411 2028 2499
2028 1411 2499
1395 903 2655
2655 903 1395
903 1395 2655
2766 1848 2064
1848 2064 2766
2064 1848 2766
375 1502 2654
1502 375 2654
2654 375 1502
184 2620 2704
2620 184 2704
2704 184 2620
1821 1719 2834
2834 1719 1821
1719 1821 2834
639 1221 2821
1221 639 2821
2821 639 1221
333 1384 2268
1384 333 2268
2268 333 1384
2748 35 2391
2391 35 2748
35 2391 2748
679 1432 2449
2449 679 1432
1432 679 2449
2029 1056 2946
2946 1056 2029
1056 2029 2946
1834 960 2018
2018 960 1834
960 1834 2018
2511 1664 2679
2679 1664 2511
1664 2511 2679
2065 892 2887
892 2065 2887
2887 892 2065
172 943 2779
2779 172 943
943 172 2779
945 1946 2225
1946 945 2225
2225 945 1946
546 1299 2176
2176 546 1299
1299 546 2176
1913 475 935
935 475 1913
475 935 1913
2048 550 2260
550 2048 2260
2260 550 2048
2004 788 799
788 799 2004
799 788 2004
23 2564 2576
2576 23 2564
2564 23 2576
334 386 1519
386 334 1519
1519 334 386
1634 379 2604
2604 379 1634
379 1634 2604
1199 410 1985
410 1199 1985
1985 410 1199
2076 623 1336
1336 623 2076
623 1336 2076
2081 116 1956
116 1956 2081
1956 116 2081
198 331 2948
331 198 2948
2948 198 331
1701 584 1589
1589 584 1701
584 1589 1701
2835 838 845
845 838 2835
838 845 2835
1964 559 2235
2235 559 1964
559 1964 2235
1645 959 1520
1520 959 1645
959 1520 1645
1723 922 1042
922 1042 1723
1042 922 1723
189 2295 2813
2813 189 2295
2295 189 2813
498 332 1780
1780 332 498
332 498 1780
1600 72 2784
72 1600 2784
2784 72 1600
2144 1720 1839
1839 1720 2144
1720 1839 2144
166 878 2915
2915 166 878
878 166 2915
2091 1303 2988
1303 2091 2988
2988 1303 2091
870 330 1792
330 870 1792
1792 330 870
1536 373 944
373 944 1536
944 373 1536
1149 1817 1829
1829 1149 1817
1817 1149 1829
2280 1798 2494
2494 1798 2280
1798 2280 2494
2931 801 1028
801 1028 2931
1028 801 2931
1542 1688 2401
1688 1542 2401
2401 1542 1688
1513 2347 2483
2347 1513 2483
2483 1513 2347
1686 1212 1515
1515 1212 1686
1212 1515 1686
289 1218 1425
1218 289 1425
1425 289 1218
1948 633 1245
1245 633 1948
633 1245 1948
248 832 2993
2993 248 832
832 248 2993
1320 716 1294
1294 716 1320
716 1294 1320
1943 7 2540
7 1943 2540
2540 7 1943
1726 277 2271
277 1726 2271
2271 277 1726
611 62 2270
62 611 2270
2270 62 611
2745 866 2600
866 2600 2745
2600 866 2745
2300 1427 2840
2840 1427 2300
1427 2300 2840
2309 856 1750
1750 856 2309
856 1750 2309
1917 542 2174
542 1917 2174
2174 542 1917
2895 1708 2196
2196 1708 2895
1708 2196 2895
147 720 1530
720 147 1530
1530 147 720
2769 1485 2648
2648 1485 2769
1485 2648 2769
1176 1220 2867
1220 1176 2867
2867 1176 1220
2859 296 458
296 458 2859
458 296 2859
2137 784 1129
784 1129 2137
1129 784 2137
770 717 963
963 717 770
717 770 963
1833 1571 1748
1748 1571 1833
1571 1748 1833
1575 2793 2870
2870 1575 2793
2793 1575 2870
2073 2403 2583
2583 2073 2403
2403 2073 2583
1263 1562 2828
2828 1263 1562
1562 1263 2828
1915 384 2252
2252 384 1915
384 1915 2252
1568 1952 2569
2569 1568 1952
1952 1568 2569
785 990 1529
990 785 1529
1529 785 990
204 2254 2810
2810 204 2254
2254 204 2810
2185 645 1971
645 1971 2185
1971 645 2185
2936 999 2468
2468 999 2936
999 2468 2936
2421 1980 2717
2717 1980 2421
1980 2421 2717
916 1827 2242
2242 916 1827
1827 916 2242
341 433 1856
1856 341 433
433 341 1856
1888 314 2409
2409 314 1888
314 1888 2409
2433 1632 2608
2608 1632 2433
1632 2433 2608
134 532 1978
532 134 1978
1978 134 532
2925 953 1097
953 1097 2925
1097 953 2925
1104 1171 2973
1171 1104 2973
2973 1104 1171
213 1135 2952
2952 213 1135
1135 213 2952
2086 442 2275
2275 442 2086
442 2086 2275
2580 1793 2061
2061 1793 2580
1793 2061 2580
1496 2041 2814
2814 1496 2041
2041 1496 2814
1077 29 1930
1930 29 1077
29 1077 1930
2215 1041 2977
1041 2215 2977
2977 1041 2215
1868 503 897
503 897 1868
897 503 1868
1532 657 883
883 657 1532
657 883 1532
1605 170 2767
2767 170 1605
170 1605 2767
1182 24 202
202 24 1182
24 202 1182
324 136 1329
136 324 1329
1329 136 324
139 183 654
183 139 654
654 139 183
962 17 401
401 17 962
17 401 962
207 122 515
515 122 207
122 207 515
1270 956 2214
956 1270 2214
2214 956 1270
2514 73 222
222 73 2514
73 222 2514
45 2423 2656
2656 45 2423
2423 45 2656
2928 863 2731
863 2731 2928
2731 863 2928
2418 1630 2454
2454 1630 2418
1630 2418 2454
690 674 2328
674 690 2328
2328 674 690
1401 1360 2250
1360 1401 2250
2250 1360 1401
682 1862 2339
1862 682 2339
2339 682 1862
1795 852 2871
852 1795 2871
2871 852 1795
2059 1886 2757
2757 1886 2059
1886 2059 2757
461 2553 2999
2999 461 2553
2553 461 2999
2998 142 1698
1698 142 2998
142 1698 2998
383 1292 2213
1292 383 2213
2213 383 1292
933 2151 2967
2151 933 2967
2967 933 2151
2759 939 2671
2671 939 2759
939 2671 2759
2140 107 1163
107 1163 2140
1163 107 2140
2262 1196 1642
1642 1196 2262
1196 1642 2262
522 629 1522
629 522 1522
