1558 2490 2914
2490 1558 2914
2914 1558 2490
1279 1323 2146
1323 1279 2146
2146 1279 1323
1764 2082 2902
2082 1764 2902
2902 1764 2082
1700 638 1510
638 1510 1700
1510 638 1700
2173 297 1172
297 1172 2173
1172 297 2173
467 571 1430
571 467 1430
1430 467 571
249 376 1384
1384 249 376
376 249 1384
383 500 1274
1274 383 500
500 383 1274
2710 355 1921
1921 355 2710
355 1921 2710
1375 617 2268
2268 617 1375
617 1375 2268
420 134 951
951 134 420
134 420 951
1782 1939 2595
1939 1782 2595
2595 1782 1939
2923 413 1677
1677 413 2923
413 1677 2923
1432 465 2318
2318 465 1432
465 1432 2318
1709 1267 2558
2558 1267 1709
1267 1709 2558
130 482 2381
2381 130 482
482 130 2381
197 1663 2261
2261 197 1663
1663 197 2261
476 1247 2564
2564 476 1247
1247 476 2564
468 1670 1757
1670 468 1757
1757 468 1670
888 1234 1622
1234 888 1622
1622 888 1234
2520 493 697
697 493 2520
493 697 2520
544 367 452
367 452 544
452 367 544
2145 1349 2294
1349 2145 2294
2294 1349 2145
930 1007 2352
2352 930 1007
1007 930 2352
1243 1182 2191
2191 1182 1243
1182 1243 2191
1075 234 2093
2093 234 1075
234 1075 2093
1427 601 2701
2701 601 1427
601 1427 2701
774 2808 2939
2808 774 2939
2939 774 2808
2429 1194 1653
1194 1653 2429
1653 1194 2429
2799 1105 1257
1257 1105 2799
1105 1257 2799
2676 1868 2750
1868 2676 2750
2750 1868 2676
1357 12 1758
1758 12 1357
12 1357 1758
232 233 2464
233 232 2464
2464 232 233
395 370 1099
1099 370 395
370 395 1099
1761 8 481
8 481 1761
481 8 1761
2812 1111 2170
1111 2170 2812
2170 1111 2812
1710 1038 2441
2441 1038 1710
1038 1710 2441
1635 1652 1666
1666 1635 1652
1652 1635 1666
2936 2329 2997
2329 2936 2997
2997 2329 2936
2532 1628 2688
2688 1628 2532
1628 2532 2688
2155 1147 2340
2340 1147 2155
1147 2155 2340
879 1556 2163
1556 879 2163
2163 879 1556
251 2652 2667
2652 251 2667
2667 251 2652
1776 1955 2075
1955 1776 2075
2075 1776 1955
966 1201 1802
1201 966 1802
1802 966 1201
1613 985 2187
985 1613 2187
2187 985 1613
990 1039 2943
1039 990 2943
2943 990 1039
430 1107 1443
1443 430 1107
1107 430 1443
945 893 2054
2054 893 945
893 945 2054
1207 458 660
660 458 1207
458 660 1207
1124 612 1118
612 1118 1124
1118 612 1124
2449 885 944
944 885 2449
885 944 2449
1996 237 2077
2077 237 1996
237 1996 2077
788 2611 2835
2611 788 2835
2835 788 2611
2666 1450 1800
1800 1450 2666
1450 1800 2666
2690 543 2482
543 2482 2690
2482 543 2690
2392 685 1531
685 1531 2392
1531 685 2392
272 166 1615
166 272 1615
1615 166 272
989 2417 2851
2417 989 2851
2851 989 2417
2952 749 2336
749 2336 2952
2336 749 2952
826 2368 2970
2368 826 2970
2970 826 2368
1096 56 2049
2049 56 1096
56 1096 2049
116 2090 2431
2090 116 2431
2431 116 2090
2683 899 2813
2813 899 2683
899 2683 2813
2312 158 1532
1532 158 2312
158 1532 2312
840 1058 1851
1851 840 1058
1058 840 1851
1003 419 1217
1217 419 1003
419 1003 1217
68 469 2896
469 68 2896
2896 68 469
2915 201 1777
1777 201 2915
201 1777 2915
2679 418 1153
1153 418 2679
418 1153 2679
315 97 1496
97 315 1496
1496 97 315
1189 1951 2746
2746 1189 1951
1951 1189 2746
2498 407 1306
407 1306 2498
1306 407 2498
235 229 1214
1214 229 235
229 235 1214
1676 938 2266
938 1676 2266
2266 938 1676
2167 2407 2689
2689 2167 2407
2407 2167 2689
1433 1282 2503
2503 1282 1433
1282 1433 2503
2931 54 2432
2432 54 2931
54 2432 2931
2120 699 1136
1136 699 2120
699 1136 2120
1041 1570 2168
1570 1041 2168
2168 1041 1570
1933 480 1472
480 1472 1933
1472 480 1933
811 825 874
825 811 874
874 811 825
1965 473 2698
2698 473 1965
473 1965 2698
216 2631 2648
2631 216 2648
2648 216 2631
2885 905 1353
1353 905 2885
905 1353 2885
948 1404 1689
1689 948 1404
1404 948 1689
1486 23 164
23 164 1486
164 23 1486
1669 1991 2361
2361 1669 1991
1991 1669 2361
1588 145 454
454 145 1588
145 454 1588
680 1494 2103
2103 680 1494
1494 680 2103
2062 2950 3000
2950 2062 3000
3000 2062 2950
108 384 2063
2063 108 384
384 108 2063
2457 1251 2303
2303 1251 2457
1251 2303 2457
917 1547 2005
2005 917 1547
1547 917 2005
1401 1887 2645
2645 1401 1887
1887 1401 2645
1934 1874 2497
2497 1874 1934
1874 1934 2497
1890 1190 1847
1190 1847 1890
1847 1190 1890
2408 498 1418
1418 498 2408
498 1418 2408
2255 485 1304
1304 485 2255
485 1304 2255
1564 2302 2505
2505 1564 2302
2302 1564 2505
575 188 634
188 575 634
634 188 575
759 150 1735
150 759 1735
1735 150 759
1220 1920 2323
2323 1220 1920
1920 1220 2323
837 207 2219
207 837 2219
2219 207 837
1071 1760 2536
2536 1071 1760
1760 1071 2536
2024 711 1587
711 1587 2024
1587 711 2024
616 1295 1376
1295 616 1376
1376 616 1295
2290 2330 2509
2330 2290 2509
2509 2290 2330
1057 2668 2975
2668 1057 2975
2975 1057 2668
2574 1892 2414
2414 1892 2574
1892 2414 2574
2533 358 2180
358 2180 2533
2180 358 2533
2781 670 1011
670 1011 2781
1011 670 2781
1325 715 1582
1582 715 1325
715 1325 1582
1212 2127 2354
2127 1212 2354
2354 1212 2127
2572 1240 1886
1240 1886 2572
1886 1240 2572
138 334 1150
1150 138 334
334 138 1150
127 1419 2435
2435 127 1419
1419 127 2435
2237 932 1940
1940 932 2237
932 1940 2237
1571 53 1790
53 1571 1790
1790 53 1571
1896 2549 2809
2809 1896 2549
2549 1896 2809
2157 1200 1978
1978 1200 2157
1200 1978 2157
1636 312 417
417 312 1636
312 417 1636
1511 502 2711
502 1511 2711
2711 502 1511
1853 1340 2847
2847 1340 1853
1340 1853 2847
2154 268 2009
268 2009 2154
2009 268 2154
1561 2073 2879
2073 1561 2879
2879 1561 2073
73 171 372
171 73 372
372 73 171
2131 1678 2402
1678 2131 2402
2402 1678 2131
2119 14 429
14 429 2119
429 14 2119
2699 155 535
155 535 2699
535 155 2699
901 2298 2486
2298 901 2486
2486 901 2298
713 935 2597
2597 713 935
935 713 2597
2844 66 2544
2544 66 2844
66 2544 2844
2184 2137 2756
2756 2137 2184
2137 2184 2756
2212 2393 2793
2393 2212 2793
2793 2212 2393
83 1081 1380
1081 83 1380
1380 83 1081
2370 1817 2371
1817 2370 2371
2371 1817 2370
1361 615 1180
1180 615 1361
615 1180 1361
2818 2355 2427
2427 2355 2818
2355 2427 2818
483 2027 2515
2515 483 2027
2027 483 2515
1634 972 2623
2623 972 1634
972 1634 2623
1871 1668 2552
1668 1871 2552
2552 1668 1871
1974 1101 1173
1101 1173 1974
1173 1101 1974
186 175 970
970 175 186
175 186 970
1643 33 2406
2406 33 1643
33 1643 2406
2324 2613 2733
2613 2324 2733
2733 2324 2613
1091 1048 2502
1048 1091 2502
2502 1048 1091
394 1523 2254
2254 394 1523
1523 394 2254
319 1471 1915
1471 319 1915
1915 319 1471
388 284 336
336 284 388
284 336 388
2889 572 2546
572 2546 2889
2546 572 2889
1793 442 1271
442 1271 1793
1271 442 1793
2252 1617 1722
1722 1617 2252
1617 1722 2252
2967 1072 1995
1072 1995 2967
1995 1072 2967
1702 2179 2551
2551 1702 2179
2179 1702 2551
2837 996 1420
996 1420 2837
1420 996 2837
75 106 494
494 75 106
106 75 494
761 1672 2228
2228 761 1672
1672 761 2228
1600 434 1686
1686 434 1600
434 1600 1686
1640 2647 2880
2647 1640 2880
2880 1640 2647
236 928 1927
928 236 1927
1927 236 928
2104 403 503
403 503 2104
503 403 2104
2773 508 2111
2111 508 2773
508 2111 2773
2680 740 2789
2789 740 2680
740 2680 2789
559 1738 1979
1738 559 1979
1979 559 1738
2297 1318 2216
1318 2216 2297
2216 1318 2297
2434 1358 2949
2949 1358 2434
1358 2434 2949
4 13 1470
13 4 1470
1470 4 13
1382 688 1188
1188 688 1382
688 1188 1382
651 1313 2091
2091 651 1313
1313 651 2091
2259 295 1841
295 1841 2259
1841 295 2259
184 1191 1457
1191 184 1457
1457 184 1191
1557 591 1429
591 1429 1557
1429 591 1557
2583 777 1830
1830 777 2583
777 1830 2583
1537 1284 2744
1284 1537 2744
2744 1284 1537
1913 593 1498
593 1498 1913
1498 593 1913
2384 1032 1685
1032 1685 2384
1685 1032 2384
1714 381 999
999 381 1714
381 999 1714
1064 504 2305
504 1064 2305
2305 504 1064
912 900 1602
1602 900 912
900 912 1602
1835 71 99
99 71 1835
71 99 1835
1125 364 1711
364 1125 1711
1711 364 1125
497 2003 2603
2003 497 2603
2603 497 2003
1233 1391 2740
2740 1233 1391
1391 1233 2740
2095 344 529
344 529 2095
529 344 2095
964 225 564
225 564 964
564 225 964
2188 2579 2822
2579 2188 2822
2822 2188 2579
328 877 2133
2133 328 877
877 328 2133
849 1395 2262
1395 849 2262
2262 849 1395
1195 102 726
726 102 1195
102 726 1195
2664 907 2496
2496 907 2664
907 2496 2664
773 875 1937
875 773 1937
1937 773 875
2512 832 1490
832 1490 2512
1490 832 2512
735 2462 2806
2462 735 2806
2806 735 2462
873 1335 1706
1706 873 1335
1335 873 1706
1397 1804 2034
1804 1397 2034
2034 1397 1804
2905 2286 2785
2286 2785 2905
2785 2286 2905
1018 264 969
969 264 1018
264 969 1018
2771 495 923
923 495 2771
495 923 2771
321 1483 2363
2363 321 1483
1483 321 2363
922 41 2349
2349 41 922
41 922 2349
532 664 2478
664 532 2478
2478 532 664
43 1036 2830
2830 43 1036
1036 43 2830
2609 613 2283
613 2283 2609
2283 613 2609
1103 698 1778
1778 698 1103
698 1103 1778
531 1020 2456
1020 531 2456
2456 531 1020
1728 7 913
913 7 1728
7 913 1728
2754 2094 2575
2575 2094 2754
2094 2575 2754
1143 730 1611
730 1143 1611
1611 730 1143
1883 1155 2418
2418 1155 1883
1155 1883 2418
1732 1005 1373
1373 1005 1732
1005 1373 1732
1842 2272 2638
2638 1842 2272
2272 1842 2638
1591 316 1026
1026 316 1591
316 1026 1591
2366 411 2602
411 2366 2602
2602 411 2366
206 834 2445
834 206 2445
2445 206 834
2872 992 2109
2109 992 2872
992 2109 2872
379 1573 1928
1928 379 1573
1573 379 1928
988 855 1806
1806 855 988
855 988 1806
187 474 2447
2447 187 474
474 187 2447
2147 747 2060
747 2060 2147
2060 747 2147
2718 753 1411
753 1411 2718
1411 753 2718
1046 927 2795
2795 927 1046
927 1046 2795
1589 1698 2116
2116 1589 1698
1698 1589 2116
2183 404 1242
1242 404 2183
404 1242 2183
1263 666 2264
2264 666 1263
666 1263 2264
1898 444 1013
444 1013 1898
1013 444 1898
865 1324 2201
2201 865 1324
1324 865 2201
296 916 2078
916 296 2078
2078 296 916
267 1403 2281
2281 267 1403
1403 267 2281
48 373 646
646 48 373
373 48 646
250 1555 2007
2007 250 1555
1555 250 2007
706 1356 1482
1356 706 1482
1482 706 1356
29 1554 2769
1554 29 2769
2769 29 1554
1516 1083 1904
1083 1516 1904
1904 1083 1516
890 2904 2910
2904 890 2910
2910 890 2904
1768 62 1367
1367 62 1768
62 1367 1768
1947 1108 1916
1916 1108 1947
1108 1916 1947
1379 717 2249
717 1379 2249
2249 717 1379
2189 654 1409
1409 654 2189
654 1409 2189
2207 1662 2823
2823 1662 2207
1662 2207 2823
2655 416 1924
416 1924 2655
1924 416 2655
965 2196 2285
2196 965 2285
2285 965 2196
673 1337 2002
1337 673 2002
2002 673 1337
510 1514 2610
1514 510 2610
2610 510 1514
1371 1795 2326
1795 1371 2326
2326 1371 1795
560 1230 2802
1230 560 2802
2802 560 1230
289 123 2311
123 289 2311
2311 123 289
25 786 1977
786 25 1977
1977 25 786
1873 1792 2220
2220 1792 1873
1792 1873 2220
2992 72 2359
72 2359 2992
2359 72 2992
583 1479 2350
2350 583 1479
1479 583 2350
2419 266 1158
1158 266 2419
266 1158 2419
609 2658 2834
2834 609 2658
2658 609 2834
307 728 2691
2691 307 728
728 307 2691
2797 642 848
642 848 2797
848 642 2797
2265 359 1174
359 1174 2265
1174 359 2265
1727 183 2015
183 1727 2015
2015 183 1727
2269 919 1066
1066 919 2269
919 1066 2269
2942 830 2125
2125 830 2942
830 2125 2942
1288 1400 2858
1400 1288 2858
2858 1288 1400
525 1050 1781
1781 525 1050
1050 525 1781
1309 100 2141
100 1309 2141
2141 100 1309
1784 1528 2715
1528 1784 2715
2715 1528 1784
1731 1834 2079
2079 1731 1834
1834 1731 2079
2461 656 1630
656 1630 2461
1630 656 2461
1809 2258 2448
2258 1809 2448
2448 1809 2258
1333 557 1818
1818 557 1333
557 1333 1818
943 2438 2598
2598 943 2438
2438 943 2598
1572 1339 2250
2250 1339 1572
1339 1572 2250
1028 2319 2777
2319 1028 2777
2777 1028 2319
2627 371 626
626 371 2627
371 626 2627
2270 243 963
243 963 2270
963 243 2270
2620 345 2539
345 2539 2620
2539 345 2620
1674 1119 1603
1603 1119 1674
1119 1603 1674
1131 539 2749
539 1131 2749
2749 539 1131
1559 1688 2112
1688 1559 2112
2112 1559 1688
422 1281 1355
1355 422 1281
1281 422 1355
953 692 1616
1616 692 953
692 953 1616
897 1468 2247
1468 897 2247
2247 897 1468
1368 1823 2772
2772 1368 1823
1823 1368 2772
2491 1501 1734
1734 1501 2491
1501 1734 2491
396 265 1859
1859 265 396
265 396 1859
1350 1849 2990
1849 1350 2990
2990 1350 1849
2248 1428 1695
1695 1428 2248
1428 1695 2248
2316 279 2514
279 2316 2514
2514 279 2316
1298 1116 1199
1116 1199 1298
1199 1116 1298
2038 594 1507
594 1507 2038
1507 594 2038
1560 1791 2474
1791 1560 2474
2474 1560 1791
1716 881 2484
2484 881 1716
881 1716 2484
366 1875 2926
2926 366 1875
1875 366 2926
348 1956 2071
1956 348 2071
2071 348 1956
2017 294 708
708 294 2017
294 708 2017
641 1084 1822
1822 641 1084
1084 641 1822
115 131 2897
2897 115 131
131 115 2897
1741 2101 2296
2101 1741 2296
2296 1741 2101
1117 2006 2542
2006 1117 2542
2542 1117 2006
1869 40 1037
1037 40 1869
40 1037 1869
143 317 2832
317 143 2832
2832 143 317
1794 258 1354
1354 258 1794
258 1354 1794
799 1196 2724
1196 799 2724
2724 799 1196
1458 2128 2499
2128 1458 2499
2499 1458 2128
308 1303 2174
2174 308 1303
1303 308 2174
1899 1755 2468
1755 1899 2468
2468 1755 1899
1536 1502 2776
2776 1502 1536
1502 1536 2776
1176 813 2097
2097 813 1176
813 1176 2097
2650 655 1891
1891 655 2650
655 1891 2650
2239 159 2450
159 2239 2450
2450 159 2239
2521 446 686
686 446 2521
446 686 2521
2974 1599 2380
1599 2380 2974
2380 1599 2974
1387 1134 1787
1787 1134 1387
1134 1387 1787
1801 254 2979
254 1801 2979
2979 254 1801
1410 269 614
614 269 1410
269 614 1410
523 141 553
141 523 553
553 141 523
2686 85 1352
1352 85 2686
85 1352 2686
2867 1548 1646
1548 1646 2867
1646 1548 2867
2236 789 1639
1639 789 2236
789 1639 2236
1673 105 934
934 105 1673
105 934 1673
2644 1661 1983
1983 1661 2644
1661 1983 2644
1733 1014 2367
1014 1733 2367
2367 1014 1733
1788 195 1824
1824 195 1788
195 1788 1824
904 87 1651
87 904 1651
1651 87 904
2755 2903 2976
2976 2755 2903
2903 2755 2976
2245 24 1202
1202 24 2245
24 1202 2245
1141 931 1825
1825 931 1141
931 1141 1825
1312 696 2404
2404 696 1312
696 1312 2404
1958 255 2753
255 1958 2753
2753 255 1958
1285 1576 2022
1576 1285 2022
2022 1285 1576
1604 2135 2307
2307 1604 2135
2135 1604 2307
276 765 1137
1137 276 765
765 276 1137
333 453 1986
453 333 1986
1986 333 453
2856 369 2566
2566 369 2856
369 2566 2856
2280 2129 2235
2235 2129 2280
2129 2235 2280
2594 1334 1454
1334 1454 2594
1454 1334 2594
1422 629 915
629 915 1422
915 629 1422
2604 2192 2959
2192 2604 2959
2959 2192 2604
555 628 1463
1463 555 628
628 555 1463
441 882 1863
882 441 1863
1863 441 882
1783 739 817
739 817 1783
817 739 1783
2639 2362 2510
2510 2362 2639
2362 2510 2639
2752 109 2470
109 2470 2752
2470 109 2752
806 224 1276
1276 224 806
224 806 1276
1726 205 2687
2687 205 1726
205 1726 2687
2029 772 2148
772 2029 2148
2148 772 2029
1667 1023 2972
2972 1023 1667
1023 1667 2972
1508 755 797
797 755 1508
755 797 1508
1417 363 1232
1232 363 1417
363 1232 1417
2831 46 847
46 847 2831
847 46 2831
2968 492 2150
492 2150 2968
2150 492 2968
986 16 1697
16 986 1697
1697 16 986
2601 223 2584
2584 223 2601
223 2584 2601
2962 113 862
862 113 2962
113 862 2962
2386 995 1487
1487 995 2386
995 1487 2386
649 148 2057
148 649 2057
2057 148 649
124 63 2763
2763 63 124
63 124 2763
547 550 2225
550 547 2225
2225 547 550
712 2016 2989
2989 712 2016
2016 712 2989
2046 331 1798
1798 331 2046
331 1798 2046
2088 2612 2628
2612 2088 2628
2628 2088 2612
1964 1994 2279
1994 1964 2279
2279 1964 1994
2630 1846 2694
2694 1846 2630
1846 2630 2694
2454 1742 2743
1742 2454 2743
2743 1742 2454
1752 1025 1767
1025 1752 1767
1767 1025 1752
2000 2066 2605
2605 2000 2066
2066 2000 2605
1378 2397 2557
2557 1378 2397
2397 1378 2557
262 1477 1929
1929 262 1477
1477 262 1929
2466 552 1027
552 1027 2466
1027 552 2466
2784 662 1132
1132 662 2784
662 1132 2784
1990 1512 2935
1512 1990 2935
2935 1512 1990
1707 653 1765
1765 653 1707
653 1707 1765
1329 1186 2412
1186 1329 2412
2412 1186 1329
51 282 521
282 51 521
521 51 282
1341 968 1049
968 1049 1341
1049 968 1341
1079 1151 1718
1718 1079 1151
1151 1079 1718
2649 28 2916
2916 28 2649
28 2649 2916
1109 440 1009
1009 440 1109
440 1009 1109
2766 1100 1943
1943 1100 2766
1100 1943 2766
1328 194 1786
194 1328 1786
1786 194 1328
110 1563 2251
2251 110 1563
1563 110 2251
1206 2530 2792
2792 1206 2530
2530 1206 2792
512 827 2398
827 512 2398
2398 512 827
1459 1838 2050
2050 1459 1838
1838 1459 2050
2343 675 2506
2506 675 2343
675 2343 2506
2787 703 718
703 718 2787
718 703 2787
86 241 1406
241 86 1406
1406 86 241
2663 2592 2869
2869 2592 2663
2592 2663 2869
2193 190 2011
2011 190 2193
190 2011 2193
812 499 721
721 499 812
499 721 812
1530 318 946
946 318 1530
318 946 1530
1594 2242 2780
2780 1594 2242
2242 1594 2780
2413 719 1749
719 1749 2413
1749 719 2413
2717 540 2991
540 2717 2991
2991 540 2717
2590 1381 1481
1381 1481 2590
1481 1381 2590
887 160 181
160 181 887
181 160 887
2227 302 362
302 362 2227
362 302 2227
2960 304 2854
304 2854 2960
2854 304 2960
365 1073 2451
2451 365 1073
1073 365 2451
2518 488 2775
2775 488 2518
488 2518 2775
2580 911 2333
911 2333 2580
2333 911 2580
1647 2004 2241
2004 1647 2241
2241 1647 2004
1068 180 2534
180 1068 2534
2534 180 1068
1671 908 2870
908 1671 2870
2870 908 1671
2083 1447 2400
1447 2083 2400
2400 1447 2083
1682 426 2841
426 1682 2841
2841 426 1682
1363 490 635
490 635 1363
635 490 1363
1980 1088 2375
2375 1088 1980
1088 1980 2375
2607 74 973
973 74 2607
74 973 2607
687 346 2553
346 687 2553
2553 346 687
2674 952 2032
952 2032 2674
2032 952 2674
1884 790 2953
790 1884 2953
2953 790 1884
1446 342 2377
2377 342 1446
342 1446 2377
519 2069 2171
2069 519 2171
2171 519 2069
2162 857 2523
2523 857 2162
857 2162 2523
2320 349 2924
349 2320 2924
2924 349 2320
114 386 2779
2779 114 386
386 114 2779
2928 679 1269
1269 679 2928
679 1269 2928
2921 132 1780
1780 132 2921
132 1780 2921
1456 1024 2946
1024 1456 2946
2946 1024 1456
1004 2874 2993
2993 1004 2874
2874 1004 2993
2929 1969 2722
1969 2722 2929
2722 1969 2929
1393 2232 2383
2383 1393 2232
2232 1393 2383
1828 1006 1811
1006 1811 1828
1811 1006 1828
61 2045 2730
2730 61 2045
2045 61 2730
2849 573 2693
573 2693 2849
2693 573 2849
1444 310 2913
2913 310 1444
310 1444 2913
451 1816 2424
1816 451 2424
2424 451 1816
689 1059 2983
1059 689 2983
2983 689 1059
2036 64 1299
1299 64 2036
64 1299 2036
536 898 982
982 536 898
898 536 982
694 2028 2672
2672 694 2028
2028 694 2672
2391 1724 2909
2909 1724 2391
1724 2391 2909
1598 2199 2817
2817 1598 2199
2199 1598 2817
1448 2130 2646
2130 1448 2646
2646 1448 2130
2571 1130 2210
2210 1130 2571
1130 2210 2571
1605 18 2563
2563 18 1605
18 1605 2563
962 2107 2998
2998 962 2107
2107 962 2998
2745 314 1302
314 1302 2745
1302 314 2745
1260 2160 2313
2160 1260 2313
2313 1260 2160
981 322 737
322 737 981
737 322 981
2164 1665 2217
1665 2164 2217
2217 1665 2164
406 1837 2310
2310 406 1837
1837 406 2310
1437 565 2978
2978 565 1437
565 1437 2978
1843 623 746
623 746 1843
746 623 1843
274 960 1106
960 274 1106
1106 274 960
579 2871 2945
2945 579 2871
2871 579 2945
533 2862 2987
2987 533 2862
2862 533 2987
210 215 425
425 210 215
215 210 425
278 1535 2765
1535 278 2765
2765 278 1535
1527 1008 2948
1008 1527 2948
2948 1008 1527
1314 1606 2140
2140 1314 1606
1606 1314 2140
1925 902 2768
2768 902 1925
902 1925 2768
822 353 1533
353 822 1533
1533 353 822
1290 2525 2576
2576 1290 2525
2525 1290 2576
756 1517 2271
1517 756 2271
2271 756 1517
1592 253 2653
253 1592 2653
2653 253 1592
1062 1097 2569
2569 1062 1097
1097 1062 2569
2037 833 1383
833 1383 2037
1383 833 2037
566 1424 2064
1424 566 2064
2064 566 1424
918 2056 2643
2056 918 2643
2643 918 2056
2714 785 1889
785 1889 2714
1889 785 2714
2399 647 1708
1708 647 2399
647 1708 2399
2522 179 1987
179 1987 2522
1987 179 2522
1047 1779 2117
2117 1047 1779
1779 1047 2117
292 903 2898
2898 292 903
903 292 2898
1467 1620 2861
1620 1467 2861
2861 1467 1620
283 165 2770
165 283 2770
2770 165 283
1730 742 2814
2814 742 1730
742 1730 2814
2933 1475 1687
1687 1475 2933
1475 1687 2933
775 202 707
707 202 775
202 707 775
1069 1416 2287
1416 1069 2287
2287 1069 1416
408 574 933
933 408 574
574 408 933
1308 1775 1876
1876 1308 1775
1775 1308 1876
153 2142 2985
2142 153 2985
2985 153 2142
263 1839 2165
1839 263 2165
2165 263 1839
2567 248 859
859 248 2567
248 859 2567
895 139 2422
139 895 2422
2422 139 895
1593 2001 2110
2110 1593 2001
2001 1593 2110
2443 1881 2274
1881 2274 2443
2274 1881 2443
1759 432 1478
432 1478 1759
1478 432 1759
872 769 1369
1369 769 872
769 872 1369
1644 107 695
695 107 1644
107 695 1644
2065 805 2810
2810 805 2065
805 2065 2810
2373 991 2860
2860 991 2373
991 2373 2860
762 256 2289
256 762 2289
2289 256 762
1438 1624 2696
1624 1438 2696
2696 1438 1624
1440 1684 1694
1694 1440 1684
1684 1440 1694
1960 303 1215
1215 303 1960
303 1215 1960
2284 176 1562
1562 176 2284
176 1562 2284
1725 800 892
800 892 1725
892 800 1725
2739 92 909
92 909 2739
909 92 2739
1506 764 2988
2988 764 1506
764 1506 2988
2403 1074 1877
1877 1074 2403
1074 1877 2403
1183 509 2288
509 1183 2288
2288 509 1183
1177 2369 2996
2996 1177 2369
2369 1177 2996
850 1300 2132
1300 850 2132
2132 850 1300
1211 1045 2977
2977 1045 1211
1045 1211 2977
2925 929 2178
929 2178 2925
2178 929 2925
2051 1031 2673
2673 1031 2051
1031 2051 2673
221 921 2092
2092 221 921
921 221 2092
2138 98 463
463 98 2138
98 463 2138
191 486 2778
486 191 2778
2778 191 486
924 828 1010
1010 828 924
828 924 1010
727 70 135
70 135 727
135 70 727
2882 733 1154
733 1154 2882
1154 733 2882
1343 586 1426
1426 586 1343
586 1343 1426
1244 1743 1903
1743 1244 1903
1903 1244 1743
2883 1311 1975
1311 1975 2883
1975 1311 2883
291 459 2195
459 291 2195
2195 291 459
79 1480 1770
1480 79 1770
1770 79 1480
845 663 1932
663 845 1932
1932 663 845
1402 1085 2657
2657 1085 1402
1085 1402 2657
1946 1336 2410
2410 1336 1946
1336 1946 2410
200 794 2568
794 200 2568
2568 200 794
690 393 748
748 393 690
393 690 748
2086 1203 2527
1203 2086 2527
2527 1203 2086
1121 472 1659
472 1121 1659
1659 472 1121
1280 1287 1407
1287 1280 1407
1407 1280 1287
2565 2121 2282
2121 2282 2565
2282 2121 2565
2524 152 1930
152 1930 2524
1930 152 2524
2859 754 1146
754 1146 2859
1146 754 2859
723 6 81
6 81 723
81 6 723
2747 2031 2554
2554 2031 2747
2031 2554 2747
1799 257 1250
257 1250 1799
1250 257 1799
2487 39 554
554 39 2487
39 554 2487
1365 1142 1464
1464 1142 1365
1142 1365 1464
1729 330 671
671 330 1729
330 671 1729
984 975 2529
2529 975 984
975 984 2529
2938 1882 2477
2477 1882 2938
1882 2477 2938
1421 1941 2442
1941 1421 2442
2442 1421 1941
1856 2547 2906
2906 1856 2547
2547 1856 2906
90 1745 2257
2257 90 1745
1745 90 2257
939 545 1590
1590 545 939
545 939 1590
1484 518 1225
1225 518 1484
518 1225 1484
125 604 2586
604 125 2586
2586 125 604
567 920 1810
1810 567 920
920 567 1810
2881 111 1453
1453 111 2881
111 1453 2881
1897 209 2021
209 1897 2021
2021 209 1897
1814 1526 1774
1774 1526 1814
1526 1774 1814
2426 2253 2786
2253 2426 2786
2786 2253 2426
2043 1408 2961
1408 2043 2961
2961 1408 2043
1829 587 2389
2389 587 1829
587 1829 2389
1331 338 2826
2826 338 1331
338 1331 2826
2020 2382 2839
2382 2020 2839
2839 2020 2382
2636 2058 2460
2460 2058 2636
2058 2460 2636
1705 2465 2504
2504 1705 2465
2465 1705 2504
2260 1301 2908
2908 1301 2260
1301 2260 2908
582 22 568
568 22 582
22 568 582
2124 853 1545
853 1545 2124
1545 853 2124
2934 286 455
455 286 2934
286 455 2934
2713 389 2573
2573 389 2713
389 2573 2713
2378 2840 2971
2971 2378 2840
2840 2378 2971
2511 2600 2864
2864 2511 2600
2600 2511 2864
1699 45 1461
45 1461 1699
1461 45 1699
2591 392 2941
392 2591 2941
2941 392 2591
2794 214 2507
214 2507 2794
2507 214 2794
1168 1976 2230
2230 1168 1976
1976 1168 2230
84 1683 2405
2405 84 1683
1683 84 2405
1553 691 2622
2622 691 1553
691 1553 2622
2357 421 1692
1692 421 2357
421 1692 2357
722 144 1813
144 722 1813
1813 144 722
745 1346 1747
1346 745 1747
1747 745 1346
725 3 2642
3 725 2642
2642 3 725
2229 752 2113
752 2113 2229
2113 752 2229
2 856 1867
856 2 1867
1867 2 856
556 1415 2669
1415 556 2669
2669 556 1415
1093 325 2436
325 1093 2436
2436 325 1093
2845 1122 2684
1122 2684 2845
2684 1122 2845
339 5 1862
5 339 1862
1862 5 339
744 941 2857
941 744 2857
2857 744 941
1412 489 1115
1115 489 1412
489 1115 1412
1568 447 1140
447 1140 1568
1140 447 1568
820 1870 2342
1870 820 2342
2342 820 1870
17 869 2577
869 17 2577
2577 17 869
802 1637 2475
1637 802 2475
2475 802 1637
1950 2725 2760
2725 1950 2760
2760 1950 2725
399 2596 2632
2632 399 2596
2596 399 2632
600 37 816
816 37 600
37 600 816
1935 2084 2682
2682 1935 2084
2084 1935 2682
1076 520 771
771 520 1076
520 771 1076
2659 119 994
119 994 2659
994 119 2659
1321 1248 2762
1248 1321 2762
2762 1248 1321
894 277 955
955 277 894
277 894 955
2720 891 2944
2944 891 2720
891 2720 2944
1681 864 1771
1771 864 1681
864 1681 1771
1909 1017 1095
1095 1017 1909
1017 1095 1909
595 1144 1252
1252 595 1144
1144 595 1252
2593 538 1860
1860 538 2593
538 1860 2593
1364 2807 2842
2842 1364 2807
2807 1364 2842
1720 326 2678
326 1720 2678
2678 326 1720
1317 126 738
126 738 1317
738 126 1317
2886 516 1515
1515 516 2886
516 1515 2886
484 2396 2887
2396 484 2887
2887 484 2396
1053 1087 1227
1087 1053 1227
1227 1053 1087
577 1911 2425
1911 577 2425
2425 577 1911
2758 1082 1633
1082 1633 2758
1633 1082 2758
400 309 1748
309 400 1748
1748 309 400
2956 889 2980
2980 889 2956
889 2956 2980
212 883 993
993 212 883
883 212 993
275 361 1492
361 275 1492
1492 275 361
513 60 2621
2621 60 513
60 513 2621
1249 1632 2134
1632 1249 2134
2134 1249 1632
760 21 1988
1988 21 760
21 760 1988
1236 676 947
676 947 1236
947 676 1236
385 1961 2824
2824 385 1961
1961 385 2824
327 720 2662
720 327 2662
2662 327 720
491 1166 1500
1500 491 1166
1166 491 1500
1067 526 751
526 751 1067
751 526 1067
1197 987 1351
1351 987 1197
987 1197 1351
185 546 791
546 185 791
791 185 546
2231 1266 2301
1266 2231 2301
2301 1266 2231
2963 1973 2965
1973 2963 2965
2965 1973 2963
1273 648 2492
648 1273 2492
2492 648 1273
1540 1120 1567
1120 1540 1567
1567 1120 1540
112 2105 2108
2105 112 2108
2108 112 2105
1016 795 836
836 795 1016
795 836 1016
2181 427 801
801 427 2181
427 801 2181
1223 293 757
757 293 1223
293 757 1223
741 409 2360
409 741 2360
2360 409 741
368 1850 2335
2335 368 1850
1850 368 2335
880 824 1542
1542 824 880
824 880 1542
1277 809 926
926 809 1277
809 926 1277
2500 925 1762
1762 925 2500
925 1762 2500
273 456 2365
456 273 2365
2365 273 456
2788 1626 2327
1626 2327 2788
2327 1626 2788
1844 80 534
80 534 1844
534 80 1844
2334 324 1518
324 1518 2334
1518 324 2334
335 1102 1866
1102 335 1866
1866 335 1102
2895 619 1852
1852 619 2895
619 1852 2895
548 1704 1832
1704 548 1832
1832 548 1704
2901 1452 2820
1452 2820 2901
2820 1452 2901
1162 2374 2535
2535 1162 2374
2374 1162 2535
1262 1957 2907
1957 1262 2907
2907 1262 1957
1342 979 2246
2246 979 1342
979 1342 2246
104 643 2055
643 104 2055
2055 104 643
1627 2615 2616
2615 1627 2616
2616 1627 2615
505 1509 2149
2149 505 1509
1509 505 2149
1431 1631 2437
2437 1431 1631
1631 1431 2437
1910 1619 2726
1619 1910 2726
2726 1619 1910
313 1466 2519
2519 313 1466
1466 313 2519
876 242 1944
242 876 1944
1944 242 876
2748 683 2208
2208 683 2748
683 2208 2748
2218 20 2876
2876 20 2218
20 2218 2876
2411 1218 2026
1218 2026 2411
2026 1218 2411
1575 347 1307
1307 347 1575
347 1307 1575
570 211 1808
1808 211 570
211 570 1808
2023 1769 2052
2052 1769 2023
1769 2023 2052
704 618 2930
618 704 2930
2930 618 704
36 1805 2376
2376 36 1805
1805 36 2376
1090 1751 2206
1751 1090 2206
2206 1090 1751
1291 2200 2966
2966 1291 2200
2200 1291 2966
2347 1543 2940
1543 2347 2940
2940 1543 2347
770 1238 1721
1238 770 1721
1721 770 1238
170 151 1693
151 170 1693
1693 151 170
1012 1601 2166
2166 1012 1601
1601 1012 2166
2706 204 2087
204 2087 2706
2087 204 2706
320 1723 2048
1723 320 2048
2048 320 1723
1803 1128 1701
1701 1128 1803
1128 1701 1803
2868 793 2899
2899 793 2868
793 2868 2899
182 701 2156
2156 182 701
701 182 2156
2185 815 1664
815 1664 2185
1664 815 2185
2741 1175 2115
1175 2115 2741
2115 1175 2741
2685 323 1386
1386 323 2685
323 1386 2685
2205 1246 2732
1246 2205 2732
2732 1246 2205
796 1293 2197
1293 796 2197
2197 796 1293
645 1022 2213
2213 645 1022
1022 645 2213
1945 632 2994
632 1945 2994
2994 632 1945
716 121 2100
121 716 2100
2100 121 716
2321 1000 2044
2044 1000 2321
1000 2044 2321
700 424 1001
424 700 1001
1001 424 700
1580 1906 1931
1906 1580 1931
1931 1580 1906
1474 2479 2852
2852 1474 2479
2479 1474 2852
1608 15 2348
2348 15 1608
15 1608 2348
288 230 743
743 230 288
230 288 743
57 332 1621
1621 57 332
332 57 1621
1305 1296 2838
2838 1296 1305
1296 1305 2838
1170 168 2878
168 1170 2878
2878 168 1170
1222 1 2800
1 1222 2800
2800 1 1222
341 810 1086
810 341 1086
1086 341 810
803 589 1625
589 803 1625
1625 589 803
1845 487 2825
2825 487 1845
487 1845 2825
2969 630 1187
1187 630 2969
630 1187 2969
1228 1423 2275
1423 1228 2275
2275 1228 1423
2877 1908 2695
1908 2695 2877
2695 1908 2877
2982 605 2387
2387 605 2982
605 2387 2982
669 356 640
356 640 669
640 356 669
1265 779 1221
1221 779 1265
779 1221 1265
2705 1253 2884
1253 2705 2884
2884 1253 2705
1578 1469 1737
1469 1578 1737
1737 1469 1578
1740 49 1691
49 1691 1740
1691 49 1740
561 622 1963
1963 561 622
622 561 1963
2559 861 1952
1952 861 2559
861 1952 2559
1123 1953 2068
2068 1123 1953
1953 1123 2068
1098 311 2039
2039 311 1098
311 1098 2039
177 91 245
91 177 245
245 91 177
1654 270 382
270 382 1654
382 270 1654
1493 479 854
479 854 1493
854 479 1493
2096 2151 2458
2151 2096 2458
2458 2096 2151
2106 1054 1326
1326 1054 2106
1054 1326 2106
2707 1717 2540
2540 1717 2707
1717 2540 2707
1210 32 1327
32 1210 1327
1327 32 1210
608 652 2986
2986 608 652
652 608 2986
2379 844 974
974 844 2379
844 974 2379
1739 9 462
9 462 1739
462 9 1739
2782 829 2947
829 2782 2947
2947 829 2782
1656 1161 2364
1161 1656 2364
2364 1161 1656
2118 69 858
69 858 2118
858 69 2118
2709 783 1966
1966 783 2709
783 1966 2709
1503 597 2704
2704 597 1503
597 1503 2704
611 884 1785
1785 611 884
884 611 1785
2472 674 2446
674 2446 2472
2446 674 2472
2790 1445 2892
1445 2790 2892
2892 1445 2790
1848 1398 1997
1398 1848 1997
1997 1398 1848
1971 731 870
870 731 1971
731 870 1971
1552 246 599
599 246 1552
246 599 1552
2617 1015 2723
1015 2617 2723
2723 1015 2617
2999 1209 1796
1796 1209 2999
1209 1796 2999
240 1497 1982
1497 240 1982
1982 240 1497
2337 1914 2440
2440 1914 2337
1914 2337 2440
2126 89 2304
2304 89 2126
89 2126 2304
2415 1114 2203
1114 2203 2415
2203 1114 2415
2548 162 2085
162 2085 2548
2085 162 2548
1077 835 2764
835 1077 2764
2764 835 1077
2767 1831 2152
2152 1831 2767
1831 2152 2767
527 300 1586
1586 300 527
300 527 1586
1042 1181 2476
2476 1042 1181
1181 1042 2476
415 305 1139
1139 305 415
305 415 1139
2721 542 1159
1159 542 2721
542 1159 2721
1127 2143 2390
2143 1127 2390
2390 1127 2143
954 1063 2660
2660 954 1063
1063 954 2660
2158 378 1918
378 1918 2158
1918 378 2158
2439 580 1999
1999 580 2439
580 1999 2439
2634 732 2041
732 2041 2634
2041 732 2634
950 501 1861
501 950 1861
1861 501 950
2089 354 2221
2221 354 2089
354 2089 2221
2833 67 128
67 128 2833
128 67 2833
914 644 1465
644 914 1465
1465 644 914
2278 1258 2912
1258 2278 2912
2912 1258 2278
584 2204 2244
2204 584 2244
2244 584 2204
2080 2222 2331
2331 2080 2222
2222 2080 2331
1344 247 2954
247 1344 2954
2954 247 1344
1926 781 1550
1550 781 1926
781 1550 1926
2338 867 2700
867 2338 2700
2700 867 2338
1488 1198 2827
1198 1488 2827
2827 1198 1488
1377 1390 2894
2894 1377 1390
1390 1377 2894
758 1061 2742
1061 758 2742
2742 758 1061
2951 412 2585
412 2585 2951
2585 412 2951
1746 357 449
449 357 1746
357 449 1746
549 149 1854
1854 149 549
149 549 1854
2238 76 2176
76 2176 2238
2176 76 2238
592 959 1736
959 592 1736
1736 592 959
838 2531 2821
2531 838 2821
2821 838 2531
977 340 2798
2798 340 977
340 977 2798
1310 1204 2233
1204 1310 2233
2233 1204 1310
461 1948 2209
2209 461 1948
1948 461 2209
515 1264 2508
2508 515 1264
1264 515 2508
2955 1442 2626
2626 1442 2955
1442 2626 2955
1297 784 1638
1638 784 1297
784 1297 1638
167 937 2995
937 167 2995
2995 167 937
1840 343 1893
343 1840 1893
1893 343 1840
1864 1133 1917
1917 1133 1864
1133 1864 1917
1193 603 2538
603 1193 2538
2538 603 1193
2372 1019 1362
1019 1362 2372
1362 1019 2372
59 621 1922
1922 59 621
621 59 1922
2394 443 2008
443 2008 2394
2008 443 2394
766 174 2581
2581 174 766
174 766 2581
329 445 530
530 329 445
445 329 530
2481 252 2493
252 2481 2493
2493 252 2481
2703 1345 2202
2202 1345 2703
1345 2202 2703
1052 398 1184
1184 398 1052
398 1052 1184
2513 222 1405
1405 222 2513
222 1405 2513
2070 410 808
410 808 2070
808 410 2070
1525 405 2190
405 1525 2190
2190 405 1525
2562 602 866
866 602 2562
602 866 2562
1348 50 244
244 50 1348
50 244 1348
2728 27 1185
27 1185 2728
1185 27 2728
1138 1256 2388
2388 1138 1256
1256 1138 2388
2309 31 1165
1165 31 2309
31 1165 2309
2582 271 2341
2341 271 2582
271 2341 2582
2346 658 2734
2734 658 2346
658 2346 2734
2076 596 1815
596 1815 2076
1815 596 2076
2489 1292 2177
2177 1292 2489
1292 2177 2489
1226 299 2495
2495 299 1226
299 1226 2495
896 1703 2738
1703 896 2738
2738 896 1703
1584 522 636
522 636 1584
636 522 1584
2853 709 2339
709 2339 2853
2339 709 2853
129 58 2453
2453 58 129
58 129 2453
401 1040 1080
1080 401 1040
1040 401 1080
1569 1597 2153
2153 1569 1597
1597 1569 2153
1289 1163 2516
1163 1289 2516
2516 1163 1289
2891 1546 1650
1650 1546 2891
1546 1650 2891
470 352 980
352 470 980
980 352 470
1565 2123 2981
2981 1565 2123
2123 1565 2981
659 2614 2937
2937 659 2614
2614 659 2937
2640 1396 2815
1396 2640 2815
2815 1396 2640
2537 590 1241
1241 590 2537
590 1241 2537
814 940 1460
1460 814 940
940 814 1460
1680 710 1268
1268 710 1680
710 1268 1680
239 1029 1609
1609 239 1029
1029 239 1609
2291 1885 2081
1885 2081 2291
2081 1885 2291
231 2256 2791
2256 231 2791
2791 231 2256
1044 301 620
620 301 1044
301 620 1044
2801 798 2697
798 2697 2801
2697 798 2801
2356 147 196
147 196 2356
196 147 2356
156 1129 2641
2641 156 1129
1129 156 2641
949 507 1441
1441 507 949
507 949 1441
2072 120 2211
120 2072 2211
2211 120 2072
678 1476 1574
1476 678 1574
1574 678 1476
2099 2315 2729
2315 2099 2729
2729 2099 2315
1332 1462 2159
1462 1332 2159
2159 1332 1462
2098 1030 1425
1425 1030 2098
1030 1425 2098
1821 2409 2637
2409 1821 2637
2637 1821 2409
1385 1135 1286
1286 1135 1385
1135 1286 1385
2675 1491 2467
1491 2467 2675
2467 1491 2675
2727 1750 2224
2224 1750 2727
1750 2224 2727
2888 1614 2332
1614 2332 2888
2332 1614 2888
1504 1055 1712
1712 1055 1504
1055 1504 1712
2846 118 1581
1581 118 2846
118 1581 2846
1070 471 1607
471 1070 1607
1607 471 1070
1880 2480 2917
2480 1880 2917
2917 1880 2480
2172 1104 2651
1104 2172 2651
2651 1104 2172
428 1370 2759
1370 428 2759
2759 428 1370
2215 1763 1789
1763 1789 2215
1789 1763 2215
1255 218 1366
218 1255 1366
1366 218 1255
2144 1451 2299
1451 2144 2299
2299 1451 2144
2526 506 2161
506 2161 2526
2161 506 2526
2314 1205 1566
1566 1205 2314
1205 1566 2314
1110 96 2019
96 1110 2019
2019 96 1110
2783 1905 2624
1905 2624 2783
2624 1905 2783
2848 563 1715
1715 563 2848
563 1715 2848
2033 517 1826
517 1826 2033
1826 517 2033
910 1392 1766
1392 910 1766
1766 910 1392
2395 1056 2911
1056 2395 2911
2911 1056 2395
2543 661 2922
661 2543 2922
2922 661 2543
1772 2606 2964
2606 1772 2964
2964 1772 2606
2920 52 2550
2550 52 2920
52 2550 2920
1819 287 351
287 351 1819
351 287 1819
2716 450 1519
450 1519 2716
1519 450 2716
1389 1970 2014
1970 1389 2014
2014 1389 1970
1962 750 1051
1051 750 1962
750 1051 1962
1145 1797 2198
1797 1145 2198
2198 1145 1797
1901 2243 2545
2243 1901 2545
2545 1901 2243
1231 1645 2317
2317 1231 1645
1645 1231 2317
2958 227 818
818 227 2958
227 818 2958
136 627 2358
2358 136 627
627 136 2358
2473 55 1414
55 1414 2473
1414 55 2473
1857 863 2866
2866 863 1857
863 1857 2866
2018 133 729
729 133 2018
133 729 2018
2344 464 2918
464 2344 2918
2918 464 2344
2485 1675 1900
1675 1900 2485
1900 1675 2485
667 1436 2774
1436 667 2774
2774 667 1436
1888 598 2186
598 1888 2186
2186 598 1888
1923 2661 2873
2873 1923 2661
2661 1923 2873
841 524 956
956 524 841
524 841 956
637 1094 2459
2459 637 1094
1094 637 2459
1316 631 1322
1322 631 1316
631 1316 1322
2836 1549 1551
1549 1551 2836
1551 1549 2836
2712 1320 2025
1320 2025 2712
2025 1320 2712
2589 1629 2865
2865 1629 2589
1629 2589 2865
1895 787 967
967 787 1895
787 967 1895
2488 1169 1658
1169 1658 2488
1658 1169 2488
1907 140 842
842 140 1907
140 842 1907
2240 281 511
511 281 2240
281 511 2240
2629 957 1812
1812 957 2629
957 1812 2629
2731 1192 1968
1192 1968 2731
1968 1192 2731
2761 714 2428
714 2428 2761
2428 714 2761
1338 431 1239
1239 431 1338
431 1239 1338
2263 35 2555
2555 35 2263
35 2263 2555
1060 1756 2805
2805 1060 1756
1756 1060 2805
2444 172 460
172 460 2444
460 172 2444
2863 1949 2608
1949 2608 2863
2608 1949 2863
1942 1374 2295
1374 1942 2295
2295 1374 1942
2757 551 1455
551 1455 2757
1455 551 2757
2114 496 2452
496 2114 2452
2452 496 2114
1836 1388 2919
2919 1388 1836
1388 1836 2919
558 562 1612
1612 558 562
562 558 1612
846 34 208
208 34 846
34 208 846
819 439 2803
439 819 2803
2803 439 819
1439 101 1524
101 1439 1524
1524 101 1439
1208 466 625
466 625 1208
625 466 1208
1538 77 94
77 94 1538
94 77 1538
390 1157 1827
1827 390 1157
1157 390 1827
1359 213 1539
213 1359 1539
1539 213 1359
2074 633 1278
633 1278 2074
1278 633 2074
2194 374 2587
2587 374 2194
374 2194 2587
203 103 1126
103 203 1126
1126 103 203
1657 936 1595
1595 936 1657
936 1595 1657
1489 976 2528
976 1489 2528
2528 976 1489
387 1744 2030
1744 387 2030
2030 387 1744
2588 997 1954
1954 997 2588
997 1954 2588
681 78 1213
78 681 1213
1213 78 681
668 1992 2102
1992 668 2102
2102 668 1992
220 42 2677
2677 42 220
42 220 2677
2541 163 2735
163 2541 2735
2735 163 2541
852 1449 1505
1505 852 1449
1449 852 1505
581 88 1164
1164 88 581
88 581 1164
1219 1495 2328
1495 1219 2328
2328 1219 1495
1113 137 1989
137 1113 1989
1989 137 1113
1259 169 2061
169 1259 2061
2061 169 1259
475 298 2890
298 475 2890
2890 298 475
1855 1981 2560
2560 1855 1981
1981 1855 2560
1034 2292 2619
2619 1034 2292
2292 1034 2619
2293 438 1229
1229 438 2293
438 1229 2293
146 776 961
961 146 776
776 146 961
871 823 831
823 831 871
831 823 871
1610 173 736
173 736 1610
736 173 1610
1879 1216 1413
1216 1413 1879
1413 1216 1879
1254 1936 2010
2010 1254 1936
1936 1254 2010
1984 142 2656
2656 142 1984
142 1984 2656
1807 337 2430
337 1807 2430
2430 337 1807
1648 1002 2984
1002 1648 2984
2984 1002 1648
1713 1235 2455
1235 1713 2455
2455 1235 1713
1347 1149 2599
1149 1347 2599
2599 1149 1347
677 1078 2273
1078 677 2273
2273 677 1078
2351 2578 2736
2736 2351 2578
2578 2351 2736
228 47 1521
1521 47 228
47 228 1521
1178 477 2067
2067 477 1178
477 1178 2067
1224 886 2385
2385 886 1224
886 1224 2385
2708 117 2169
117 2169 2708
2169 117 2708
219 448 2654
2654 219 448
448 219 2654
2796 682 2618
2618 682 2796
682 2618 2796
259 2423 2433
2433 259 2423
2423 259 2433
792 11 192
11 192 792
192 11 792
2751 1021 1283
1021 1283 2751
1283 1021 2751
1065 178 2469
2469 178 1065
178 1065 2469
350 1473 2804
1473 350 2804
2804 350 1473
2182 198 851
851 198 2182
198 851 2182
1585 578 1330
1330 578 1585
578 1330 1585
161 285 1360
1360 161 285
285 161 1360
2136 1719 2420
2420 1719 2136
1719 2136 2420
2277 154 1544
1544 154 2277
154 1544 2277
657 1513 1577
1513 657 1577
1577 657 1513
1754 1919 2463
2463 1754 1919
1919 1754 2463
193 478 1261
1261 193 478
478 193 1261
1894 2300 2416
2300 1894 2416
2416 1894 2300
2234 1035 1541
1541 1035 2234
1035 1541 2234
1696 1642 1912
1642 1696 1912
1912 1642 1696
684 569 1872
569 684 1872
1872 569 684
2561 978 2345
2345 978 2561
978 2345 2561
576 377 1179
1179 377 576
377 576 1179
2900 290 1043
1043 290 2900
290 1043 2900
1534 306 942
306 942 1534
942 306 1534
2059 30 65
65 30 2059
30 65 2059
2875 19 1394
1394 19 2875
19 1394 2875
1618 839 2633
839 1618 2633
2633 839 1618
2223 1237 2927
1237 2223 2927
2927 1237 2223
983 435 514
514 435 983
435 514 983
2816 380 1399
380 1399 2816
1399 380 2816
2681 38 767
767 38 2681
38 767 2681
414 639 2122
2122 414 639
639 414 2122
402 2625 2957
2625 402 2957
2957 402 2625
1372 44 998
44 998 1372
998 44 1372
2671 2670 2932
2670 2671 2932
2932 2670 2671
1660 436 1972
1972 436 1660
436 1660 1972
157 2047 2973
2973 157 2047
2047 157 2973
1160 433 1596
433 1160 1596
1596 433 1160
260 878 1152
878 260 1152
1152 260 878
958 1272 2829
1272 958 2829
2829 958 1272
1993 93 2139
93 1993 2139
2139 93 1993
2214 1499 2850
1499 2214 2850
2850 1499 2214
1641 1679 2053
1679 1641 2053
2053 1641 1679
