10820 14526 21728
14526 10820 21728
21728 10820 14526
14664 27600 27867
27867 14664 27600
27600 14664 27867
3403 9468 13372
9468 3403 13372
13372 3403 9468
19049 8688 23770
23770 8688 19049
8688 19049 23770
26885 8493 21029
8493 21029 26885
21029 8493 26885
11019 11642 25054
11642 11019 25054
25054 11019 11642
21639 2414 17780
17780 2414 21639
2414 17780 21639
3487 1320 6392
1320 3487 6392
6392 1320 3487
21084 7873 22566
22566 7873 21084
7873 21084 22566
6366 11305 25041
25041 6366 11305
11305 6366 25041
26721 10971 21077
21077 10971 26721
10971 21077 26721
5064 724 17535
17535 724 5064
724 5064 17535
16891 11293 20868
11293 16891 20868
20868 11293 16891
15897 5710 26975
5710 15897 26975
26975 5710 15897
19749 27006 27009
27006 19749 27009
27009 19749 27006
21374 1056 20515
1056 20515 21374
20515 1056 21374
12425 6966 20242
20242 6966 12425
6966 12425 20242
16975 12788 23904
12788 16975 23904
23904 12788 16975
17431 1257 8429
8429 1257 17431
1257 8429 17431
18644 7832 12213
12213 7832 18644
7832 12213 18644
10714 10030 26136
26136 10030 10714
10030 10714 26136
21705 10393 16847
10393 16847 21705
16847 10393 21705
16911 11960 14258
14258 11960 16911
11960 14258 16911
6395 11912 16209
11912 6395 16209
16209 6395 11912
19630 12716 23782
23782 12716 19630
12716 19630 23782
7366 7409 17467
17467 7366 7409
7409 7366 17467
21939 9949 21736
21736 9949 21939
9949 21736 21939
19711 11668 16814
11668 16814 19711
16814 11668 19711
16191 2234 21779
21779 2234 16191
2234 16191 21779
8909 2178 23255
2178 8909 23255
23255 2178 8909
2083 17770 27531
27531 2083 17770
17770 2083 27531
15720 5988 7983
7983 5988 15720
5988 7983 15720
10925 456 19934
456 10925 19934
19934 456 10925
10124 8098 20966
20966 8098 10124
8098 10124 20966
7615 10999 28608
28608 7615 10999
10999 7615 28608
27096 18256 21512
21512 18256 27096
18256 21512 27096
25351 11371 29485
29485 11371 25351
11371 25351 29485
27697 1759 28162
1759 27697 28162
28162 1759 27697
18855 14191 14848
14848 14191 18855
14191 14848 18855
11956 11736 17235
11736 11956 17235
17235 11736 11956
8057 5670 11579
11579 5670 8057
5670 8057 11579
4919 2720 22944
2720 4919 22944
22944 2720 4919
18830 321 7751
7751 321 18830
321 7751 18830
6321 4203 15727
15727 4203 6321
4203 6321 15727
25182 6098 22144
6098 22144 25182
22144 6098 25182
29017 5130 15745
5130 15745 29017
15745 5130 29017
9711 15483 19328
19328 9711 15483
15483 9711 19328
12710 5898 12818
12818 5898 12710
5898 12710 12818
4615 15773 19976
19976 4615 15773
15773 4615 19976
28476 15960 19944
19944 15960 28476
15960 19944 28476
20674 1467 22326
1467 20674 22326
22326 1467 20674
14682 11397 29282
11397 14682 29282
29282 11397 14682
15397 6506 23548
6506 15397 23548
23548 6506 15397
22138 6417 29267
29267 6417 22138
6417 22138 29267
22756 8487 22231
8487 22231 22756
22231 8487 22756
13038 1219 24308
1219 13038 24308
24308 1219 13038
17776 11577 28119
11577 17776 28119
28119 11577 17776
7311 24634 29496
29496 7311 24634
24634 7311 29496
4222 490 25980
25980 490 4222
490 4222 25980
3411 17691 19422
17691 3411 19422
19422 3411 17691
12150 8318 18943
8318 12150 18943
18943 8318 12150
9677 4137 7399
4137 7399 9677
7399 4137 9677
25389 4584 28772
4584 25389 28772
28772 4584 25389
26319 12350 15012
12350 15012 26319
15012 12350 26319
27345 17820 26854
17820 26854 27345
26854 17820 27345
24202 7324 18064
18064 7324 24202
7324 18064 24202
5321 13699 28071
28071 5321 13699
13699 5321 28071
17681 18419 23221
23221 17681 18419
18419 17681 23221
24647 9560 19668
19668 9560 24647
9560 19668 24647
16707 20942 28350
20942 16707 28350
28350 16707 20942
8141 55 19543
55 8141 19543
19543 55 8141
26448 4884 9733
9733 4884 26448
4884 9733 26448
11614 23293 29462
29462 11614 23293
23293 11614 29462
26600 5914 19213
19213 5914 26600
5914 19213 26600
14754 4100 16832
4100 14754 16832
16832 4100 14754
5170 10917 15150
10917 5170 15150
15150 5170 10917
1539 15066 22506
22506 1539 15066
15066 1539 22506
20643 6200 13119
13119 6200 20643
6200 13119 20643
27431 372 8344
8344 372 27431
372 8344 27431
5811 1835 14295
14295 1835 5811
1835 5811 14295
25153 9694 10202
9694 10202 25153
10202 9694 25153
6723 2451 29873
29873 2451 6723
2451 6723 29873
18082 8058 15649
8058 15649 18082
15649 8058 18082
16515 3683 20958
20958 3683 16515
3683 16515 20958
4537 5776 16214
16214 4537 5776
5776 4537 16214
16960 26522 27793
27793 16960 26522
26522 16960 27793
29345 7966 24433
7966 24433 29345
24433 7966 29345
29052 10270 28159
10270 28159 29052
28159 10270 29052
10778 17845 28030
28030 10778 17845
17845 10778 28030
13366 3567 28468
3567 13366 28468
28468 3567 13366
13768 8753 13909
8753 13768 13909
13909 8753 13768
4068 2447 25973
25973 2447 4068
2447 4068 25973
15677 5382 17798
5382 15677 17798
17798 5382 15677
9333 4951 22560
4951 9333 22560
22560 4951 9333
15165 5230 24705
24705 5230 15165
5230 15165 24705
11959 21659 22615
22615 11959 21659
21659 11959 22615
290 1554 3086
3086 290 1554
1554 290 3086
12869 9466 26752
9466 12869 26752
26752 9466 12869
6593 18334 27143
27143 6593 18334
18334 6593 27143
7874 8088 10799
8088 7874 10799
10799 7874 8088
8750 1191 2264
2264 1191 8750
1191 2264 8750
1809 1079 20374
1079 1809 20374
20374 1079 1809
4070 2903 16164
2903 4070 16164
16164 2903 4070
23936 10773 22726
10773 22726 23936
22726 10773 23936
3455 1526 23169
23169 1526 3455
1526 3455 23169
18778 1412 13367
1412 13367 18778
13367 1412 18778
16963 4041 23438
4041 16963 23438
23438 4041 16963
22575 21965 27681
21965 22575 27681
27681 21965 22575
7664 11474 16367
11474 7664 16367
16367 7664 11474
6278 3899 8594
8594 3899 6278
3899 6278 8594
15669 11248 24940
24940 11248 15669
11248 15669 24940
12718 13167 26782
13167 12718 26782
26782 12718 13167
23583 5932 18280
18280 5932 23583
5932 18280 23583
18745 203 19971
203 18745 19971
19971 203 18745
17507 22389 29380
22389 17507 29380
29380 17507 22389
7554 20895 25753
25753 7554 20895
20895 7554 25753
18116 1242 8585
8585 1242 18116
1242 8585 18116
8765 27430 28580
27430 8765 28580
28580 8765 27430
11833 9601 16807
16807 9601 11833
9601 11833 16807
11995 5017 13071
5017 11995 13071
13071 5017 11995
14869 14894 16290
14894 14869 16290
16290 14869 14894
6748 10424 19821
19821 6748 10424
10424 6748 19821
14885 9610 22343
22343 9610 14885
9610 14885 22343
6516 666 23693
23693 666 6516
666 6516 23693
20781 3894 14785
3894 14785 20781
14785 3894 20781
6617 20487 29626
29626 6617 20487
20487 6617 29626
11810 7496 13589
7496 11810 13589
13589 7496 11810
21843 2174 9443
9443 2174 21843
2174 9443 21843
28453 11789 28051
28051 11789 28453
11789 28051 28453
24151 20776 24611
24611 20776 24151
20776 24151 24611
19326 19798 21944
21944 19326 19798
19798 19326 21944
25276 11728 25580
25580 11728 25276
11728 25276 25580
6917 336 11531
11531 336 6917
336 6917 11531
4616 16037 29909
16037 4616 29909
29909 4616 16037
2363 22581 26215
26215 2363 22581
22581 2363 26215
5483 27361 28307
28307 5483 27361
27361 5483 28307
24639 774 18414
18414 774 24639
774 18414 24639
10068 1748 18141
1748 10068 18141
18141 1748 10068
18105 247 25518
25518 247 18105
247 18105 25518
16779 779 23803
779 16779 23803
23803 779 16779
3351 5093 14985
5093 3351 14985
14985 3351 5093
3777 7512 19067
7512 3777 19067
19067 3777 7512
8518 12299 17958
17958 8518 12299
12299 8518 17958
25410 15565 24805
24805 15565 25410
15565 24805 25410
4404 7579 16657
7579 4404 16657
16657 4404 7579
12985 14142 22879
22879 12985 14142
14142 12985 22879
24925 15828 26182
15828 24925 26182
26182 15828 24925
6100 16532 23022
23022 6100 16532
16532 6100 23022
10449 18624 23387
18624 10449 23387
23387 10449 18624
8808 12153 24781
24781 8808 12153
12153 8808 24781
17662 21576 26920
21576 17662 26920
26920 17662 21576
13507 20262 23746
20262 13507 23746
23746 13507 20262
14122 5015 21575
21575 5015 14122
5015 14122 21575
29743 19590 23510
23510 19590 29743
19590 23510 29743
8691 730 10498
10498 730 8691
730 8691 10498
5978 14168 26385
14168 5978 26385
26385 5978 14168
4705 12369 13266
13266 4705 12369
12369 4705 13266
3295 7104 7601
7104 3295 7601
7601 3295 7104
7505 5216 10712
10712 5216 7505
5216 7505 10712
28080 14181 29538
29538 14181 28080
14181 28080 29538
26045 6312 25814
6312 25814 26045
25814 6312 26045
5329 9213 27905
9213 5329 27905
27905 5329 9213
22734 22702 24103
22702 22734 24103
24103 22702 22734
23475 26744 27790
26744 23475 27790
27790 23475 26744
28495 12277 13540
12277 13540 28495
13540 12277 28495
29596 6043 21989
6043 21989 29596
21989 6043 29596
15887 25425 26335
25425 15887 26335
26335 15887 25425
17427 9968 28362
28362 9968 17427
9968 17427 28362
26061 600 15914
15914 600 26061
600 15914 26061
26505 23459 29740
29740 23459 26505
23459 26505 29740
13416 27494 29797
29797 13416 27494
27494 13416 29797
17425 13101 20484
20484 13101 17425
13101 17425 20484
7 21798 28670
28670 7 21798
21798 7 28670
10099 167 1874
167 1874 10099
1874 167 10099
10336 5380 19897
19897 5380 10336
5380 10336 19897
13957 6061 26208
26208 6061 13957
6061 13957 26208
27358 13567 22809
22809 13567 27358
13567 22809 27358
2271 17738 23285
23285 2271 17738
17738 2271 23285
25866 4715 23981
23981 4715 25866
4715 23981 25866
2251 15085 28046
28046 2251 15085
15085 2251 28046
7220 3395 13306
13306 3395 7220
3395 7220 13306
16819 266 6834
6834 266 16819
266 6834 16819
7052 3588 7369
3588 7052 7369
7369 3588 7052
25083 9016 21823
21823 9016 25083
9016 21823 25083
16409 9882 11122
11122 9882 16409
9882 11122 16409
1112 27418 28667
28667 1112 27418
27418 1112 28667
19421 12935 21341
12935 19421 21341
21341 12935 19421
10645 409 4677
409 4677 10645
4677 409 10645
28551 7177 10955
10955 7177 28551
7177 10955 28551
20667 877 28021
877 20667 28021
28021 877 20667
15211 4096 23967
23967 4096 15211
4096 15211 23967
22870 5224 24312
5224 22870 24312
24312 5224 22870
16713 5241 24709
24709 5241 16713
5241 16713 24709
12863 8011 9854
9854 8011 12863
8011 9854 12863
10075 2410 3432
3432 2410 10075
2410 3432 10075
283 13030 21684
21684 283 13030
13030 283 21684
21022 13111 22034
22034 13111 21022
13111 21022 22034
23836 16824 23367
16824 23367 23836
23367 16824 23836
19349 1585 3584
3584 1585 19349
1585 3584 19349
27069 1921 29229
1921 27069 29229
29229 1921 27069
10611 6987 15189
6987 10611 15189
15189 6987 10611
25538 7196 17274
17274 7196 25538
7196 17274 25538
18981 19704 26588
26588 18981 19704
19704 18981 26588
13043 6319 13563
6319 13043 13563
13563 6319 13043
20948 17123 18493
18493 17123 20948
17123 18493 20948
14470 4721 11496
11496 4721 14470
4721 11496 14470
13580 10576 22832
22832 10576 13580
10576 13580 22832
7478 1196 5023
1196 5023 7478
5023 1196 7478
15246 6555 21240
6555 15246 21240
21240 6555 15246
5098 3187 16714
3187 5098 16714
16714 3187 5098
4621 7682 9570
9570 4621 7682
7682 4621 9570
9820 19812 24167
24167 9820 19812
19812 9820 24167
25107 11132 17590
11132 17590 25107
17590 11132 25107
28309 7490 18175
7490 18175 28309
18175 7490 28309
27545 19466 27892
27892 19466 27545
19466 27545 27892
11041 14652 23442
14652 11041 23442
23442 11041 14652
28079 22480 26066
22480 26066 28079
26066 22480 28079
21047 8828 19218
8828 19218 21047
19218 8828 21047
17020 6023 23586
23586 6023 17020
6023 17020 23586
8292 4308 29870
4308 8292 29870
29870 4308 8292
12630 8260 10684
10684 8260 12630
8260 10684 12630
11215 22315 29341
22315 11215 29341
29341 11215 22315
8886 11458 26411
26411 8886 11458
11458 8886 26411
29507 3130 23248
23248 3130 29507
3130 23248 29507
26243 1400 13022
13022 1400 26243
1400 13022 26243
17764 2597 13679
2597 13679 17764
13679 2597 17764
7145 20403 25785
25785 7145 20403
20403 7145 25785
15363 3122 23595
3122 15363 23595
23595 3122 15363
29261 13166 19914
19914 13166 29261
13166 19914 29261
13628 996 1341
996 1341 13628
1341 996 13628
27219 5984 6152
5984 6152 27219
6152 5984 27219
27941 4320 10227
4320 10227 27941
10227 4320 27941
18121 4930 13780
13780 4930 18121
4930 13780 18121
21177 23177 24636
23177 21177 24636
24636 21177 23177
18835 10455 28556
10455 18835 28556
28556 10455 18835
2343 27112 28785
28785 2343 27112
27112 2343 28785
22380 14095 18222
18222 14095 22380
14095 18222 22380
11363 9034 21112
21112 9034 11363
9034 11363 21112
1368 4571 28299
28299 1368 4571
4571 1368 28299
3652 12556 25343
25343 3652 12556
12556 3652 25343
3947 2421 13860
13860 2421 3947
2421 3947 13860
3795 11792 21563
11792 3795 21563
21563 3795 11792
3406 17341 20800
20800 3406 17341
17341 3406 20800
6305 10009 16190
16190 6305 10009
10009 6305 16190
28910 15116 23270
15116 23270 28910
23270 15116 28910
11919 1379 28506
28506 1379 11919
1379 11919 28506
7575 7197 15638
15638 7197 7575
7197 7575 15638
26103 3021 7397
7397 3021 26103
3021 7397 26103
11001 4770 20386
20386 4770 11001
4770 11001 20386
26169 7389 13528
7389 13528 26169
13528 7389 26169
19639 15153 27514
15153 19639 27514
27514 15153 19639
27615 12499 14996
14996 12499 27615
12499 14996 27615
2717 8774 19799
19799 2717 8774
8774 2717 19799
26474 4501 7393
7393 4501 26474
4501 7393 26474
20644 19320 25559
25559 19320 20644
19320 20644 25559
7937 1682 13513
13513 1682 7937
1682 7937 13513
21926 18065 23495
18065 21926 23495
23495 18065 21926
28202 24142 24546
24546 24142 28202
24142 24546 28202
28412 10781 29316
29316 10781 28412
10781 28412 29316
6708 2852 12377
2852 6708 12377
12377 2852 6708
23807 8108 20560
20560 8108 23807
8108 20560 23807
7075 9555 23961
9555 7075 23961
23961 7075 9555
23305 16738 24325
24325 16738 23305
16738 23305 24325
14632 3111 21190
3111 14632 21190
21190 3111 14632
3576 17225 20089
17225 3576 20089
20089 3576 17225
25763 3471 23702
3471 23702 25763
23702 3471 25763
22510 12589 24013
12589 22510 24013
24013 12589 22510
20745 3051 15200
3051 15200 20745
15200 3051 20745
25962 23289 25456
25456 23289 25962
23289 25456 25962
9179 1014 8658
8658 1014 9179
1014 8658 9179
1318 23494 23974
23494 1318 23974
23974 1318 23494
23655 18359 27645
27645 18359 23655
18359 23655 27645
1513 15133 17421
17421 1513 15133
15133 1513 17421
2254 8470 13777
13777 2254 8470
8470 2254 13777
26544 7375 19308
19308 7375 26544
7375 19308 26544
8201 18575 24641
24641 8201 18575
18575 8201 24641
7448 14809 21155
14809 7448 21155
21155 7448 14809
18937 19177 26934
19177 18937 26934
26934 18937 19177
1825 1177 10304
1177 1825 10304
10304 1177 1825
6428 5347 26268
26268 5347 6428
5347 6428 26268
16978 10608 21808
10608 16978 21808
21808 10608 16978
26979 19627 23021
19627 23021 26979
23021 19627 26979
13520 21641 25203
21641 13520 25203
25203 13520 21641
13723 3101 29501
29501 3101 13723
3101 13723 29501
29178 21866 24432
24432 21866 29178
21866 24432 29178
6779 1448 7826
7826 1448 6779
1448 6779 7826
27546 11684 19226
19226 11684 27546
11684 19226 27546
14206 9821 25625
25625 9821 14206
9821 14206 25625
21473 11491 18711
11491 18711 21473
18711 11491 21473
15724 3274 16898
16898 3274 15724
3274 15724 16898
2809 12615 17771
12615 2809 17771
17771 2809 12615
28828 16298 29160
29160 16298 28828
16298 28828 29160
23678 15265 27836
27836 15265 23678
15265 23678 27836
24698 349 26758
26758 349 24698
349 24698 26758
20292 18148 18679
18679 18148 20292
18148 18679 20292
27195 22106 27208
27208 22106 27195
22106 27195 27208
16627 748 1181
748 1181 16627
1181 748 16627
25071 7482 14286
7482 14286 25071
14286 7482 25071
1080 1927 14264
1927 1080 14264
14264 1080 1927
18203 20417 29199
29199 18203 20417
20417 18203 29199
14596 11333 18897
11333 14596 18897
18897 11333 14596
2338 8645 9801
8645 2338 9801
9801 2338 8645
16291 6502 21817
21817 6502 16291
6502 16291 21817
17268 19156 27271
19156 17268 27271
27271 17268 19156
24696 19347 20210
19347 20210 24696
20210 19347 24696
15819 13354 24645
13354 15819 24645
24645 13354 15819
29206 1877 10628
10628 1877 29206
1877 10628 29206
18777 10718 20656
10718 18777 20656
20656 10718 18777
26480 10847 25929
25929 10847 26480
10847 25929 26480
25839 6954 21071
21071 6954 25839
6954 21071 25839
16223 2312 9302
9302 2312 16223
2312 9302 16223
11676 8196 15645
15645 8196 11676
8196 11676 15645
2615 13132 16292
16292 2615 13132
13132 2615 16292
20826 17353 28052
17353 20826 28052
28052 17353 20826
27819 22157 28103
22157 27819 28103
28103 22157 27819
3916 8378 14688
8378 3916 14688
14688 3916 8378
24110 6840 22416
22416 6840 24110
6840 22416 24110
23383 2972 21287
2972 21287 23383
21287 2972 23383
3812 641 13550
641 3812 13550
13550 641 3812
12533 6014 21403
21403 6014 12533
6014 12533 21403
16862 10035 11487
11487 10035 16862
10035 11487 16862
28761 11680 14257
11680 14257 28761
14257 11680 28761
14328 3869 29742
3869 14328 29742
29742 3869 14328
21905 8042 28695
8042 21905 28695
28695 8042 21905
15697 14714 16055
14714 15697 16055
16055 14714 15697
23244 3195 14245
14245 3195 23244
3195 14245 23244
18071 1048 29834
1048 18071 29834
29834 1048 18071
21186 12006 17512
17512 12006 21186
12006 17512 21186
19951 14014 15653
14014 15653 19951
15653 14014 19951
12435 4324 4799
4324 4799 12435
4799 4324 12435
8552 2868 29949
2868 8552 29949
29949 2868 8552
15910 13037 28441
28441 13037 15910
13037 15910 28441
28388 15803 27608
15803 27608 28388
27608 15803 28388
5671 4944 8851
4944 5671 8851
8851 4944 5671
16663 7818 24416
24416 7818 16663
7818 16663 24416
4687 17331 21629
21629 4687 17331
17331 4687 21629
1204 11653 15004
15004 1204 11653
11653 1204 15004
5798 2690 10027
10027 2690 5798
2690 5798 10027
20608 19285 23998
19285 20608 23998
23998 19285 20608
28131 8908 17487
8908 17487 28131
17487 8908 28131
10051 21811 28409
28409 10051 21811
21811 10051 28409
3293 15896 24018
15896 3293 24018
24018 3293 15896
10453 12821 23160
23160 10453 12821
12821 10453 23160
29283 10782 25296
25296 10782 29283
10782 25296 29283
9173 8182 13425
13425 8182 9173
8182 9173 13425
23531 7655 7948
7948 7655 23531
7655 7948 23531
7560 9565 21091
9565 7560 21091
21091 7560 9565
151 19472 20128
19472 151 20128
20128 151 19472
26516 11160 12285
11160 12285 26516
12285 11160 26516
22159 9124 25097
9124 22159 25097
25097 9124 22159
11886 7943 20278
20278 7943 11886
7943 11886 20278
451 18648 20384
20384 451 18648
18648 451 20384
5525 21165 22029
21165 5525 22029
22029 5525 21165
7515 1269 2999
1269 2999 7515
2999 1269 7515
23614 12246 29908
12246 23614 29908
29908 12246 23614
20097 13651 23918
23918 13651 20097
13651 20097 23918
19494 532 5115
532 5115 19494
5115 532 19494
13215 616 8099
8099 616 13215
616 8099 13215
3749 11270 17433
17433 3749 11270
11270 3749 17433
25439 22930 24271
22930 24271 25439
24271 22930 25439
14013 6806 23242
23242 6806 14013
6806 14013 23242
5870 2873 12687
12687 2873 5870
2873 5870 12687
28144 11016 17285
17285 11016 28144
11016 17285 28144
15585 8855 28646
8855 15585 28646
28646 8855 15585
24001 15231 22746
15231 22746 24001
22746 15231 24001
19416 1914 26652
1914 19416 26652
26652 1914 19416
20176 16833 20473
20473 16833 20176
16833 20176 20473
26186 3758 8829
3758 8829 26186
8829 3758 26186
15114 7899 15217
15217 7899 15114
7899 15114 15217
1870 1725 17015
17015 1725 1870
1725 1870 17015
9117 6815 8213
6815 8213 9117
8213 6815 9117
15452 7765 16729
16729 7765 15452
7765 15452 16729
16593 16776 29180
16776 16593 29180
29180 16593 16776
1139 2032 11972
2032 1139 11972
11972 1139 2032
6119 15407 28255
15407 6119 28255
28255 6119 15407
19027 7252 25610
25610 7252 19027
7252 19027 25610
8303 14563 26174
14563 8303 26174
26174 8303 14563
3197 15063 21506
21506 3197 15063
15063 3197 21506
17892 22199 29648
29648 17892 22199
22199 17892 29648
15386 2062 7438
2062 7438 15386
7438 2062 15386
6281 2471 4848
4848 2471 6281
2471 4848 6281
8781 10650 15636
10650 8781 15636
15636 8781 10650
29591 13716 21325
21325 13716 29591
13716 21325 29591
13662 9180 18625
9180 13662 18625
18625 9180 13662
13793 13414 25939
25939 13414 13793
13414 13793 25939
8847 10598 22703
10598 8847 22703
22703 8847 10598
5989 11190 24093
11190 5989 24093
24093 5989 11190
20537 5310 19886
19886 5310 20537
5310 19886 20537
29912 15949 28665
15949 28665 29912
28665 15949 29912
12498 3708 18772
3708 12498 18772
18772 3708 12498
721 5551 8646
5551 721 8646
8646 721 5551
20743 7421 24065
7421 20743 24065
24065 7421 20743
16162 7188 25718
7188 16162 25718
25718 7188 16162
27762 25313 29332
29332 25313 27762
25313 27762 29332
25381 7797 21049
7797 21049 25381
21049 7797 25381
13042 20543 21803
20543 13042 21803
21803 13042 20543
13801 4964 12336
12336 4964 13801
4964 12336 13801
7611 6662 25608
25608 6662 7611
6662 7611 25608
18434 7345 26290
7345 18434 26290
26290 7345 18434
5554 18252 26986
26986 5554 18252
18252 5554 26986
4912 24995 27459
27459 4912 24995
24995 4912 27459
17973 3439 3763
3439 3763 17973
3763 3439 17973
29759 7212 20607
7212 20607 29759
20607 7212 29759
25403 15729 24227
24227 15729 25403
15729 24227 25403
5044 8541 14783
14783 5044 8541
8541 5044 14783
5755 14372 21988
14372 5755 21988
21988 5755 14372
13773 1011 17329
17329 1011 13773
1011 13773 17329
4970 18138 25081
18138 4970 25081
25081 4970 18138
146 14876 17853
17853 146 14876
14876 146 17853
5465 1896 24392
1896 5465 24392
24392 1896 5465
502 11457 20126
11457 502 20126
20126 502 11457
29857 14270 22630
22630 14270 29857
14270 22630 29857
21867 10401 15144
10401 15144 21867
15144 10401 21867
18698 11470 17146
17146 11470 18698
11470 17146 18698
27300 21105 23157
23157 21105 27300
21105 23157 27300
5985 8805 26249
26249 5985 8805
8805 5985 26249
15947 8941 20287
8941 15947 20287
20287 8941 15947
3756 5225 20962
20962 3756 5225
5225 3756 20962
4473 21550 27407
21550 4473 27407
27407 4473 21550
9750 10430 12421
12421 9750 10430
10430 9750 12421
20096 14205 26635
14205 20096 26635
26635 14205 20096
1715 6936 24504
24504 1715 6936
6936 1715 24504
14077 4269 25600
25600 4269 14077
4269 14077 25600
29689 10238 24321
24321 10238 29689
10238 24321 29689
25295 5610 18691
5610 18691 25295
18691 5610 25295
5409 491 18060
18060 491 5409
491 5409 18060
27569 6558 16176
6558 16176 27569
16176 6558 27569
28543 9830 29255
9830 28543 29255
29255 9830 28543
9885 5715 22714
5715 9885 22714
22714 5715 9885
15504 3423 25506
3423 15504 25506
25506 3423 15504
6202 10021 22767
22767 6202 10021
10021 6202 22767
17969 2127 29528
29528 2127 17969
2127 17969 29528
3492 18596 23113
18596 3492 23113
23113 3492 18596
13830 25401 25855
25401 13830 25855
25855 13830 25401
8283 11243 18212
18212 8283 11243
11243 8283 18212
20034 16848 20761
20761 16848 20034
16848 20034 20761
17813 21876 28215
28215 17813 21876
21876 17813 28215
21975 6427 19203
6427 19203 21975
19203 6427 21975
7494 1828 19274
19274 1828 7494
1828 7494 19274
13018 5359 21181
21181 5359 13018
5359 13018 21181
24079 28150 29910
28150 24079 29910
29910 24079 28150
15637 11285 22071
11285 15637 22071
22071 11285 15637
13232 18930 19337
19337 13232 18930
18930 13232 19337
17570 4751 22374
4751 17570 22374
22374 4751 17570
3688 2488 4428
4428 2488 3688
2488 3688 4428
10076 15522 27347
27347 10076 15522
15522 10076 27347
28762 20728 24522
20728 24522 28762
24522 20728 28762
13677 1854 4119
4119 1854 13677
1854 4119 13677
25736 5681 27895
5681 25736 27895
27895 5681 25736
20057 14903 24866
14903 20057 24866
24866 14903 20057
11018 5612 14260
14260 5612 11018
5612 11018 14260
18931 10285 24408
24408 10285 18931
10285 18931 24408
15296 13999 23276
23276 13999 15296
13999 15296 23276
19454 5698 11453
5698 11453 19454
11453 5698 19454
7736 2112 23591
23591 2112 7736
2112 7736 23591
22622 7405 19232
19232 7405 22622
7405 19232 22622
6639 1672 29388
29388 1672 6639
1672 6639 29388
15647 15473 20510
20510 15473 15647
15473 15647 20510
20755 8339 23941
23941 8339 20755
8339 20755 23941
11718 12009 20999
12009 11718 20999
20999 11718 12009
3990 853 16467
853 3990 16467
16467 853 3990
26812 8397 27947
27947 8397 26812
8397 26812 27947
29066 12834 20888
20888 12834 29066
12834 20888 29066
7101 9965 23619
9965 7101 23619
23619 7101 9965
3460 13077 25685
25685 3460 13077
13077 3460 25685
11632 11828 29467
29467 11632 11828
11828 11632 29467
21709 1596 3802
3802 1596 21709
1596 3802 21709
12723 15708 26669
26669 12723 15708
15708 12723 26669
26441 765 19806
19806 765 26441
765 19806 26441
2061 860 16815
16815 860 2061
860 2061 16815
22708 1474 15242
1474 15242 22708
15242 1474 22708
12986 7607 29364
7607 12986 29364
29364 7607 12986
8877 18362 25602
25602 8877 18362
18362 8877 25602
8738 2218 26456
2218 8738 26456
26456 2218 8738
3597 22200 27846
27846 3597 22200
22200 3597 27846
24339 16638 24670
16638 24339 24670
24670 16638 24339
21353 1451 15360
15360 1451 21353
1451 15360 21353
6680 1713 21599
21599 1713 6680
1713 6680 21599
28688 3401 19864
19864 3401 28688
3401 19864 28688
3520 7337 18315
7337 3520 18315
18315 3520 7337
22776 1793 21178
1793 21178 22776
21178 1793 22776
23576 5699 26089
5699 23576 26089
26089 5699 23576
18964 442 27808
27808 442 18964
442 18964 27808
18951 3461 8485
3461 8485 18951
8485 3461 18951
4730 1461 21678
1461 4730 21678
21678 1461 4730
15374 7973 23768
23768 7973 15374
7973 15374 23768
24357 13268 23418
13268 23418 24357
23418 13268 24357
11262 2215 12621
12621 2215 11262
2215 11262 12621
27618 4093 26985
26985 4093 27618
4093 26985 27618
17387 738 4658
4658 738 17387
738 4658 17387
17600 23859 29971
23859 17600 29971
29971 17600 23859
28752 13918 25432
25432 13918 28752
13918 25432 28752
9846 10176 11502
10176 9846 11502
11502 9846 10176
5339 236 17306
236 5339 17306
17306 236 5339
2502 5576 11533
5576 2502 11533
11533 2502 5576
24141 631 22412
22412 631 24141
631 22412 24141
28754 24187 28167
28167 24187 28754
24187 28167 28754
29982 12114 12128
12128 12114 29982
12114 12128 29982
9999 11964 13334
13334 9999 11964
11964 9999 13334
13361 5126 26406
26406 5126 13361
5126 13361 26406
6099 12771 20704
20704 6099 12771
12771 6099 20704
5305 4136 20441
4136 5305 20441
20441 4136 5305
5301 9534 9887
9534 5301 9887
9887 5301 9534
21539 2227 26916
26916 2227 21539
2227 21539 26916
26927 15584 21311
15584 21311 26927
21311 15584 26927
17748 22592 26279
22592 17748 26279
26279 17748 22592
320 4039 18786
4039 320 18786
18786 320 4039
16138 3138 12519
3138 12519 16138
12519 3138 16138
21367 7413 22994
7413 21367 22994
22994 7413 21367
9105 599 27728
599 9105 27728
27728 599 9105
20493 23572 27907
23572 20493 27907
27907 20493 23572
17364 6913 28132
6913 17364 28132
28132 6913 17364
4708 21799 29317
21799 4708 29317
29317 4708 21799
11708 11073 18705
18705 11073 11708
11073 11708 18705
11263 19838 20789
19838 11263 20789
20789 11263 19838
4550 13439 22478
13439 4550 22478
22478 4550 13439
12112 2401 11957
11957 2401 12112
2401 11957 12112
3450 330 16156
330 3450 16156
16156 330 3450
22508 12380 18589
12380 18589 22508
18589 12380 22508
2324 4156 14292
14292 2324 4156
4156 2324 14292
19620 4686 16823
4686 16823 19620
16823 4686 19620
7131 8024 16187
8024 7131 16187
16187 7131 8024
11519 8114 21671
21671 8114 11519
8114 11519 21671
21556 970 10519
970 10519 21556
10519 970 21556
27110 11098 13517
11098 13517 27110
13517 11098 27110
22902 1172 1531
1172 1531 22902
1531 1172 22902
27901 14043 19618
14043 19618 27901
19618 14043 27901
13822 4914 25888
4914 13822 25888
25888 4914 13822
20209 9165 16546
9165 16546 20209
16546 9165 20209
7810 4361 4408
4408 4361 7810
4361 4408 7810
3491 4883 13818
13818 3491 4883
4883 3491 13818
22781 826 17521
826 17521 22781
17521 826 22781
1701 8532 13323
8532 1701 13323
13323 1701 8532
1102 18245 20551
18245 1102 20551
20551 1102 18245
11088 7740 24076
24076 7740 11088
7740 11088 24076
26550 17721 20100
17721 20100 26550
20100 17721 26550
19030 836 15548
836 15548 19030
15548 836 19030
25121 3385 12110
12110 3385 25121
3385 12110 25121
6770 15600 29414
29414 6770 15600
15600 6770 29414
8633 855 4842
855 4842 8633
4842 855 8633
20420 21137 28487
28487 20420 21137
21137 20420 28487
868 6914 15965
15965 868 6914
6914 868 15965
2575 13359 14982
14982 2575 13359
13359 2575 14982
6897 2780 26077
26077 2780 6897
2780 6897 26077
17676 3108 18876
3108 17676 18876
18876 3108 17676
23527 4813 9604
4813 9604 23527
9604 4813 23527
12156 1485 3570
1485 3570 12156
3570 1485 12156
22089 9508 17693
9508 17693 22089
17693 9508 22089
23419 24358 24875
24358 23419 24875
24875 23419 24358
28729 19805 25387
25387 19805 28729
19805 25387 28729
17960 12634 14127
14127 12634 17960
12634 14127 17960
20660 14694 26472
26472 14694 20660
14694 20660 26472
7216 9888 28205
9888 7216 28205
28205 7216 9888
29169 2798 17451
17451 2798 29169
2798 17451 29169
13145 3484 23644
3484 13145 23644
23644 3484 13145
5458 8022 22855
8022 5458 22855
22855 5458 8022
7170 7564 26194
26194 7170 7564
7564 7170 26194
20600 23307 28352
28352 20600 23307
23307 20600 28352
18806 17915 20325
17915 18806 20325
20325 17915 18806
15471 7522 7974
7974 7522 15471
7522 7974 15471
6271 4032 23563
4032 6271 23563
23563 4032 6271
24537 19532 24265
24265 19532 24537
19532 24265 24537
14919 18262 21874
18262 14919 21874
21874 14919 18262
20538 7903 29571
29571 7903 20538
7903 20538 29571
22135 1361 8659
8659 1361 22135
1361 8659 22135
6421 7347 15531
7347 6421 15531
15531 6421 7347
2744 7497 9893
7497 2744 9893
9893 2744 7497
244 5345 10111
10111 244 5345
5345 244 10111
18645 7958 11044
7958 11044 18645
11044 7958 18645
22430 9826 15498
9826 15498 22430
15498 9826 22430
12707 318 14927
14927 318 12707
318 12707 14927
8014 29307 29715
29307 8014 29715
29715 8014 29307
18273 3186 9655
3186 9655 18273
9655 3186 18273
23350 14642 27212
14642 23350 27212
27212 14642 23350
24979 654 2757
2757 654 24979
654 2757 24979
10420 9594 29918
9594 10420 29918
29918 9594 10420
9843 8531 9245
9245 8531 9843
8531 9245 9843
23694 6066 27061
27061 6066 23694
6066 23694 27061
7557 2455 27382
2455 7557 27382
27382 2455 7557
18186 14028 23587
14028 18186 23587
23587 14028 18186
5470 18437 26909
26909 5470 18437
18437 5470 26909
21850 20973 25747
25747 20973 21850
20973 21850 25747
25949 11317 15951
15951 11317 25949
11317 15951 25949
22073 1648 15525
15525 1648 22073
1648 15525 22073
21966 485 26128
26128 485 21966
485 21966 26128
4534 5007 22677
5007 4534 22677
22677 4534 5007
8986 4469 19731
19731 4469 8986
4469 8986 19731
29487 3479 11568
3479 11568 29487
11568 3479 29487
4052 2374 9828
2374 4052 9828
9828 2374 4052
26418 4863 22998
4863 22998 26418
22998 4863 26418
23716 2700 12473
2700 12473 23716
12473 2700 23716
27590 1262 18178
18178 1262 27590
1262 18178 27590
611 7978 13569
7978 611 13569
13569 611 7978
10219 1303 15503
15503 1303 10219
1303 10219 15503
21780 369 28264
28264 369 21780
369 21780 28264
25669 10311 22203
10311 22203 25669
22203 10311 25669
27662 8989 22419
8989 22419 27662
22419 8989 27662
25255 2534 24695
24695 2534 25255
2534 24695 25255
14020 294 20734
294 14020 20734
20734 294 14020
9557 14252 14409
14252 9557 14409
14409 9557 14252
17049 20146 27281
27281 17049 20146
20146 17049 27281
25211 25499 28996
28996 25211 25499
25499 25211 28996
22526 19969 26276
26276 19969 22526
19969 22526 26276
16401 2077 21634
2077 16401 21634
21634 2077 16401
6164 10722 24058
24058 6164 10722
10722 6164 24058
15465 693 1679
1679 693 15465
693 1679 15465
17506 90 242
242 90 17506
90 242 17506
27997 2980 28651
28651 2980 27997
2980 27997 28651
23558 23561 25241
23561 23558 25241
25241 23558 23561
2577 4153 9716
4153 2577 9716
9716 2577 4153
25350 13020 15349
15349 13020 25350
13020 15349 25350
6665 5372 27472
27472 5372 6665
5372 6665 27472
8790 15430 18499
15430 8790 18499
18499 8790 15430
248 8817 26175
8817 248 26175
26175 248 8817
11227 21185 22308
21185 11227 22308
22308 11227 21185
14536 1194 18517
18517 1194 14536
1194 14536 18517
6220 467 15101
15101 467 6220
467 6220 15101
1156 5419 12731
12731 1156 5419
5419 1156 12731
23872 16947 17113
16947 17113 23872
17113 16947 23872
7597 1183 27656
1183 7597 27656
27656 1183 7597
23638 7954 20808
7954 20808 23638
20808 7954 23638
20909 1003 9373
1003 9373 20909
9373 1003 20909
27315 23 22201
22201 23 27315
23 22201 27315
2978 9355 23963
23963 2978 9355
9355 2978 23963
19006 10513 11172
10513 11172 19006
11172 10513 19006
25340 7670 14868
7670 14868 25340
14868 7670 25340
4340 5131 10752
5131 4340 10752
10752 4340 5131
11265 3506 10965
3506 10965 11265
10965 3506 11265
13422 21044 29023
21044 13422 29023
29023 13422 21044
24665 10850 24629
24629 10850 24665
10850 24629 24665
25453 10742 24273
10742 24273 25453
24273 10742 25453
5936 5500 8653
5500 5936 8653
8653 5500 5936
10517 6335 12243
6335 10517 12243
12243 6335 10517
15132 5682 12560
5682 12560 15132
12560 5682 15132
1367 3842 24914
3842 1367 24914
24914 1367 3842
4866 10901 24610
24610 4866 10901
10901 4866 24610
5547 12954 20276
20276 5547 12954
12954 5547 20276
15182 23463 27544
27544 15182 23463
23463 15182 27544
8994 8963 12039
12039 8963 8994
8963 8994 12039
26219 7074 25596
7074 25596 26219
25596 7074 26219
13684 8574 9940
9940 8574 13684
8574 9940 13684
4022 9762 13659
9762 4022 13659
13659 4022 9762
23110 19338 29376
19338 23110 29376
29376 19338 23110
24213 11597 16773
11597 16773 24213
16773 11597 24213
20553 1519 17773
17773 1519 20553
1519 17773 20553
23537 22549 29106
22549 23537 29106
29106 22549 23537
15194 4943 24501
4943 15194 24501
24501 4943 15194
9962 24269 28459
24269 9962 28459
28459 9962 24269
11000 1394 15051
1394 11000 15051
15051 1394 11000
6284 9705 28722
9705 6284 28722
28722 6284 9705
24320 2160 7717
7717 2160 24320
2160 7717 24320
18230 1991 18770
1991 18230 18770
18770 1991 18230
27476 397 12402
397 12402 27476
12402 397 27476
7779 2884 13207
2884 7779 13207
13207 2884 7779
1721 5733 12077
12077 1721 5733
5733 1721 12077
28717 8005 15888
8005 15888 28717
15888 8005 28717
5488 7653 17050
17050 5488 7653
7653 5488 17050
20649 7863 22377
7863 20649 22377
22377 7863 20649
17684 13341 14275
14275 13341 17684
13341 14275 17684
22845 3217 26575
26575 3217 22845
3217 22845 26575
11711 26632 29779
29779 11711 26632
26632 11711 29779
29358 517 9321
9321 517 29358
517 9321 29358
6655 10163 18710
18710 6655 10163
10163 6655 18710
18911 6260 6782
6782 6260 18911
6260 6782 18911
24373 15087 25630
15087 24373 25630
25630 15087 24373
23669 9100 20578
9100 20578 23669
20578 9100 23669
13958 930 19034
19034 930 13958
930 13958 19034
12852 8570 24763
8570 12852 24763
24763 8570 12852
11793 14840 29130
14840 11793 29130
29130 11793 14840
27674 11661 28971
28971 11661 27674
11661 27674 28971
26195 5282 22010
5282 22010 26195
22010 5282 26195
23422 281 799
281 799 23422
799 281 23422
12967 16843 24153
16843 12967 24153
24153 12967 16843
2197 10991 17052
17052 2197 10991
10991 2197 17052
23333 2310 10501
10501 2310 23333
2310 10501 23333
14112 109 19410
19410 109 14112
109 14112 19410
23912 11339 23002
11339 23002 23912
23002 11339 23912
19302 1091 19055
1091 19055 19302
19055 1091 19302
26572 1546 14110
14110 1546 26572
1546 14110 26572
28029 15380 18631
18631 15380 28029
15380 18631 28029
6810 7737 27371
7737 6810 27371
27371 6810 7737
25653 2655 26424
2655 25653 26424
26424 2655 25653
12026 15680 15926
15926 12026 15680
15680 12026 15926
23601 2946 27000
27000 2946 23601
2946 23601 27000
15879 13126 21217
21217 13126 15879
13126 15879 21217
13035 8844 26959
26959 8844 13035
8844 13035 26959
10286 10410 20592
20592 10286 10410
10410 10286 20592
9974 153 5524
5524 153 9974
153 5524 9974
29820 16358 25883
16358 25883 29820
25883 16358 29820
20679 2483 19908
19908 2483 20679
2483 19908 20679
29748 8377 24149
24149 8377 29748
8377 24149 29748
19046 15348 15432
15432 15348 19046
15348 15432 19046
1198 11438 17204
17204 1198 11438
11438 1198 17204
5202 17055 22229
22229 5202 17055
17055 5202 22229
5953 17912 24562
17912 5953 24562
24562 5953 17912
11799 8212 14621
14621 8212 11799
8212 11799 14621
10476 2183 27279
27279 2183 10476
2183 10476 27279
21995 22354 28547
22354 21995 28547
28547 21995 22354
20439 3405 13870
3405 13870 20439
13870 3405 20439
9240 12016 22397
22397 9240 12016
12016 9240 22397
28155 21072 25051
21072 25051 28155
25051 21072 28155
4454 14289 16281
16281 4454 14289
14289 4454 16281
15477 740 14969
740 14969 15477
14969 740 15477
7379 2797 13401
2797 7379 13401
13401 2797 7379
14293 3743 5652
5652 3743 14293
3743 5652 14293
26952 1960 29053
29053 1960 26952
1960 26952 29053
29327 6778 16926
16926 6778 29327
6778 16926 29327
3784 19220 29682
19220 3784 29682
29682 3784 19220
15011 4699 19118
19118 4699 15011
4699 15011 19118
17131 3368 19271
3368 17131 19271
19271 3368 17131
9499 4887 15070
15070 4887 9499
4887 9499 15070
13320 2956 27821
2956 13320 27821
27821 2956 13320
25230 1770 5783
1770 5783 25230
5783 1770 25230
8964 3853 10657
3853 8964 10657
10657 3853 8964
28049 18810 21408
21408 18810 28049
18810 21408 28049
24535 4249 13093
4249 13093 24535
13093 4249 24535
17315 13218 22713
22713 13218 17315
13218 17315 22713
5812 3153 12015
12015 3153 5812
3153 5812 12015
4630 19576 25209
25209 4630 19576
19576 4630 25209
29406 432 11925
432 11925 29406
11925 432 29406
9486 6380 10248
6380 9486 10248
10248 6380 9486
22573 18354 20025
20025 18354 22573
18354 20025 22573
21482 15069 19201
19201 15069 21482
15069 19201 21482
10307 15631 28198
28198 10307 15631
15631 10307 28198
786 11902 28449
11902 786 28449
28449 786 11902
21018 16760 28200
16760 21018 28200
28200 16760 21018
20990 3027 5267
5267 3027 20990
3027 5267 20990
19688 12106 16609
16609 12106 19688
12106 16609 19688
26747 4946 29563
29563 4946 26747
4946 26747 29563
29494 1393 4035
4035 1393 29494
1393 4035 29494
29072 6243 22303
6243 22303 29072
22303 6243 29072
14654 2116 18107
18107 2116 14654
2116 14654 18107
4557 3798 21560
3798 4557 21560
21560 3798 4557
18188 9415 29131
9415 18188 29131
29131 9415 18188
10592 915 29774
29774 915 10592
915 10592 29774
19551 23257 26267
26267 19551 23257
23257 19551 26267
17527 2375 18365
2375 17527 18365
18365 2375 17527
29904 12515 23894
12515 23894 29904
23894 12515 29904
11992 5450 14383
5450 11992 14383
14383 5450 11992
5311 929 4283
4283 929 5311
929 4283 5311
27529 13045 29952
13045 27529 29952
29952 13045 27529
19761 2994 18012
2994 18012 19761
18012 2994 19761
1944 13854 16234
13854 1944 16234
16234 1944 13854
16075 12362 26262
12362 16075 26262
26262 12362 16075
17966 17340 26011
17340 17966 26011
26011 17340 17966
24513 14070 19875
14070 19875 24513
19875 14070 24513
28596 19503 27414
19503 27414 28596
27414 19503 28596
11872 387 26766
26766 387 11872
387 11872 26766
2943 5618 21250
21250 2943 5618
5618 2943 21250
24913 8381 23472
8381 23472 24913
23472 8381 24913
7764 16131 19307
16131 7764 19307
19307 7764 16131
13969 3466 8035
3466 8035 13969
8035 3466 13969
16418 21467 26502
21467 16418 26502
26502 16418 21467
21000 9850 25555
25555 9850 21000
9850 21000 25555
3739 16825 26285
26285 3739 16825
16825 3739 26285
15149 419 8333
8333 419 15149
419 8333 15149
15985 10767 15679
15679 10767 15985
10767 15679 15985
13899 16305 27118
27118 13899 16305
16305 13899 27118
28605 20987 26683
20987 26683 28605
26683 20987 28605
25808 2558 15790
15790 2558 25808
2558 15790 25808
20395 20335 24538
20335 20395 24538
24538 20335 20395
5774 25497 28797
25497 5774 28797
28797 5774 25497
13491 4150 11930
4150 11930 13491
11930 4150 13491
15100 7381 18842
18842 7381 15100
7381 15100 18842
3863 3179 17574
3179 3863 17574
17574 3179 3863
865 9114 24570
9114 865 24570
24570 865 9114
4594 22711 29474
29474 4594 22711
22711 4594 29474
15722 11603 16756
16756 11603 15722
11603 15722 16756
29535 1756 9533
1756 9533 29535
9533 1756 29535
25036 231 12065
12065 231 25036
231 12065 25036
10867 17792 28151
17792 10867 28151
28151 10867 17792
21135 10803 13812
13812 10803 21135
10803 13812 21135
3329 7304 26143
7304 3329 26143
26143 3329 7304
5669 1821 5960
1821 5669 5960
5960 1821 5669
14018 20101 23742
23742 14018 20101
20101 14018 23742
8755 4979 9395
4979 8755 9395
9395 4979 8755
27672 437 21418
21418 437 27672
437 21418 27672
20626 8029 17977
17977 8029 20626
8029 17977 20626
3781 3103 10854
3103 3781 10854
10854 3103 3781
6629 8559 13065
8559 6629 13065
13065 6629 8559
7195 18622 28721
18622 7195 28721
28721 7195 18622
4674 26318 28601
28601 4674 26318
26318 4674 28601
6961 2144 12854
2144 6961 12854
12854 2144 6961
11723 17542 22040
22040 11723 17542
17542 11723 22040
142 2866 23190
23190 142 2866
2866 142 23190
28924 17239 24002
17239 24002 28924
24002 17239 28924
6148 3776 17858
17858 3776 6148
3776 6148 17858
16396 14799 22644
22644 14799 16396
14799 16396 22644
2328 19255 26316
26316 2328 19255
19255 2328 26316
