57211 23834 70160
23834 57211 70160
70160 23834 57211
32789 103481 115832
115832 32789 103481
103481 32789 115832
62764 129276 135600
129276 62764 135600
135600 62764 129276
4024 47028 114158
114158 4024 47028
47028 4024 114158
48377 36982 39811
36982 39811 48377
39811 36982 48377
144736 30749 105278
30749 105278 144736
105278 30749 144736
112455 36539 96847
36539 96847 112455
96847 36539 112455
11356 55366 118203
55366 11356 118203
118203 11356 55366
47073 34118 139289
34118 47073 139289
139289 34118 47073
74604 37856 122660
122660 37856 74604
37856 74604 122660
27000 107366 124347
124347 27000 107366
107366 27000 124347
91136 63581 84675
63581 84675 91136
84675 63581 91136
90272 112655 135880
135880 90272 112655
112655 90272 135880
22087 46356 67075
46356 22087 67075
67075 22087 46356
142510 13111 121007
121007 13111 142510
13111 121007 142510
53156 11482 22944
11482 22944 53156
22944 11482 53156
118622 7211 64774
7211 64774 118622
64774 7211 118622
90894 56058 141098
141098 56058 90894
56058 90894 141098
103820 73065 83233
73065 83233 103820
83233 73065 103820
136878 23129 42181
23129 42181 136878
42181 23129 136878
62027 52172 83643
83643 52172 62027
52172 62027 83643
93954 116822 136439
116822 93954 136439
136439 93954 116822
41344 5524 59043
59043 5524 41344
5524 41344 59043
106062 87598 139245
87598 106062 139245
139245 87598 106062
123032 39534 91932
91932 39534 123032
39534 91932 123032
120703 99859 144920
99859 120703 144920
144920 99859 120703
32379 9569 147567
9569 32379 147567
147567 9569 32379
78414 126382 131667
126382 78414 131667
131667 78414 126382
4908 25683 101646
101646 4908 25683
25683 4908 101646
84235 125493 138436
138436 84235 125493
125493 84235 138436
72479 53879 98803
98803 53879 72479
53879 72479 98803
148856 3539 47543
47543 3539 148856
3539 47543 148856
3147 15400 31471
31471 3147 15400
15400 3147 31471
9973 66965 89438
89438 9973 66965
66965 9973 89438
35330 128606 130922
130922 35330 128606
128606 35330 130922
81971 49598 87150
49598 81971 87150
87150 49598 81971
85534 12343 50050
50050 12343 85534
12343 50050 85534
49797 12435 142381
12435 49797 142381
142381 12435 49797
31696 45496 47615
45496 31696 47615
47615 31696 45496
66089 69810 127697
127697 66089 69810
69810 66089 127697
56567 19475 116356
116356 19475 56567
19475 56567 116356
126190 55827 71908
71908 55827 126190
55827 71908 126190
410 42543 45430
42543 410 45430
45430 410 42543
45177 142241 142503
142241 45177 142503
142503 45177 142241
91149 90251 134019
134019 90251 91149
90251 91149 134019
76038 3226 38844
38844 3226 76038
3226 38844 76038
48979 16863 98972
98972 16863 48979
16863 48979 98972
49856 27308 38961
38961 27308 49856
27308 38961 49856
108511 43645 72771
43645 72771 108511
72771 43645 108511
11091 1125 66750
66750 1125 11091
1125 11091 66750
130945 37971 109678
109678 37971 130945
37971 109678 130945
161 5639 108783
108783 161 5639
5639 161 108783
90869 28305 48307
28305 48307 90869
48307 28305 90869
100328 38918 80096
38918 80096 100328
80096 38918 100328
70344 14222 38924
14222 38924 70344
38924 14222 70344
100434 5148 14608
14608 5148 100434
5148 14608 100434
76322 95102 136583
136583 76322 95102
95102 76322 136583
39925 42989 113591
42989 39925 113591
113591 39925 42989
98445 70031 146712
70031 98445 146712
146712 70031 98445
147752 33649 34405
33649 34405 147752
34405 33649 147752
2881 11492 11634
11492 2881 11634
11634 2881 11492
51688 85452 105120
85452 51688 105120
105120 51688 85452
84945 49040 56601
49040 56601 84945
56601 49040 84945
123001 26313 56123
26313 56123 123001
56123 26313 123001
76412 50951 73456
73456 50951 76412
50951 73456 76412
60649 72 95022
95022 72 60649
72 60649 95022
57048 13143 129463
129463 13143 57048
13143 57048 129463
47369 44968 149289
149289 44968 47369
44968 47369 149289
109774 101440 129023
129023 101440 109774
101440 109774 129023
45229 105440 149737
105440 45229 149737
149737 45229 105440
71989 47924 123558
47924 71989 123558
123558 47924 71989
125126 8674 23089
8674 23089 125126
23089 8674 125126
10092 17893 101120
101120 10092 17893
17893 10092 101120
53076 35816 95253
95253 35816 53076
35816 53076 95253
80224 16972 18282
16972 18282 80224
18282 16972 80224
84346 53925 67046
67046 53925 84346
53925 67046 84346
58454 63704 65469
65469 58454 63704
63704 58454 65469
77838 2089 46061
46061 2089 77838
2089 46061 77838
79130 142792 146537
146537 79130 142792
142792 79130 146537
92039 49982 95059
95059 49982 92039
49982 92039 95059
29811 113511 123254
113511 29811 123254
123254 29811 113511
14846 309 80668
80668 309 14846
309 14846 80668
74307 17092 144486
17092 74307 144486
144486 17092 74307
116331 109922 142683
142683 109922 116331
109922 116331 142683
72096 21095 147875
21095 72096 147875
147875 21095 72096
115910 42488 120156
120156 42488 115910
42488 115910 120156
31338 11174 56477
56477 11174 31338
11174 31338 56477
44271 24065 55101
55101 24065 44271
24065 44271 55101
136454 26262 132463
132463 26262 136454
26262 132463 136454
123621 31337 54738
54738 31337 123621
31337 54738 123621
146507 2183 8017
2183 8017 146507
8017 2183 146507
98825 71317 127001
127001 71317 98825
71317 98825 127001
126146 12474 91271
12474 91271 126146
91271 12474 126146
97773 43962 88820
88820 43962 97773
43962 88820 97773
11436 17835 148480
148480 11436 17835
17835 11436 148480
10641 62044 143591
62044 10641 143591
143591 10641 62044
117725 90041 143801
143801 90041 117725
90041 117725 143801
115855 24723 104880
24723 104880 115855
104880 24723 115855
103867 21821 46703
46703 21821 103867
21821 46703 103867
66344 73712 143949
73712 66344 143949
143949 66344 73712
71758 32484 121380
121380 32484 71758
32484 71758 121380
116559 60374 94322
94322 60374 116559
60374 94322 116559
19297 18597 83438
83438 18597 19297
18597 19297 83438
26688 587 115137
587 26688 115137
115137 587 26688
45980 120985 123020
123020 45980 120985
120985 45980 123020
53792 24639 135855
135855 24639 53792
24639 53792 135855
85065 38900 104342
104342 38900 85065
38900 85065 104342
1469 38843 100746
38843 1469 100746
100746 1469 38843
120597 133109 139542
139542 120597 133109
133109 120597 139542
145734 50567 135011
50567 135011 145734
135011 50567 145734
44976 54596 75018
75018 44976 54596
54596 44976 75018
54669 47667 99209
47667 54669 99209
99209 47667 54669
145532 12982 72882
12982 72882 145532
72882 12982 145532
123455 506 9679
9679 506 123455
506 9679 123455
70264 42144 97359
42144 70264 97359
97359 42144 70264
80699 119251 122303
122303 80699 119251
119251 80699 122303
79434 44858 105375
44858 79434 105375
105375 44858 79434
14752 6713 136330
136330 6713 14752
6713 14752 136330
62723 22047 114831
22047 62723 114831
114831 22047 62723
60436 35366 53830
35366 53830 60436
53830 35366 60436
53935 2024 25670
25670 2024 53935
2024 25670 53935
118695 7027 43823
43823 7027 118695
7027 43823 118695
54875 22175 62223
22175 54875 62223
62223 22175 54875
94762 2387 24371
2387 24371 94762
24371 2387 94762
99645 95222 142667
95222 99645 142667
142667 95222 99645
36993 39614 134788
134788 36993 39614
39614 36993 134788
113329 21613 94755
21613 94755 113329
94755 21613 113329
18918 104069 134849
104069 18918 134849
134849 18918 104069
35506 63631 126078
63631 35506 126078
126078 35506 63631
58975 116605 147229
116605 58975 147229
147229 58975 116605
17790 59566 135375
135375 17790 59566
59566 17790 135375
128411 49980 74551
74551 49980 128411
49980 74551 128411
69454 52652 125650
125650 52652 69454
52652 69454 125650
93730 117076 122079
117076 93730 122079
122079 93730 117076
116858 10604 114326
114326 10604 116858
10604 114326 116858
38340 87795 94009
94009 38340 87795
87795 38340 94009
138851 21822 143229
143229 21822 138851
21822 138851 143229
83436 68464 124511
124511 68464 83436
68464 83436 124511
40934 37865 59960
59960 37865 40934
37865 40934 59960
26933 45001 118304
118304 26933 45001
45001 26933 118304
35899 16765 83898
16765 35899 83898
83898 16765 35899
92111 116790 129915
116790 92111 129915
129915 92111 116790
19014 62841 131084
131084 19014 62841
62841 19014 131084
72054 67341 147045
147045 67341 72054
67341 72054 147045
147955 53464 103521
53464 103521 147955
103521 53464 147955
29236 75593 121241
121241 29236 75593
75593 29236 121241
85782 46787 100497
100497 46787 85782
46787 85782 100497
53261 62176 148578
148578 53261 62176
62176 53261 148578
142466 32416 71823
32416 71823 142466
71823 32416 142466
70591 84120 123531
123531 70591 84120
84120 70591 123531
42652 23033 97696
97696 23033 42652
23033 42652 97696
52170 82812 118947
82812 52170 118947
118947 52170 82812
106369 73743 137025
137025 73743 106369
73743 106369 137025
149532 36285 96230
96230 36285 149532
36285 96230 149532
80908 115908 142857
142857 80908 115908
115908 80908 142857
148027 53642 59793
53642 59793 148027
59793 53642 148027
60665 68456 143008
68456 60665 143008
143008 60665 68456
4857 21216 119917
21216 4857 119917
119917 4857 21216
6238 60127 125610
60127 6238 125610
125610 6238 60127
122966 75494 75592
75592 75494 122966
75494 75592 122966
76986 17377 117066
17377 76986 117066
117066 17377 76986
69483 8632 56691
56691 8632 69483
8632 56691 69483
44105 24419 85850
24419 44105 85850
85850 24419 44105
56791 79759 103768
103768 56791 79759
79759 56791 103768
125725 27401 98260
98260 27401 125725
27401 98260 125725
76260 65914 133835
133835 65914 76260
65914 76260 133835
107632 6001 107100
6001 107100 107632
107100 6001 107632
37516 26232 149613
26232 37516 149613
149613 26232 37516
141378 2496 46522
46522 2496 141378
2496 46522 141378
120802 33963 130083
33963 120802 130083
130083 33963 120802
149594 84308 96194
84308 96194 149594
96194 84308 149594
112460 80291 132525
80291 112460 132525
132525 80291 112460
59060 39876 136977
136977 39876 59060
39876 59060 136977
146543 11719 119803
119803 11719 146543
11719 119803 146543
78522 44409 56916
44409 56916 78522
56916 44409 78522
38482 12252 83499
12252 38482 83499
83499 12252 38482
103818 61373 96726
96726 61373 103818
61373 96726 103818
20220 39887 90925
39887 20220 90925
90925 20220 39887
43852 3911 117549
117549 3911 43852
3911 43852 117549
116823 8240 29031
8240 29031 116823
29031 8240 116823
50056 69757 145850
145850 50056 69757
69757 50056 145850
76851 33446 62818
33446 62818 76851
62818 33446 76851
108886 80408 96092
80408 96092 108886
96092 80408 108886
27100 36280 139859
36280 27100 139859
139859 27100 36280
55967 17794 83286
17794 55967 83286
83286 17794 55967
80993 102439 149259
149259 80993 102439
102439 80993 149259
31801 111498 117211
111498 31801 117211
117211 31801 111498
36210 82411 138796
138796 36210 82411
82411 36210 138796
61672 70737 116418
70737 61672 116418
116418 61672 70737
110991 67938 82177
67938 82177 110991
82177 67938 110991
82487 49940 118156
49940 82487 118156
118156 49940 82487
41718 5982 109933
109933 5982 41718
5982 41718 109933
50286 32083 38007
38007 32083 50286
32083 38007 50286
113017 41679 51912
51912 41679 113017
41679 51912 113017
21148 68015 117938
117938 21148 68015
68015 21148 117938
142967 29842 133858
29842 133858 142967
133858 29842 142967
121781 31765 138964
138964 31765 121781
31765 121781 138964
110909 17455 126037
126037 17455 110909
17455 110909 126037
30673 77720 145566
145566 30673 77720
77720 30673 145566
49137 61545 133360
133360 49137 61545
61545 49137 133360
16915 44142 107484
107484 16915 44142
44142 16915 107484
68557 88842 117494
88842 68557 117494
117494 68557 88842
76718 56211 80189
56211 76718 80189
80189 56211 76718
5756 58437 116149
58437 5756 116149
116149 5756 58437
70680 63074 71173
63074 70680 71173
71173 63074 70680
6160 72523 121536
121536 6160 72523
72523 6160 121536
74576 30735 134621
30735 74576 134621
134621 30735 74576
14982 30115 66180
66180 14982 30115
30115 14982 66180
139549 20641 106129
20641 106129 139549
106129 20641 139549
28101 3017 111010
3017 28101 111010
111010 3017 28101
98558 108691 142377
108691 98558 142377
142377 98558 108691
132057 22113 23064
22113 23064 132057
23064 22113 132057
66534 44621 130307
44621 66534 130307
130307 44621 66534
102026 23197 72501
23197 72501 102026
72501 23197 102026
91245 88096 140278
88096 91245 140278
140278 88096 91245
146071 95669 102289
95669 102289 146071
102289 95669 146071
103968 107301 135943
107301 103968 135943
135943 103968 107301
112417 40047 105845
105845 40047 112417
40047 105845 112417
49601 26166 78145
78145 26166 49601
26166 49601 78145
130106 6613 71766
6613 71766 130106
71766 6613 130106
31560 21391 140619
140619 21391 31560
21391 31560 140619
38290 86171 107199
86171 38290 107199
107199 38290 86171
72668 61074 63388
63388 61074 72668
61074 63388 72668
61555 56508 89213
56508 61555 89213
89213 56508 61555
146898 54691 139379
139379 54691 146898
54691 139379 146898
81121 102955 148606
102955 81121 148606
148606 81121 102955
77026 46029 72716
72716 46029 77026
46029 72716 77026
54575 40913 111956
111956 40913 54575
40913 54575 111956
117802 15480 70896
15480 70896 117802
70896 15480 117802
105424 61894 109914
109914 61894 105424
61894 105424 109914
21638 42827 49233
42827 21638 49233
49233 21638 42827
73713 78620 145409
78620 73713 145409
145409 73713 78620
1838 54564 143861
54564 1838 143861
143861 1838 54564
117098 19131 25974
19131 25974 117098
25974 19131 117098
67128 1761 33007
33007 1761 67128
1761 33007 67128
6004 66800 111294
66800 6004 111294
111294 6004 66800
115610 6337 103579
103579 6337 115610
6337 103579 115610
137063 53622 70926
70926 53622 137063
53622 70926 137063
104870 45716 91744
91744 45716 104870
45716 91744 104870
22133 76113 113229
76113 22133 113229
113229 22133 76113
125 12559 14540
14540 125 12559
12559 125 14540
45245 30134 79671
30134 45245 79671
79671 30134 45245
28492 17384 93717
93717 17384 28492
17384 28492 93717
52400 15846 124267
15846 52400 124267
124267 15846 52400
26620 82449 104002
104002 26620 82449
82449 26620 104002
129317 143932 149831
143932 129317 149831
149831 129317 143932
81882 30064 34180
34180 30064 81882
30064 34180 81882
75975 13982 43527
43527 13982 75975
13982 43527 75975
87365 18887 34298
34298 18887 87365
18887 34298 87365
117528 16068 118530
16068 117528 118530
118530 16068 117528
67687 4410 91556
91556 4410 67687
4410 67687 91556
56784 9227 133546
9227 56784 133546
133546 9227 56784
48303 70220 96330
96330 48303 70220
70220 48303 96330
99387 4218 129913
4218 99387 129913
129913 4218 99387
24336 19327 51426
19327 24336 51426
51426 19327 24336
11276 14252 96830
14252 11276 96830
96830 11276 14252
1062 49568 115314
49568 1062 115314
115314 1062 49568
139324 55674 142606
142606 55674 139324
55674 139324 142606
109846 69460 114912
114912 69460 109846
69460 109846 114912
88399 54461 111768
111768 54461 88399
54461 88399 111768
31365 43115 125350
125350 31365 43115
43115 31365 125350
121113 6521 130184
6521 121113 130184
130184 6521 121113
45281 40916 81660
81660 40916 45281
40916 45281 81660
6139 75150 92440
92440 6139 75150
75150 6139 92440
58083 30741 84166
84166 30741 58083
30741 58083 84166
50338 47852 86024
86024 47852 50338
47852 50338 86024
149433 67406 134108
67406 134108 149433
134108 67406 149433
143461 78555 106820
106820 78555 143461
78555 106820 143461
86877 41463 83717
41463 83717 86877
83717 41463 86877
26286 38840 146277
38840 26286 146277
146277 26286 38840
15376 27727 84805
27727 15376 84805
84805 15376 27727
76212 103122 143320
143320 76212 103122
103122 76212 143320
130450 18974 83697
18974 83697 130450
83697 18974 130450
125525 11301 98816
98816 11301 125525
11301 98816 125525
23394 63699 109503
109503 23394 63699
63699 23394 109503
134595 67857 118693
67857 118693 134595
118693 67857 134595
86512 25866 130381
25866 86512 130381
130381 25866 86512
59545 54380 105388
54380 59545 105388
105388 54380 59545
68913 65175 129407
129407 65175 68913
65175 68913 129407
131271 45575 110985
45575 110985 131271
110985 45575 131271
32572 15624 86475
86475 15624 32572
15624 32572 86475
21408 31175 101748
31175 21408 101748
101748 21408 31175
63876 91 19610
91 19610 63876
19610 91 63876
2450 81063 82552
81063 2450 82552
82552 2450 81063
135041 95154 132748
95154 132748 135041
132748 95154 135041
26511 120751 123805
120751 26511 123805
123805 26511 120751
14306 46464 95705
46464 14306 95705
95705 14306 46464
19488 1002 69140
69140 1002 19488
1002 19488 69140
74174 110717 135338
135338 74174 110717
110717 74174 135338
80403 26615 121995
26615 80403 121995
121995 26615 80403
51192 23843 99682
99682 23843 51192
23843 51192 99682
85181 104119 144389
104119 85181 144389
144389 85181 104119
13112 32662 126560
32662 13112 126560
126560 13112 32662
57348 31158 115912
31158 57348 115912
115912 31158 57348
95704 4029 88080
4029 88080 95704
88080 4029 95704
97934 63846 71878
71878 63846 97934
63846 71878 97934
97273 73716 139497
139497 73716 97273
73716 97273 139497
20444 2290 33383
33383 2290 20444
2290 20444 33383
55251 41899 135160
41899 55251 135160
135160 41899 55251
56663 27554 135348
135348 27554 56663
27554 56663 135348
51724 13225 134639
13225 51724 134639
134639 13225 51724
115763 5587 35267
5587 35267 115763
35267 5587 115763
143621 21459 24197
21459 24197 143621
24197 21459 143621
40572 81903 126985
126985 40572 81903
81903 40572 126985
141285 134321 142207
134321 141285 142207
142207 134321 141285
30985 52040 110906
52040 30985 110906
110906 30985 52040
14851 2627 53111
53111 2627 14851
2627 14851 53111
30570 34105 110564
110564 30570 34105
34105 30570 110564
149749 20526 54267
20526 54267 149749
54267 20526 149749
145551 73242 128216
73242 128216 145551
128216 73242 145551
98420 20183 112608
20183 98420 112608
112608 20183 98420
94330 78150 78316
78150 78316 94330
78316 78150 94330
51533 17629 136006
17629 51533 136006
136006 17629 51533
49011 107901 125750
107901 49011 125750
125750 49011 107901
123243 32216 96138
96138 32216 123243
32216 96138 123243
13328 56544 104778
104778 13328 56544
56544 13328 104778
52975 103774 128090
103774 52975 128090
128090 52975 103774
95261 100724 102853
102853 95261 100724
100724 95261 102853
23645 13011 145675
145675 13011 23645
13011 23645 145675
65230 19284 86812
19284 65230 86812
86812 19284 65230
87239 36240 53453
36240 53453 87239
53453 36240 87239
14742 125036 141089
141089 14742 125036
125036 14742 141089
121744 101906 113633
101906 113633 121744
113633 101906 121744
86539 3569 10481
10481 3569 86539
3569 10481 86539
37414 66029 70888
70888 37414 66029
66029 37414 70888
25253 50439 107294
107294 25253 50439
50439 25253 107294
26666 105931 149876
105931 26666 149876
149876 26666 105931
58924 93921 102771
102771 58924 93921
93921 58924 102771
96841 104931 124367
104931 96841 124367
124367 96841 104931
107468 93288 111611
111611 93288 107468
93288 107468 111611
132697 14066 133315
14066 132697 133315
133315 14066 132697
98034 98837 120474
98837 98034 120474
120474 98034 98837
129040 134618 138943
134618 129040 138943
138943 129040 134618
129789 19028 76805
19028 76805 129789
76805 19028 129789
148001 19234 83296
19234 83296 148001
83296 19234 148001
85196 8683 53438
53438 8683 85196
8683 53438 85196
8486 5456 22394
5456 8486 22394
22394 5456 8486
87542 24729 133748
24729 87542 133748
133748 24729 87542
16241 6002 42740
42740 6002 16241
6002 16241 42740
23987 15088 57432
57432 15088 23987
15088 23987 57432
83603 8226 23023
23023 8226 83603
8226 23023 83603
85168 132267 141646
141646 85168 132267
132267 85168 141646
116950 12476 25730
25730 12476 116950
12476 25730 116950
70518 19995 69455
69455 19995 70518
19995 69455 70518
14294 26691 38455
26691 14294 38455
38455 14294 26691
109307 32734 60028
60028 32734 109307
32734 60028 109307
19093 61478 88655
88655 19093 61478
61478 19093 88655
95229 27777 122139
27777 95229 122139
122139 27777 95229
131692 82659 142843
82659 131692 142843
142843 82659 131692
122120 12431 49949
12431 49949 122120
49949 12431 122120
131637 63363 135530
63363 131637 135530
135530 63363 131637
144176 31623 122308
31623 122308 144176
122308 31623 144176
98858 17757 146358
146358 17757 98858
17757 98858 146358
23557 15981 110968
15981 23557 110968
110968 15981 23557
76815 21225 21678
21225 21678 76815
21678 21225 76815
130834 6931 103061
103061 6931 130834
6931 103061 130834
37172 30000 61663
30000 37172 61663
61663 30000 37172
111580 50898 147536
147536 50898 111580
50898 111580 147536
9730 57225 104142
104142 9730 57225
57225 9730 104142
50253 48112 96023
96023 48112 50253
48112 50253 96023
87093 14814 125809
14814 87093 125809
125809 14814 87093
33202 74882 84350
74882 33202 84350
84350 33202 74882
13278 48552 115163
115163 13278 48552
48552 13278 115163
19663 14830 110014
110014 14830 19663
14830 19663 110014
32708 31107 83922
83922 31107 32708
31107 32708 83922
80768 98936 136021
136021 80768 98936
98936 80768 136021
53274 123660 133178
123660 53274 133178
133178 53274 123660
64063 89640 100104
89640 64063 100104
100104 64063 89640
132091 66618 84375
66618 84375 132091
84375 66618 132091
93743 25906 45996
25906 45996 93743
45996 25906 93743
66184 120396 145381
120396 66184 145381
145381 66184 120396
90436 78438 143111
143111 78438 90436
78438 90436 143111
78528 82433 127858
127858 78528 82433
82433 78528 127858
143834 56195 73619
73619 56195 143834
56195 73619 143834
117659 1563 18045
18045 1563 117659
1563 18045 117659
56400 21883 122702
122702 21883 56400
21883 56400 122702
146041 11521 14955
14955 11521 146041
11521 14955 146041
113984 67456 120673
67456 113984 120673
120673 67456 113984
4299 12872 86397
12872 4299 86397
86397 4299 12872
65137 98141 139850
139850 65137 98141
98141 65137 139850
119737 50922 142270
50922 119737 142270
142270 50922 119737
146229 59197 139839
59197 139839 146229
139839 59197 146229
43941 82845 136463
82845 43941 136463
136463 43941 82845
30797 97768 117173
117173 30797 97768
97768 30797 117173
93112 20318 80323
80323 20318 93112
20318 80323 93112
76470 73739 85942
73739 76470 85942
85942 73739 76470
48631 14413 56524
56524 14413 48631
14413 48631 56524
90466 61466 107269
61466 90466 107269
107269 61466 90466
101739 125690 137301
137301 101739 125690
125690 101739 137301
120505 8810 76291
76291 8810 120505
8810 76291 120505
109117 7991 118021
118021 7991 109117
7991 109117 118021
7226 944 147323
944 7226 147323
147323 944 7226
37374 86028 101398
86028 37374 101398
101398 37374 86028
124133 23764 115199
115199 23764 124133
23764 115199 124133
82085 351 58185
58185 351 82085
351 58185 82085
9606 135442 146235
135442 9606 146235
146235 9606 135442
20472 107470 120713
120713 20472 107470
107470 20472 120713
18772 98674 109645
109645 18772 98674
98674 18772 109645
29373 85563 116671
116671 29373 85563
85563 29373 116671
67793 46885 77745
46885 67793 77745
77745 46885 67793
66018 25180 104732
25180 66018 104732
104732 25180 66018
71588 26918 88131
26918 71588 88131
88131 26918 71588
122691 81242 100221
100221 81242 122691
81242 100221 122691
73315 134112 137751
134112 73315 137751
137751 73315 134112
144811 84939 110302
84939 110302 144811
110302 84939 144811
132928 13140 98382
98382 13140 132928
13140 98382 132928
78126 77300 88240
77300 78126 88240
88240 77300 78126
127757 75252 142274
75252 127757 142274
142274 75252 127757
85092 55050 61141
55050 61141 85092
61141 55050 85092
15362 9169 38754
38754 9169 15362
9169 15362 38754
12066 30080 66888
30080 12066 66888
66888 12066 30080
138426 50385 130852
50385 130852 138426
130852 50385 138426
108386 124709 148754
124709 108386 148754
148754 108386 124709
96130 91371 142257
91371 96130 142257
142257 91371 96130
116586 38660 138571
38660 116586 138571
138571 38660 116586
17397 20901 122679
122679 17397 20901
20901 17397 122679
113517 68747 109954
109954 68747 113517
68747 109954 113517
46991 39537 60944
60944 39537 46991
39537 46991 60944
17177 70100 111836
111836 17177 70100
70100 17177 111836
65933 64472 133865
133865 64472 65933
64472 65933 133865
115527 7439 108080
108080 7439 115527
7439 108080 115527
103893 13079 101974
101974 13079 103893
13079 101974 103893
112164 2616 38250
38250 2616 112164
2616 38250 112164
2512 9235 149348
9235 2512 149348
149348 2512 9235
117250 44131 86768
44131 86768 117250
86768 44131 117250
30715 55301 60510
60510 30715 55301
55301 30715 60510
132274 7169 102937
102937 7169 132274
7169 102937 132274
112812 73644 96718
96718 73644 112812
73644 96718 112812
85140 129609 146005
129609 85140 146005
146005 85140 129609
80891 73989 111315
111315 73989 80891
73989 80891 111315
45468 23202 144332
23202 45468 144332
144332 23202 45468
74522 10304 143116
143116 10304 74522
10304 74522 143116
99427 51473 97334
97334 51473 99427
51473 97334 99427
62357 70125 72679
70125 62357 72679
72679 62357 70125
148873 110876 130741
110876 130741 148873
130741 110876 148873
109966 71895 106165
106165 71895 109966
71895 106165 109966
48249 39456 75731
75731 39456 48249
39456 48249 75731
22530 47296 127310
47296 22530 127310
127310 22530 47296
106216 24716 91024
91024 24716 106216
24716 91024 106216
57834 23857 114102
23857 57834 114102
114102 23857 57834
105367 118106 140576
118106 105367 140576
140576 105367 118106
7043 31182 104442
104442 7043 31182
31182 7043 104442
85382 4116 49288
4116 49288 85382
49288 4116 85382
41460 64629 66830
66830 41460 64629
64629 41460 66830
54217 1806 83915
1806 54217 83915
83915 1806 54217
54727 80559 94023
80559 54727 94023
94023 54727 80559
19306 123231 128994
128994 19306 123231
123231 19306 128994
50689 43779 109983
43779 50689 109983
109983 43779 50689
138801 25556 86479
86479 25556 138801
25556 86479 138801
103591 30388 77929
30388 77929 103591
77929 30388 103591
48002 124001 129526
124001 48002 129526
129526 48002 124001
45421 27204 43802
27204 43802 45421
43802 27204 45421
109866 46129 57215
57215 46129 109866
46129 57215 109866
60258 105439 136948
136948 60258 105439
105439 60258 136948
127016 26361 149047
149047 26361 127016
26361 127016 149047
20373 11575 35112
11575 20373 35112
35112 11575 20373
49043 13403 102122
102122 13403 49043
13403 49043 102122
27282 25655 143066
143066 25655 27282
25655 27282 143066
47070 13651 86470
86470 13651 47070
13651 47070 86470
119322 89385 127451
127451 89385 119322
89385 119322 127451
92846 5376 47411
47411 5376 92846
5376 47411 92846
81134 78672 125708
78672 81134 125708
125708 78672 81134
28071 83956 125895
125895 28071 83956
83956 28071 125895
118360 32610 65547
32610 65547 118360
65547 32610 118360
3869 112513 137547
137547 3869 112513
112513 3869 137547
82112 64834 142472
64834 82112 142472
142472 64834 82112
39858 22352 60105
22352 39858 60105
60105 22352 39858
72976 12135 27968
12135 27968 72976
27968 12135 72976
90059 58620 86443
58620 86443 90059
86443 58620 90059
42336 100142 121474
100142 42336 121474
121474 42336 100142
66899 34458 48095
34458 48095 66899
48095 34458 66899
12115 2785 132024
132024 2785 12115
2785 12115 132024
128337 57292 108439
108439 57292 128337
57292 108439 128337
77805 50119 74878
50119 74878 77805
74878 50119 77805
117766 86904 117350
86904 117350 117766
117350 86904 117766
66898 1768 118618
1768 66898 118618
118618 1768 66898
136136 1673 70257
1673 70257 136136
70257 1673 136136
10130 79987 122134
122134 10130 79987
79987 10130 122134
98832 58109 67690
67690 58109 98832
58109 67690 98832
23249 52648 112702
112702 23249 52648
52648 23249 112702
51574 17310 41701
17310 41701 51574
41701 17310 51574
134834 12646 66685
12646 66685 134834
66685 12646 134834
44600 83273 132075
132075 44600 83273
83273 44600 132075
63498 73847 124170
73847 63498 124170
124170 63498 73847
93561 85828 128888
128888 85828 93561
85828 93561 128888
35728 25364 78187
78187 25364 35728
25364 35728 78187
66301 28380 115266
115266 28380 66301
28380 66301 115266
63464 54007 118669
54007 63464 118669
118669 54007 63464
91679 66710 138480
138480 66710 91679
66710 91679 138480
84769 22671 141187
141187 22671 84769
22671 84769 141187
65600 46123 142619
46123 65600 142619
142619 46123 65600
148385 4912 124410
124410 4912 148385
4912 124410 148385
61778 21716 27242
27242 21716 61778
21716 27242 61778
15951 17961 133359
133359 15951 17961
17961 15951 133359
30631 3526 38549
3526 30631 38549
38549 3526 30631
148700 5827 23777
5827 23777 148700
23777 5827 148700
136534 4969 27869
27869 4969 136534
4969 27869 136534
84796 95676 134921
95676 84796 134921
134921 84796 95676
22234 41363 124459
124459 22234 41363
41363 22234 124459
55398 19510 117621
117621 19510 55398
19510 55398 117621
120419 54769 122499
54769 120419 122499
122499 54769 120419
40779 5464 74496
5464 40779 74496
74496 5464 40779
81961 24835 49020
49020 24835 81961
24835 49020 81961
119898 18764 91982
91982 18764 119898
18764 91982 119898
110115 20307 105347
105347 20307 110115
20307 105347 110115
39142 5668 139963
5668 39142 139963
139963 5668 39142
144746 16836 42050
42050 16836 144746
16836 42050 144746
38775 119652 136084
119652 38775 136084
136084 38775 119652
145131 54609 144539
144539 54609 145131
54609 144539 145131
104960 24410 94298
94298 24410 104960
24410 94298 104960
10133 67176 142130
142130 10133 67176
67176 10133 142130
18287 17041 43844
17041 18287 43844
43844 17041 18287
11449 47367 81625
47367 11449 81625
81625 11449 47367
133084 52117 85432
85432 52117 133084
52117 85432 133084
45068 40124 77474
40124 45068 77474
77474 40124 45068
103332 82530 149474
149474 82530 103332
82530 103332 149474
7920 74664 126872
126872 7920 74664
74664 7920 126872
136692 8467 107419
107419 8467 136692
8467 107419 136692
33682 63996 67556
63996 33682 67556
67556 33682 63996
43539 12934 22831
22831 12934 43539
12934 22831 43539
16178 101524 114859
101524 16178 114859
114859 16178 101524
24762 39157 58467
39157 24762 58467
58467 24762 39157
106379 4480 25709
25709 4480 106379
4480 25709 106379
9969 10144 148556
148556 9969 10144
10144 9969 148556
75188 70579 144023
144023 70579 75188
70579 75188 144023
131731 91606 110154
110154 91606 131731
91606 110154 131731
29734 12830 44085
44085 12830 29734
12830 29734 44085
19125 71813 105987
105987 19125 71813
71813 19125 105987
91342 75649 129856
129856 75649 91342
75649 91342 129856
48893 18476 122669
122669 18476 48893
18476 48893 122669
7927 69500 96485
69500 7927 96485
96485 7927 69500
76957 13531 66419
13531 66419 76957
66419 13531 76957
49881 105968 127885
127885 49881 105968
105968 49881 127885
141950 6555 112509
6555 112509 141950
112509 6555 141950
19743 57280 76844
76844 19743 57280
57280 19743 76844
24828 99857 131453
99857 24828 131453
131453 24828 99857
8961 39468 67889
67889 8961 39468
39468 8961 67889
4541 100901 119373
100901 4541 119373
119373 4541 100901
26367 4297 41693
41693 4297 26367
4297 26367 41693
129142 82237 124813
124813 82237 129142
82237 124813 129142
105662 52532 77821
77821 52532 105662
52532 77821 105662
126676 6767 124583
124583 6767 126676
6767 124583 126676
76108 121046 130155
130155 76108 121046
121046 76108 130155
13150 73632 140494
73632 13150 140494
140494 13150 73632
44452 15563 99326
15563 44452 99326
99326 15563 44452
134074 133732 138916
133732 134074 138916
138916 133732 134074
118035 65026 113718
65026 113718 118035
113718 65026 118035
10485 36946 128756
128756 10485 36946
36946 10485 128756
83516 2046 5931
5931 2046 83516
2046 5931 83516
16936 30632 142730
142730 16936 30632
30632 16936 142730
44872 88230 120736
120736 44872 88230
88230 44872 120736
148152 1458 96076
96076 1458 148152
1458 96076 148152
28572 127722 148650
127722 28572 148650
148650 28572 127722
17827 12966 61606
12966 17827 61606
61606 12966 17827
110435 88340 104612
104612 88340 110435
88340 104612 110435
102548 63865 131443
63865 102548 131443
131443 63865 102548
147354 58144 149346
149346 58144 147354
58144 147354 149346
52708 3680 123465
3680 52708 123465
123465 3680 52708
136132 72655 116328
116328 72655 136132
72655 116328 136132
145774 80242 145955
80242 145774 145955
145955 80242 145774
146385 53364 100047
100047 53364 146385
53364 100047 146385
28161 10239 118053
10239 28161 118053
118053 10239 28161
86088 49762 140031
140031 49762 86088
49762 86088 140031
134893 3104 129461
129461 3104 134893
3104 129461 134893
132647 71333 131697
71333 131697 132647
131697 71333 132647
12333 97444 137418
137418 12333 97444
97444 12333 137418
137102 114633 131905
131905 114633 137102
114633 131905 137102
94799 68158 77197
77197 68158 94799
68158 77197 94799
48699 12761 42140
12761 42140 48699
42140 12761 48699
68987 50118 126882
50118 68987 126882
126882 50118 68987
112917 46806 66562
46806 66562 112917
66562 46806 112917
19723 34551 106798
106798 19723 34551
34551 19723 106798
9809 68111 110389
110389 9809 68111
68111 9809 110389
10146 7177 133592
7177 10146 133592
133592 7177 10146
70434 77050 118650
77050 70434 118650
118650 70434 77050
112484 61752 94443
61752 94443 112484
94443 61752 112484
105181 19470 135937
19470 105181 135937
135937 19470 105181
116616 5665 140566
5665 116616 140566
140566 5665 116616
18975 102065 138005
138005 18975 102065
102065 18975 138005
146711 68707 71073
68707 71073 146711
71073 68707 146711
74682 14065 108864
108864 14065 74682
14065 74682 108864
7087 39290 56182
56182 7087 39290
39290 7087 56182
85485 78230 78546
78230 78546 85485
78546 78230 85485
110066 57461 133657
57461 110066 133657
133657 57461 110066
71359 38830 42345
38830 42345 71359
42345 38830 71359
138526 21050 136324
21050 136324 138526
136324 21050 138526
31281 14700 20493
14700 20493 31281
20493 14700 31281
113552 1583 34514
34514 1583 113552
1583 34514 113552
8836 24845 66849
66849 8836 24845
24845 8836 66849
76761 46711 92875
92875 46711 76761
46711 76761 92875
22288 12265 67066
67066 12265 22288
12265 22288 67066
123965 75375 98920
75375 98920 123965
98920 75375 123965
105854 53554 134114
53554 105854 134114
134114 53554 105854
13565 25384 141353
25384 13565 141353
141353 13565 25384
58738 59286 68494
68494 58738 59286
59286 58738 68494
34629 18034 101957
18034 34629 101957
101957 18034 34629
9356 42688 120184
42688 9356 120184
120184 9356 42688
105257 55074 78746
55074 78746 105257
78746 55074 105257
40114 36219 73108
73108 36219 40114
36219 40114 73108
30936 5470 146051
146051 5470 30936
5470 30936 146051
98559 66729 94343
66729 94343 98559
94343 66729 98559
125907 21628 147375
21628 125907 147375
147375 21628 125907
37724 98631 137026
98631 37724 137026
137026 37724 98631
136336 30681 68694
68694 30681 136336
30681 68694 136336
33164 781 19646
781 19646 33164
19646 781 33164
113421 81635 99423
81635 99423 113421
99423 81635 113421
55273 35296 71909
35296 55273 71909
71909 35296 55273
55885 11223 134157
134157 11223 55885
11223 55885 134157
20159 5152 16862
5152 16862 20159
16862 5152 20159
23828 3988 66110
66110 3988 23828
3988 23828 66110
29062 3368 4608
3368 4608 29062
4608 3368 29062
143054 111293 121790
121790 111293 143054
111293 121790 143054
94655 5799 114907
114907 5799 94655
5799 94655 114907
43973 15130 49470
15130 43973 49470
49470 15130 43973
21853 116324 145463
116324 21853 145463
145463 21853 116324
140963 25837 26422
26422 25837 140963
25837 26422 140963
55078 102540 149431
149431 55078 102540
102540 55078 149431
80243 33863 85992
85992 33863 80243
33863 80243 85992
26877 78984 99768
78984 26877 99768
99768 26877 78984
44485 14530 44051
44051 14530 44485
14530 44051 44485
33540 71038 128092
128092 33540 71038
71038 33540 128092
80683 1174 145084
1174 80683 145084
145084 1174 80683
85459 21206 137856
137856 21206 85459
21206 85459 137856
83763 34132 79820
79820 34132 83763
34132 79820 83763
126729 38030 80089
80089 38030 126729
38030 80089 126729
107823 16713 36389
36389 16713 107823
16713 36389 107823
74872 23181 109488
109488 23181 74872
23181 74872 109488
137107 22911 125788
22911 125788 137107
125788 22911 137107
100995 6726 71808
6726 71808 100995
71808 6726 100995
1623 52470 122799
122799 1623 52470
52470 1623 122799
128145 37071 78760
78760 37071 128145
37071 78760 128145
33952 81165 119326
81165 33952 119326
119326 33952 81165
33265 16164 69457
69457 16164 33265
16164 33265 69457
50720 24887 80007
80007 24887 50720
24887 50720 80007
44786 39192 145065
39192 44786 145065
145065 39192 44786
50967 41758 55818
55818 41758 50967
41758 50967 55818
92327 93127 129459
93127 92327 129459
129459 92327 93127
104915 5492 143120
5492 104915 143120
143120 5492 104915
118972 24958 119000
119000 24958 118972
24958 118972 119000
102087 47185 98390
47185 98390 102087
98390 47185 102087
91429 725 52214
725 52214 91429
52214 725 91429
94758 57591 102378
102378 57591 94758
57591 94758 102378
88046 45786 91460
45786 88046 91460
91460 45786 88046
64379 17263 41843
17263 41843 64379
41843 17263 64379
23487 1229 36887
36887 1229 23487
1229 23487 36887
73289 8965 86135
8965 73289 86135
86135 8965 73289
4234 38982 48235
38982 4234 48235
48235 4234 38982
113902 25529 55093
25529 55093 113902
55093 25529 113902
32905 48124 73124
48124 32905 73124
73124 32905 48124
78768 56965 108156
56965 78768 108156
108156 56965 78768
22525 43152 138599
43152 22525 138599
138599 22525 43152
132711 46823 93563
93563 46823 132711
46823 93563 132711
123673 105788 131924
131924 105788 123673
105788 123673 131924
16522 103530 142561
142561 16522 103530
103530 16522 142561
92030 92743 125120
92743 92030 125120
125120 92030 92743
130017 19554 76731
76731 19554 130017
19554 76731 130017
134950 12871 18100
12871 18100 134950
18100 12871 134950
50816 42588 134535
134535 42588 50816
42588 50816 134535
119389 112481 116497
112481 116497 119389
116497 112481 119389
105631 75439 140081
140081 75439 105631
75439 105631 140081
141076 35836 68116
35836 68116 141076
68116 35836 141076
117380 50097 85162
85162 50097 117380
50097 85162 117380
67147 109918 147041
147041 67147 109918
109918 67147 147041
116938 133488 149354
149354 116938 133488
133488 116938 149354
48649 64236 108326
64236 48649 108326
108326 48649 64236
65833 30635 97061
97061 30635 65833
30635 65833 97061
125456 28571 128514
128514 28571 125456
28571 125456 128514
55465 11175 87136
87136 11175 55465
11175 55465 87136
104124 36406 95731
36406 95731 104124
95731 36406 104124
116774 43867 113411
113411 43867 116774
43867 113411 116774
113262 72169 73008
73008 72169 113262
72169 73008 113262
75800 7793 98231
98231 7793 75800
7793 75800 98231
31369 55322 92147
55322 31369 92147
92147 31369 55322
17222 49738 147634
49738 17222 147634
147634 17222 49738
105744 66890 133197
66890 105744 133197
133197 66890 105744
44801 101657 113770
113770 44801 101657
101657 44801 113770
81166 31991 39997
31991 39997 81166
39997 31991 81166
134807 44026 100576
100576 44026 134807
44026 100576 134807
44417 102514 145469
145469 44417 102514
102514 44417 145469
64164 115338 118614
118614 64164 115338
115338 64164 118614
103346 52243 84095
52243 84095 103346
84095 52243 103346
14852 13799 17061
13799 14852 17061
17061 13799 14852
65583 39152 76313
76313 39152 65583
39152 65583 76313
93713 37861 115265
37861 93713 115265
115265 37861 93713
133740 9299 73911
9299 73911 133740
73911 9299 133740
71531 51546 101392
101392 51546 71531
51546 71531 101392
45901 28213 69594
69594 28213 45901
28213 45901 69594
52004 70551 86321
86321 52004 70551
70551 52004 86321
144892 123957 147993
123957 144892 147993
147993 123957 144892
129130 36354 115289
36354 115289 129130
115289 36354 129130
141957 76870 126543
76870 126543 141957
126543 76870 141957
93510 82164 95378
82164 93510 95378
95378 82164 93510
95208 81792 126202
126202 81792 95208
81792 95208 126202
131340 76290 81265
76290 81265 131340
81265 76290 131340
59804 110276 119998
110276 59804 119998
119998 59804 110276
87102 37610 74148
37610 74148 87102
74148 37610 87102
5351 105899 132076
132076 5351 105899
105899 5351 132076
68829 34145 124239
124239 34145 68829
34145 68829 124239
71717 53430 104857
104857 53430 71717
53430 71717 104857
109850 18914 148654
148654 18914 109850
18914 109850 148654
89632 26889 38004
26889 38004 89632
38004 26889 89632
49139 84895 146424
146424 49139 84895
84895 49139 146424
146473 96083 97667
97667 96083 146473
96083 97667 146473
137112 35460 140925
35460 137112 140925
140925 35460 137112
20334 92209 123212
123212 20334 92209
92209 20334 123212
96628 8889 111290
111290 8889 96628
8889 96628 111290
100513 17973 103207
103207 17973 100513
17973 100513 103207
135415 19550 65762
19550 65762 135415
65762 19550 135415
103816 33809 110403
110403 33809 103816
33809 103816 110403
7186 43453 47141
47141 7186 43453
