93429 57395 91072
57395 91072 93429
91072 57395 93429
94398 33600 47101
47101 33600 94398
33600 47101 94398
34602 33479 58559
58559 33479 34602
33479 34602 58559
130078 77783 108836
108836 77783 130078
77783 108836 130078
30693 78705 132389
78705 30693 132389
132389 30693 78705
103341 1324 100093
1324 100093 103341
100093 1324 103341
71648 15104 149868
15104 71648 149868
149868 15104 71648
41169 33087 95654
33087 41169 95654
95654 33087 41169
67129 24136 127450
127450 24136 67129
24136 67129 127450
25920 91359 112428
112428 25920 91359
91359 25920 112428
77504 40457 81718
81718 40457 77504
40457 77504 81718
97933 21445 125298
125298 21445 97933
21445 97933 125298
46664 15128 44358
44358 15128 46664
15128 44358 46664
125223 73878 135870
135870 73878 125223
73878 125223 135870
72133 87033 149231
87033 72133 149231
149231 72133 87033
68350 63793 139799
63793 68350 139799
139799 63793 68350
124797 120517 128107
128107 120517 124797
120517 124797 128107
145966 93232 98294
93232 98294 145966
98294 93232 145966
28909 61330 79350
61330 28909 79350
79350 28909 61330
143309 18330 136017
18330 136017 143309
136017 18330 143309
128743 79900 81985
79900 81985 128743
81985 79900 128743
31412 140068 146567
146567 31412 140068
140068 31412 146567
118933 10631 40649
40649 10631 118933
10631 40649 118933
61587 21250 62458
62458 21250 61587
21250 61587 62458
93868 126700 141512
126700 93868 141512
141512 93868 126700
55114 59623 62050
59623 55114 62050
62050 55114 59623
100304 65911 79138
79138 65911 100304
65911 79138 100304
147355 29762 141580
29762 141580 147355
141580 29762 147355
131300 8373 46960
46960 8373 131300
8373 46960 131300
53808 15947 59605
59605 15947 53808
15947 53808 59605
115846 58796 66262
58796 66262 115846
66262 58796 115846
131287 75076 101589
101589 75076 131287
75076 101589 131287
138907 5267 124283
5267 124283 138907
124283 5267 138907
98400 23037 64802
64802 23037 98400
23037 64802 98400
64007 85550 136142
85550 64007 136142
136142 64007 85550
44331 77106 88276
88276 44331 77106
77106 44331 88276
54980 45121 124848
124848 45121 54980
45121 54980 124848
132461 65872 94078
65872 94078 132461
94078 65872 132461
96907 21098 55314
55314 21098 96907
21098 55314 96907
125690 129447 147567
129447 125690 147567
147567 125690 129447
54086 749 43884
43884 749 54086
749 43884 54086
58899 82447 115073
115073 58899 82447
82447 58899 115073
147926 11835 148406
148406 11835 147926
11835 147926 148406
43796 62120 142373
142373 43796 62120
62120 43796 142373
137453 73487 74682
73487 74682 137453
74682 73487 137453
96588 14881 97409
14881 96588 97409
97409 14881 96588
126597 63396 72387
72387 63396 126597
63396 72387 126597
94636 40953 113034
40953 94636 113034
113034 40953 94636
7113 113229 145875
113229 7113 145875
145875 7113 113229
36767 1076 91184
1076 36767 91184
91184 1076 36767
87107 93581 108780
93581 87107 108780
108780 87107 93581
53291 20881 120982
20881 53291 120982
120982 20881 53291
19283 20984 114440
20984 19283 114440
114440 19283 20984
49071 33930 43014
43014 33930 49071
33930 43014 49071
52646 29693 121318
29693 52646 121318
121318 29693 52646
40419 19297 54885
19297 40419 54885
54885 19297 40419
85593 62113 80112
62113 80112 85593
80112 62113 85593
32481 70248 131504
131504 32481 70248
70248 32481 131504
98058 45996 53335
53335 45996 98058
45996 53335 98058
17809 56766 72669
56766 17809 72669
72669 17809 56766
30516 10525 128657
128657 10525 30516
10525 30516 128657
66128 53890 62017
53890 62017 66128
62017 53890 66128
61915 37120 41956
37120 41956 61915
41956 37120 61915
40589 84595 112803
112803 40589 84595
84595 40589 112803
52276 36311 101441
36311 52276 101441
101441 36311 52276
88935 29934 124226
124226 29934 88935
29934 88935 124226
12612 81 58788
81 12612 58788
58788 81 12612
88294 36063 107467
36063 88294 107467
107467 36063 88294
40369 30885 93631
30885 40369 93631
93631 30885 40369
105129 15644 46823
46823 15644 105129
15644 46823 105129
69614 60667 74491
60667 69614 74491
74491 60667 69614
11604 38164 41861
41861 11604 38164
38164 11604 41861
100666 42358 50047
42358 50047 100666
50047 42358 100666
119343 99462 129386
129386 99462 119343
99462 119343 129386
118603 103471 117438
103471 117438 118603
117438 103471 118603
39294 14941 87861
87861 14941 39294
14941 39294 87861
148981 27878 52152
52152 27878 148981
27878 52152 148981
107516 28525 107641
107641 28525 107516
28525 107516 107641
86474 84897 136747
136747 84897 86474
84897 86474 136747
41766 17226 114796
114796 17226 41766
17226 41766 114796
109193 20342 56763
20342 56763 109193
56763 20342 109193
54370 56900 114471
114471 54370 56900
56900 54370 114471
148109 21440 44760
44760 21440 148109
21440 44760 148109
30438 114747 132468
114747 30438 132468
132468 30438 114747
69562 32172 59194
32172 59194 69562
59194 32172 69562
3542 19099 78321
78321 3542 19099
19099 3542 78321
49414 44447 149357
44447 49414 149357
149357 44447 49414
65350 1389 74006
1389 65350 74006
74006 1389 65350
131599 4308 6540
6540 4308 131599
4308 6540 131599
122540 126305 146984
126305 122540 146984
146984 122540 126305
20370 701 72476
72476 701 20370
701 20370 72476
3284 25566 88697
88697 3284 25566
25566 3284 88697
35642 2705 140159
140159 2705 35642
2705 35642 140159
40870 18342 110636
18342 40870 110636
110636 18342 40870
59787 97526 113280
113280 59787 97526
97526 59787 113280
20878 27353 44690
27353 20878 44690
44690 20878 27353
30157 23499 146995
23499 30157 146995
146995 23499 30157
58674 50645 55234
55234 50645 58674
50645 55234 58674
62617 25415 53625
25415 53625 62617
53625 25415 62617
31083 16898 26192
16898 26192 31083
26192 16898 31083
92253 102823 137755
102823 92253 137755
137755 92253 102823
53559 106664 146450
146450 53559 106664
106664 53559 146450
44109 18091 127500
18091 44109 127500
127500 18091 44109
40554 46354 84057
84057 40554 46354
46354 40554 84057
43808 52171 110844
110844 43808 52171
52171 43808 110844
97218 24923 53821
24923 53821 97218
53821 24923 97218
100409 53342 54971
54971 53342 100409
53342 54971 100409
29065 89956 95602
89956 29065 95602
95602 29065 89956
44630 11825 147222
147222 11825 44630
11825 44630 147222
96144 45738 87528
45738 87528 96144
87528 45738 96144
131058 32188 143620
143620 32188 131058
32188 131058 143620
31682 85988 133428
133428 31682 85988
85988 31682 133428
144840 81721 89980
81721 89980 144840
89980 81721 144840
73610 88367 143729
143729 73610 88367
88367 73610 143729
69297 40368 78624
78624 40368 69297
40368 69297 78624
138515 8936 73696
8936 73696 138515
73696 8936 138515
18063 29830 30739
30739 18063 29830
29830 18063 30739
63803 126826 148398
148398 63803 126826
126826 63803 148398
26886 13281 72081
72081 13281 26886
13281 26886 72081
128200 82087 112413
82087 112413 128200
112413 82087 128200
123914 58093 90465
58093 90465 123914
90465 58093 123914
123185 22848 105509
22848 105509 123185
105509 22848 123185
129120 75608 109901
75608 109901 129120
109901 75608 129120
62852 19206 113789
19206 62852 113789
113789 19206 62852
121848 33968 144944
144944 33968 121848
33968 121848 144944
25435 11960 94517
11960 25435 94517
94517 11960 25435
70946 60838 106085
106085 60838 70946
60838 70946 106085
119685 57030 72491
72491 57030 119685
57030 72491 119685
56476 58958 108691
108691 56476 58958
58958 56476 108691
8993 14518 108597
14518 8993 108597
108597 8993 14518
130363 9412 18005
9412 18005 130363
18005 9412 130363
8494 17311 68976
68976 8494 17311
17311 8494 68976
4551 6780 114470
114470 4551 6780
6780 4551 114470
73024 136534 142475
136534 73024 142475
142475 73024 136534
69624 72948 95918
95918 69624 72948
72948 69624 95918
121267 2895 92746
2895 92746 121267
92746 2895 121267
31948 49426 76469
49426 31948 76469
76469 31948 49426
44927 25687 63970
63970 25687 44927
25687 44927 63970
29885 18411 41942
41942 18411 29885
18411 29885 41942
68261 43867 61308
43867 61308 68261
61308 43867 68261
29941 93229 136723
93229 29941 136723
136723 29941 93229
136622 82206 84746
84746 82206 136622
82206 84746 136622
46345 6686 87478
6686 46345 87478
87478 6686 46345
22463 10042 45302
10042 22463 45302
45302 10042 22463
33732 82984 122764
82984 33732 122764
122764 33732 82984
147194 60898 114467
60898 114467 147194
114467 60898 147194
102522 9681 13399
9681 13399 102522
13399 9681 102522
8505 93425 142025
93425 8505 142025
142025 8505 93425
23664 74172 89753
74172 23664 89753
89753 23664 74172
110 6528 17464
17464 110 6528
6528 110 17464
67111 52972 133489
52972 67111 133489
133489 52972 67111
142581 48438 143576
48438 142581 143576
143576 48438 142581
138042 17308 49263
17308 49263 138042
49263 17308 138042
29512 13577 72429
13577 29512 72429
72429 13577 29512
45012 34656 119348
34656 45012 119348
119348 34656 45012
148554 16027 136732
16027 136732 148554
136732 16027 148554
96376 51387 71929
51387 71929 96376
71929 51387 96376
122694 70950 129665
129665 70950 122694
70950 122694 129665
45016 2310 91914
2310 45016 91914
91914 2310 45016
101145 70864 101811
70864 101145 101811
101811 70864 101145
13633 32719 128645
32719 13633 128645
128645 13633 32719
10045 38079 138634
138634 10045 38079
38079 10045 138634
132394 6298 117486
117486 6298 132394
6298 117486 132394
149171 63643 130703
63643 130703 149171
130703 63643 149171
133363 55629 73621
73621 55629 133363
55629 73621 133363
108489 81302 144794
81302 108489 144794
144794 81302 108489
105363 53405 90825
53405 90825 105363
90825 53405 105363
72771 36402 48818
48818 36402 72771
36402 48818 72771
69989 19870 104653
104653 19870 69989
19870 69989 104653
77943 33973 98204
98204 33973 77943
33973 77943 98204
62264 49780 105402
105402 49780 62264
49780 62264 105402
94408 52121 147896
147896 52121 94408
52121 94408 147896
29860 49790 88710
49790 29860 88710
88710 29860 49790
119011 109118 146803
109118 119011 146803
146803 109118 119011
54167 54864 130270
54864 54167 130270
130270 54167 54864
68195 81423 90978
81423 68195 90978
90978 68195 81423
138883 75935 96019
75935 96019 138883
96019 75935 138883
49907 87598 104987
104987 49907 87598
87598 49907 104987
129564 51271 70390
51271 70390 129564
70390 51271 129564
89281 55919 83815
55919 83815 89281
83815 55919 89281
81380 14458 76706
76706 14458 81380
14458 76706 81380
145029 16808 58080
16808 58080 145029
58080 16808 145029
19078 21890 133664
133664 19078 21890
21890 19078 133664
113826 71181 103910
71181 103910 113826
103910 71181 113826
8873 13952 104614
104614 8873 13952
13952 8873 104614
5186 31752 111616
111616 5186 31752
31752 5186 111616
103441 29312 41900
41900 29312 103441
29312 41900 103441
95981 57157 138313
57157 95981 138313
138313 57157 95981
12058 2110 35181
2110 12058 35181
35181 2110 12058
60062 27992 118156
27992 60062 118156
118156 27992 60062
86161 7780 132807
7780 86161 132807
132807 7780 86161
134199 12171 104953
104953 12171 134199
12171 104953 134199
144536 20622 111720
111720 20622 144536
20622 111720 144536
125965 78718 136958
136958 78718 125965
78718 125965 136958
89061 2455 102899
2455 89061 102899
102899 2455 89061
24373 94018 132185
132185 24373 94018
94018 24373 132185
137064 42033 101329
101329 42033 137064
42033 101329 137064
15086 25761 120871
120871 15086 25761
25761 15086 120871
138980 3829 120887
3829 120887 138980
120887 3829 138980
78622 65975 125422
65975 78622 125422
125422 65975 78622
137155 75847 83456
75847 83456 137155
83456 75847 137155
44818 8713 73461
8713 44818 73461
73461 8713 44818
141086 17529 68756
17529 68756 141086
68756 17529 141086
115349 45009 91690
45009 91690 115349
91690 45009 115349
13059 23584 105574
105574 13059 23584
23584 13059 105574
120720 85738 108228
85738 108228 120720
108228 85738 120720
33122 36369 113152
113152 33122 36369
36369 33122 113152
111130 80085 138715
138715 80085 111130
80085 111130 138715
40839 42346 55813
55813 40839 42346
42346 40839 55813
55575 24564 78977
78977 24564 55575
24564 55575 78977
69459 6313 148759
6313 69459 148759
148759 6313 69459
34627 29554 103488
29554 34627 103488
103488 29554 34627
111512 26106 100753
26106 100753 111512
100753 26106 111512
102126 34767 40274
40274 34767 102126
34767 40274 102126
51584 27900 92314
27900 51584 92314
92314 27900 51584
94063 10758 117204
117204 10758 94063
10758 94063 117204
100954 55196 66755
66755 55196 100954
55196 66755 100954
133547 19618 148039
148039 19618 133547
19618 133547 148039
53227 33238 113421
33238 53227 113421
113421 33238 53227
109902 12541 16140
12541 16140 109902
16140 12541 109902
91343 25011 48341
48341 25011 91343
25011 48341 91343
60255 40947 101749
101749 40947 60255
40947 60255 101749
58200 30344 86743
86743 30344 58200
30344 58200 86743
116276 91141 109103
91141 109103 116276
109103 91141 116276
67123 28828 85417
85417 28828 67123
28828 67123 85417
87136 2497 99097
99097 2497 87136
2497 87136 99097
92433 23679 52013
52013 23679 92433
23679 52013 92433
118316 115351 117221
115351 117221 118316
117221 115351 118316
30638 43814 123959
123959 30638 43814
43814 30638 123959
121857 25983 39357
25983 39357 121857
39357 25983 121857
87368 13683 58119
13683 58119 87368
58119 13683 87368
25796 91840 130399
130399 25796 91840
91840 25796 130399
58937 56490 82862
56490 58937 82862
82862 56490 58937
43702 50901 80033
80033 43702 50901
50901 43702 80033
93310 83520 137992
83520 93310 137992
137992 83520 93310
11713 60893 119650
60893 11713 119650
119650 11713 60893
32230 72553 79133
79133 32230 72553
72553 32230 79133
55648 30060 86866
30060 55648 86866
86866 30060 55648
95037 65840 122986
65840 95037 122986
122986 65840 95037
96265 8176 106822
8176 96265 106822
106822 8176 96265
97402 89881 115371
89881 97402 115371
115371 89881 97402
146391 54908 148612
54908 146391 148612
148612 54908 146391
45265 12462 72883
72883 12462 45265
12462 45265 72883
86603 119332 135867
119332 86603 135867
135867 86603 119332
24733 87899 120754
87899 24733 120754
120754 24733 87899
128054 118155 120063
118155 120063 128054
120063 118155 128054
117112 89721 125288
125288 89721 117112
89721 117112 125288
55716 17525 25878
17525 25878 55716
25878 17525 55716
125699 15390 129404
15390 125699 129404
129404 15390 125699
31152 75297 122734
122734 31152 75297
75297 31152 122734
95052 27099 67971
67971 27099 95052
27099 67971 95052
42944 41099 60419
60419 41099 42944
41099 42944 60419
97370 43993 73095
73095 43993 97370
43993 73095 97370
37152 46797 57205
46797 37152 57205
57205 37152 46797
91476 126448 144608
126448 91476 144608
144608 91476 126448
32312 9243 16936
9243 16936 32312
16936 9243 32312
95976 67181 102986
102986 67181 95976
67181 95976 102986
25350 69072 106107
106107 25350 69072
69072 25350 106107
118547 4270 101161
4270 101161 118547
101161 4270 118547
44652 94961 135805
94961 44652 135805
135805 44652 94961
66165 119249 121641
119249 66165 121641
121641 66165 119249
74441 43370 97923
97923 43370 74441
43370 74441 97923
7044 42037 59085
59085 7044 42037
42037 7044 59085
27528 427 44933
44933 427 27528
427 27528 44933
77839 126390 146878
146878 77839 126390
126390 77839 146878
87009 79385 134228
134228 79385 87009
79385 87009 134228
7246 66619 67363
67363 7246 66619
66619 7246 67363
50499 24457 55501
55501 24457 50499
24457 50499 55501
148976 71447 121220
121220 71447 148976
71447 121220 148976
78299 657 122423
122423 657 78299
657 78299 122423
138355 49374 145677
49374 138355 145677
145677 49374 138355
107847 33876 91374
91374 33876 107847
33876 91374 107847
99380 34775 46805
46805 34775 99380
34775 46805 99380
69671 37903 83966
83966 37903 69671
37903 69671 83966
22008 102240 139125
102240 22008 139125
139125 22008 102240
93489 56774 61017
61017 56774 93489
56774 61017 93489
59004 25598 70427
70427 25598 59004
25598 59004 70427
84017 76520 113734
113734 76520 84017
76520 84017 113734
122056 17776 43195
43195 17776 122056
17776 43195 122056
49254 10220 107880
107880 10220 49254
10220 49254 107880
121369 6378 59136
6378 59136 121369
59136 6378 121369
127893 82748 92344
92344 82748 127893
82748 92344 127893
18153 5278 36007
36007 5278 18153
5278 18153 36007
27204 50825 76077
50825 27204 76077
76077 27204 50825
79087 57445 142995
57445 79087 142995
142995 57445 79087
18463 32164 93324
93324 18463 32164
32164 18463 93324
86622 172 92424
172 86622 92424
92424 172 86622
27677 22987 95059
95059 22987 27677
22987 27677 95059
103863 42731 76565
76565 42731 103863
42731 76565 103863
62854 82151 92566
92566 62854 82151
82151 62854 92566
143695 23643 145181
145181 23643 143695
23643 143695 145181
114922 102016 148819
102016 114922 148819
148819 102016 114922
74128 32192 60184
32192 60184 74128
60184 32192 74128
1661 89016 96621
96621 1661 89016
89016 1661 96621
53484 102811 139105
102811 53484 139105
139105 53484 102811
9350 11689 46116
11689 9350 46116
46116 9350 11689
133670 28397 44104
28397 44104 133670
44104 28397 133670
83372 23862 59588
59588 23862 83372
23862 59588 83372
76422 85178 96491
96491 76422 85178
85178 76422 96491
29379 57605 116109
57605 29379 116109
116109 29379 57605
119750 122969 129026
129026 119750 122969
122969 119750 129026
139161 16970 93185
16970 93185 139161
93185 16970 139161
124807 87638 97132
97132 87638 124807
87638 97132 124807
145744 25324 121041
25324 121041 145744
121041 25324 145744
63838 8666 119821
119821 8666 63838
8666 63838 119821
84121 20937 117166
117166 20937 84121
20937 84121 117166
55257 59957 139725
59957 55257 139725
139725 55257 59957
90952 35683 49793
35683 49793 90952
49793 35683 90952
66331 53611 103521
53611 66331 103521
103521 53611 66331
92581 127428 133049
133049 92581 127428
127428 92581 133049
99196 49279 83066
49279 83066 99196
83066 49279 99196
147150 70386 84074
84074 70386 147150
70386 84074 147150
58892 86953 104404
86953 58892 104404
104404 58892 86953
47193 71343 97632
97632 47193 71343
71343 47193 97632
121633 55108 81936
81936 55108 121633
55108 81936 121633
99503 95100 96125
96125 95100 99503
95100 96125 99503
101512 42241 149108
42241 101512 149108
149108 42241 101512
124020 108844 138972
138972 108844 124020
108844 124020 138972
142066 4400 82945
82945 4400 142066
4400 82945 142066
108386 15299 46799
15299 46799 108386
46799 15299 108386
147668 9976 91743
91743 9976 147668
9976 91743 147668
47617 79543 134948
134948 47617 79543
79543 47617 134948
143661 33074 141724
33074 141724 143661
141724 33074 143661
149915 120149 138745
138745 120149 149915
120149 138745 149915
80556 9871 17394
17394 9871 80556
9871 17394 80556
9491 33621 135989
33621 9491 135989
135989 9491 33621
49899 23962 28393
28393 23962 49899
23962 28393 49899
29076 27555 61295
27555 29076 61295
61295 27555 29076
21866 29239 76130
29239 21866 76130
76130 21866 29239
35216 91854 124416
91854 35216 124416
124416 35216 91854
68632 12995 101694
12995 68632 101694
101694 12995 68632
115922 34455 57287
57287 34455 115922
34455 57287 115922
115427 19273 68276
68276 19273 115427
19273 68276 115427
97619 118070 148064
148064 97619 118070
118070 97619 148064
143401 19871 63616
19871 63616 143401
63616 19871 143401
74969 72190 145492
72190 74969 145492
145492 72190 74969
85245 97374 98481
97374 85245 98481
98481 85245 97374
65470 8365 124419
124419 8365 65470
8365 65470 124419
83446 506 84143
84143 506 83446
506 83446 84143
124115 64672 148432
64672 124115 148432
148432 64672 124115
33942 20820 66033
20820 33942 66033
66033 20820 33942
3196 284 144883
284 3196 144883
144883 284 3196
134178 14704 77046
77046 14704 134178
14704 77046 134178
119000 63943 120225
120225 63943 119000
63943 119000 120225
4072 9915 128822
128822 4072 9915
9915 4072 128822
134355 2544 71379
71379 2544 134355
2544 71379 134355
46174 62609 123822
62609 46174 123822
123822 46174 62609
75835 85683 130687
85683 75835 130687
130687 75835 85683
60293 23904 115718
115718 23904 60293
23904 60293 115718
101702 54791 126038
126038 54791 101702
54791 101702 126038
31750 44899 127581
44899 31750 127581
127581 31750 44899
60285 125287 131387
125287 60285 131387
131387 60285 125287
33623 38006 43758
38006 33623 43758
43758 33623 38006
34356 14816 30840
14816 30840 34356
30840 14816 34356
1467 26363 117525
26363 1467 117525
117525 1467 26363
20880 36081 120820
120820 20880 36081
36081 20880 120820
144446 6481 109626
109626 6481 144446
6481 109626 144446
89611 12882 48577
12882 48577 89611
48577 12882 89611
8725 41528 61461
41528 8725 61461
61461 8725 41528
146187 16112 71509
16112 71509 146187
71509 16112 146187
84744 57485 149093
57485 84744 149093
149093 57485 84744
111049 85221 103040
103040 85221 111049
85221 103040 111049
84021 53175 94896
94896 53175 84021
53175 84021 94896
34153 2068 96884
96884 2068 34153
2068 34153 96884
111549 72767 110328
110328 72767 111549
72767 110328 111549
127429 1261 137441
1261 127429 137441
137441 1261 127429
34254 61092 77934
77934 34254 61092
61092 34254 77934
84587 5412 109657
5412 84587 109657
109657 5412 84587
149352 25500 136390
136390 25500 149352
25500 136390 149352
26837 21747 44436
21747 26837 44436
44436 21747 26837
31698 4276 71053
71053 4276 31698
4276 31698 71053
114625 26094 119269
119269 26094 114625
26094 114625 119269
99060 39187 99923
99923 39187 99060
39187 99060 99923
75389 124000 134375
124000 75389 134375
134375 75389 124000
70533 36289 120828
36289 70533 120828
120828 36289 70533
73989 86612 90579
90579 73989 86612
86612 73989 90579
128570 3302 41453
3302 41453 128570
41453 3302 128570
60246 121035 129229
129229 60246 121035
121035 60246 129229
61272 46713 52936
46713 52936 61272
52936 46713 61272
98298 121022 128776
128776 98298 121022
121022 98298 128776
108087 32167 144177
32167 108087 144177
144177 32167 108087
33703 24579 119166
119166 24579 33703
24579 33703 119166
9906 25674 68858
25674 9906 68858
68858 9906 25674
56430 67752 107885
107885 56430 67752
67752 56430 107885
85091 12370 39656
39656 12370 85091
12370 39656 85091
82544 10280 81691
10280 81691 82544
81691 10280 82544
30917 32487 105178
32487 30917 105178
105178 30917 32487
944 57146 115808
115808 944 57146
57146 944 115808
82640 44565 52703
44565 52703 82640
52703 44565 82640
110020 99012 105116
99012 105116 110020
105116 99012 110020
33972 16337 54650
16337 33972 54650
54650 16337 33972
74900 40442 140330
140330 40442 74900
40442 74900 140330
2948 39707 95702
39707 2948 95702
95702 2948 39707
28474 61642 143668
143668 28474 61642
61642 28474 143668
117353 100968 126900
126900 100968 117353
100968 117353 126900
60329 69068 79203
69068 60329 79203
79203 60329 69068
98305 41274 142302
41274 98305 142302
142302 41274 98305
23969 57641 94485
57641 23969 94485
94485 23969 57641
122358 13889 84699
84699 13889 122358
13889 84699 122358
115316 12958 55227
55227 12958 115316
12958 55227 115316
73004 16608 109405
109405 16608 73004
16608 73004 109405
86251 24942 80683
24942 80683 86251
80683 24942 86251
14891 85758 147871
85758 14891 147871
147871 14891 85758
12970 28811 98592
28811 12970 98592
98592 12970 28811
37913 92618 102149
102149 37913 92618
92618 37913 102149
125079 101144 134887
134887 101144 125079
101144 125079 134887
53163 89331 108861
108861 53163 89331
89331 53163 108861
64084 41396 60428
41396 60428 64084
60428 41396 64084
24015 61931 142690
142690 24015 61931
61931 24015 142690
141448 10628 102011
102011 10628 141448
10628 102011 141448
108320 26967 47093
26967 47093 108320
47093 26967 108320
3787 59406 145425
145425 3787 59406
59406 3787 145425
66280 40700 139427
139427 40700 66280
40700 66280 139427
45654 28744 130002
130002 28744 45654
28744 45654 130002
106077 773 139897
139897 773 106077
773 106077 139897
15433 48320 108561
48320 15433 108561
108561 15433 48320
73477 81989 132095
132095 73477 81989
81989 73477 132095
25257 34250 80306
80306 25257 34250
34250 25257 80306
92886 9735 119664
9735 92886 119664
119664 9735 92886
10852 54206 149112
54206 10852 149112
149112 10852 54206
63287 88977 118458
88977 63287 118458
118458 63287 88977
138311 88218 131815
88218 131815 138311
131815 88218 138311
146069 36226 141004
36226 141004 146069
141004 36226 146069
42830 26031 106729
106729 26031 42830
26031 42830 106729
136178 91845 115364
91845 115364 136178
115364 91845 136178
30409 38101 57323
38101 30409 57323
57323 30409 38101
118845 109533 133815
109533 118845 133815
133815 109533 118845
94742 1275 5440
5440 1275 94742
1275 5440 94742
11637 22953 115917
22953 11637 115917
115917 11637 22953
88807 7876 102928
102928 7876 88807
7876 88807 102928
42571 39107 62032
62032 39107 42571
39107 42571 62032
55630 58306 119284
119284 55630 58306
58306 55630 119284
69181 74113 81398
81398 69181 74113
74113 69181 81398
49750 36038 47761
36038 47761 49750
47761 36038 49750
75251 55853 133121
133121 55853 75251
55853 75251 133121
31121 92237 144489
92237 31121 144489
144489 31121 92237
75193 101879 112521
101879 75193 112521
112521 75193 101879
63279 42039 119181
42039 63279 119181
119181 42039 63279
8629 80302 87709
87709 8629 80302
80302 8629 87709
28126 33711 135966
33711 28126 135966
135966 28126 33711
29935 48099 101701
48099 29935 101701
101701 29935 48099
17138 978 69212
69212 978 17138
978 17138 69212
69594 27026 99029
27026 69594 99029
99029 27026 69594
139396 27720 61053
27720 61053 139396
61053 27720 139396
69244 47391 96674
47391 69244 96674
96674 47391 69244
4425 63075 88172
88172 4425 63075
63075 4425 88172
38127 85143 108023
85143 38127 108023
108023 38127 85143
11489 14844 57481
14844 11489 57481
57481 11489 14844
78606 7492 60272
7492 60272 78606
60272 7492 78606
138358 47974 51852
47974 51852 138358
51852 47974 138358
114006 25298 135670
25298 114006 135670
135670 25298 114006
13776 43619 112188
43619 13776 112188
112188 13776 43619
54704 2254 91711
91711 2254 54704
2254 54704 91711
25079 8447 60439
60439 8447 25079
8447 25079 60439
66013 78187 92189
78187 66013 92189
92189 66013 78187
9723 93693 126433
126433 9723 93693
93693 9723 126433
140447 41813 57864
41813 57864 140447
57864 41813 140447
61067 113215 118699
113215 61067 118699
118699 61067 113215
146895 40917 60393
60393 40917 146895
40917 60393 146895
43025 70770 83181
83181 43025 70770
70770 43025 83181
88987 8765 66627
66627 8765 88987
8765 66627 88987
32732 83477 93720
93720 32732 83477
83477 32732 93720
64431 42789 118764
118764 42789 64431
42789 64431 118764
61483 6286 58943
6286 58943 61483
58943 6286 61483
97430 69302 119214
69302 97430 119214
119214 69302 97430
89265 2499 58628
58628 2499 89265
2499 58628 89265
144445 43082 85016
43082 85016 144445
85016 43082 144445
87868 43156 112693
43156 87868 112693
112693 43156 87868
146722 38063 125200
125200 38063 146722
38063 125200 146722
58363 55205 117163
55205 58363 117163
117163 55205 58363
92707 7612 18173
7612 18173 92707
18173 7612 92707
72798 91404 99863
91404 72798 99863
99863 72798 91404
64241 70669 134611
70669 64241 134611
134611 64241 70669
28503 20965 148594
148594 20965 28503
20965 28503 148594
14173 11290 149705
149705 11290 14173
11290 14173 149705
24631 29812 62995
29812 24631 62995
62995 24631 29812
6108 68653 138863
68653 6108 138863
138863 6108 68653
33667 10397 107835
10397 33667 107835
107835 10397 33667
21288 75382 117675
117675 21288 75382
75382 21288 117675
44991 71124 87440
87440 44991 71124
71124 44991 87440
35562 24161 101725
101725 24161 35562
24161 35562 101725
44754 98162 131027
131027 44754 98162
98162 44754 131027
111524 50838 81991
50838 81991 111524
81991 50838 111524
65629 7708 87171
87171 7708 65629
7708 65629 87171
8760 28053 122777
28053 8760 122777
122777 8760 28053
116252 77037 125665
77037 116252 125665
125665 77037 116252
39275 85892 138706
85892 39275 138706
138706 39275 85892
126945 8724 61938
8724 61938 126945
61938 8724 126945
81303 100251 108600
100251 81303 108600
108600 81303 100251
75398 130031 136479
130031 75398 136479
136479 75398 130031
145198 99938 118198
118198 99938 145198
99938 118198 145198
89475 79702 133829
133829 79702 89475
79702 89475 133829
38571 119301 126442
119301 38571 126442
126442 38571 119301
10337 109245 116857
109245 10337 116857
116857 10337 109245
103243 1347 35490
35490 1347 103243
1347 35490 103243
25105 26612 92097
26612 25105 92097
92097 25105 26612
133577 4236 13534
13534 4236 133577
4236 13534 133577
38908 61630 106944
61630 38908 106944
106944 38908 61630
106873 55778 57179
55778 57179 106873
57179 55778 106873
140294 2346 39823
39823 2346 140294
2346 39823 140294
50457 58458 116577
58458 50457 116577
116577 50457 58458
6490 37791 67580
67580 6490 37791
37791 6490 67580
121718 8034 139114
139114 8034 121718
8034 121718 139114
3563 26389 120453
120453 3563 26389
26389 3563 120453
76224 32284 137971
137971 32284 76224
32284 76224 137971
18477 50718 149365
50718 18477 149365
149365 18477 50718
100248 4951 36182
4951 36182 100248
36182 4951 100248
126228 41673 120134
120134 41673 126228
41673 120134 126228
66134 59634 147717
147717 59634 66134
59634 66134 147717
3335 99355 110270
110270 3335 99355
99355 3335 110270
7122 122255 140145
140145 7122 122255
122255 7122 140145
66616 65258 97879
65258 66616 97879
97879 65258 66616
41005 44302 107171
107171 41005 44302
44302 41005 107171
101300 123387 148390
148390 101300 123387
123387 101300 148390
31945 23010 123025
23010 31945 123025
123025 23010 31945
16240 121602 132407
132407 16240 121602
121602 16240 132407
136739 35826 105679
35826 105679 136739
105679 35826 136739
4876 68571 110910
110910 4876 68571
68571 4876 110910
11136 43441 110310
110310 11136 43441
43441 11136 110310
42133 86436 141366
141366 42133 86436
86436 42133 141366
93426 68963 103030
103030 68963 93426
68963 93426 103030
66307 2334 97910
2334 66307 97910
97910 2334 66307
91225 48691 98438
98438 48691 91225
48691 91225 98438
99705 123604 139078
139078 99705 123604
123604 99705 139078
66902 120528 143451
143451 66902 120528
120528 66902 143451
33443 15980 122561
15980 33443 122561
122561 15980 33443
134352 3682 16467
3682 16467 134352
16467 3682 134352
49884 2059 85984
85984 2059 49884
2059 49884 85984
86913 69540 112929
69540 86913 112929
112929 69540 86913
128679 32995 81581
32995 81581 128679
81581 32995 128679
41237 75187 79014
79014 41237 75187
75187 41237 79014
114706 48828 102740
48828 102740 114706
102740 48828 114706
85106 14014 63578
63578 14014 85106
14014 63578 85106
22202 87798 114432
114432 22202 87798
87798 22202 114432
143720 104313 125782
125782 104313 143720
104313 125782 143720
7735 42579 50923
42579 7735 50923
50923 7735 42579
142493 10759 27529
27529 10759 142493
10759 27529 142493
43933 54606 93870
54606 43933 93870
93870 43933 54606
138876 68002 118989
118989 68002 138876
68002 118989 138876
45714 61814 76924
61814 45714 76924
76924 45714 61814
146572 65663 82860
65663 82860 146572
82860 65663 146572
73815 42836 66799
42836 66799 73815
66799 42836 73815
148412 28098 80588
28098 80588 148412
80588 28098 148412
136554 67639 149706
67639 136554 149706
149706 67639 136554
32433 59747 82526
82526 32433 59747
59747 32433 82526
145807 32600 64392
64392 32600 145807
32600 64392 145807
50432 15943 34051
34051 15943 50432
15943 34051 50432
4572 32613 61031
32613 4572 61031
61031 4572 32613
43032 21760 106349
106349 21760 43032
21760 43032 106349
53763 32166 77135
32166 53763 77135
77135 32166 53763
97545 118954 143314
118954 97545 143314
143314 97545 118954
142503 11020 90820
11020 90820 142503
90820 11020 142503
73938 78060 101094
101094 73938 78060
78060 73938 101094
38382 100732 108653
108653 38382 100732
100732 38382 108653
51770 113433 115613
115613 51770 113433
113433 51770 115613
34266 30727 66750
66750 30727 34266
30727 34266 66750
72597 77898 81294
77898 72597 81294
81294 72597 77898
55486 53265 58456
58456 53265 55486
53265 55486 58456
23970 116876 148393
116876 23970 148393
148393 23970 116876
83151 27086 34673
27086 34673 83151
34673 27086 83151
64689 33439 42029
33439 42029 64689
42029 33439 64689
137178 39505 51206
51206 39505 137178
39505 51206 137178
89143 5322 45483
45483 5322 89143
5322 45483 89143
108778 41561 62436
62436 41561 108778
41561 62436 108778
149652 36567 60408
60408 36567 149652
36567 60408 149652
8250 91441 106101
91441 8250 106101
106101 8250 91441
105104 16615 71622
16615 71622 105104
71622 16615 105104
84300 4510 134215
134215 4510 84300
4510 84300 134215
139485 47583 55472
47583 55472 139485
55472 47583 139485
67487 29531 61514
29531 61514 67487
61514 29531 67487
57126 40791 131883
40791 57126 131883
131883 40791 57126
114825 134824 145158
134824 114825 145158
145158 114825 134824
43155 8927 109918
109918 8927 43155
8927 43155 109918
22564 67828 116678
67828 22564 116678
116678 22564 67828
59266 63798 83369
63798 59266 83369
83369 59266 63798
73825 128925 139903
128925 73825 139903
139903 73825 128925
117019 22915 145567
22915 117019 145567
145567 22915 117019
134898 47488 81220
47488 81220 134898
81220 47488 134898
67291 32287 128652
128652 32287 67291
32287 67291 128652
58129 8123 128833
128833 8123 58129
8123 58129 128833
21566 7561 123395
123395 7561 21566
7561 21566 123395
101944 60613 144341
60613 101944 144341
144341 60613 101944
19404 55687 92339
92339 19404 55687
55687 19404 92339
6694 13326 69168
69168 6694 13326
13326 6694 69168
8900 17264 125624
17264 8900 125624
125624 8900 17264
43388 23553 69608
23553 43388 69608
69608 23553 43388
49550 22326 40011
40011 22326 49550
22326 40011 49550
134514 4062 61372
4062 61372 134514
61372 4062 134514
22984 25263 126656
126656 22984 25263
25263 22984 126656
57513 44545 88027
44545 57513 88027
88027 44545 57513
230 7083 96259
96259 230 7083
7083 230 96259
61720 84363 88129
84363 61720 88129
88129 61720 84363
14603 54808 119475
119475 14603 54808
54808 14603 119475
72818 64545 127842
127842 64545 72818
64545 72818 127842
23769 82800 108883
108883 23769 82800
82800 23769 108883
113617 27078 64916
27078 64916 113617
64916 27078 113617
49489 26088 142683
26088 49489 142683
142683 26088 49489
58527 52007 148271
52007 58527 148271
148271 52007 58527
28610 93 34692
34692 93 28610
93 28610 34692
124905 10859 61206
61206 10859 124905
10859 61206 124905
95083 81425 100645
81425 95083 100645
100645 81425 95083
113636 63493 129522
63493 113636 129522
129522 63493 113636
12010 67926 101836
101836 12010 67926
67926 12010 101836
139730 6999 88345
88345 6999 139730
6999 88345 139730
82949 71830 78738
78738 71830 82949
71830 78738 82949
74982 17737 38778
17737 38778 74982
38778 17737 74982
22542 70800 89713
89713 22542 70800
70800 22542 89713
117330 24538 120716
120716 24538 117330
24538 117330 120716
102968 75956 138914
138914 75956 102968
75956 102968 138914
139476 12255 99050
99050 12255 139476
12255 99050 139476
142329 11837 101776
101776 11837 142329
11837 101776 142329
65479 3479 33415
33415 3479 65479
3479 33415 65479
132467 154 23941
154 23941 132467
23941 154 132467
18821 74954 76068
74954 18821 76068
76068 18821 74954
65740 18626 77567
77567 18626 65740
18626 65740 77567
141843 103975 147313
103975 141843 147313
147313 103975 141843
104248 104819 121182
104819 104248 121182
121182 104248 104819
137584 13219 57003
13219 57003 137584
57003 13219 137584
43859 80715 137468
137468 43859 80715
80715 43859 137468
41226 5703 19024
19024 5703 41226
5703 19024 41226
37236 6832 58867
58867 6832 37236
6832 37236 58867
78589 32302 102892
32302 78589 102892
102892 32302 78589
91892 57280 87531
57280 87531 91892
87531 57280 91892
116275 137387 147712
137387 116275 147712
147712 116275 137387
94050 6710 94115
6710 94050 94115
94115 6710 94050
99932 121157 140893
121157 99932 140893
140893 99932 121157
56233 32237 141661
141661 32237 56233
32237 56233 141661
101399 44704 112427
44704 101399 112427
112427 44704 101399
122964 30614 73242
30614 73242 122964
73242 30614 122964
18815 4305 108043
108043 4305 18815
4305 18815 108043
6363 1434 84899
84899 1434 6363
1434 6363 84899
88800 93418 149229
93418 88800 149229
149229 88800 93418
31870 66290 73965
66290 31870 73965
73965 31870 66290
55484 87636 119830
119830 55484 87636
87636 55484 119830
11486 45199 91377
91377 11486 45199
45199 11486 91377
84077 20499 94511
94511 20499 84077
20499 84077 94511
36803 83669 96165
83669 36803 96165
96165 36803 83669
138395 104479 138199
138199 104479 138395
104479 138199 138395
64631 92722 148057
92722 64631 148057
148057 64631 92722
40357 143677 147206
143677 40357 147206
147206 40357 143677
71454 64402 67336
64402 67336 71454
67336 64402 71454
1736 77893 129644
129644 1736 77893
77893 1736 129644
13649 17392 134428
17392 13649 134428
134428 13649 17392
142453 15371 27980
15371 27980 142453
27980 15371 142453
17191 34179 68140
68140 17191 34179
34179 17191 68140
9190 113928 125638
125638 9190 113928
113928 9190 125638
77910 8733 54732
8733 54732 77910
54732 8733 77910
40551 89609 125767
89609 40551 125767
125767 40551 89609
75425 18560 41149
41149 18560 75425
18560 41149 75425
142039 47122 82056
47122 82056 142039
82056 47122 142039
82948 53813 85013
85013 53813 82948
53813 82948 85013
32111 6669 62538
62538 6669 32111
6669 32111 62538
73681 4456 44425
4456 44425 73681
44425 4456 73681
131626 332 104072
332 104072 131626
104072 332 131626
37534 119797 120901
120901 37534 119797
119797 37534 120901
122650 48272 110701
110701 48272 122650
48272 110701 122650
106940 5532 126213
5532 106940 126213
126213 5532 106940
5085 37683 49422
49422 5085 37683
37683 5085 49422
58277 108852 115910
115910 58277 108852
108852 58277 115910
100435 49607 137988
49607 100435 137988
137988 49607 100435
17393 39301 136623
136623 17393 39301
39301 17393 136623
76498 1816 105109
1816 76498 105109
105109 1816 76498
109960 93756 98583
98583 93756 109960
93756 98583 109960
26401 68836 90531
90531 26401 68836
68836 26401 90531
91865 64743 95953
64743 91865 95953
95953 64743 91865
55321 32473 143731
32473 55321 143731
143731 32473 55321
90536 92805 146944
146944 90536 92805
92805 90536 146944
119960 4029 53837
4029 53837 119960
53837 4029 119960
142239 108510 147022
147022 108510 142239
108510 142239 147022
41876 10994 147302
10994 41876 147302
147302 10994 41876
42543 4170 106363
4170 42543 106363
106363 4170 42543
39144 94007 140968
140968 39144 94007
94007 39144 140968
99620 50011 103476
50011 99620 103476
103476 50011 99620
99959 28544 134926
134926 28544 99959
28544 99959 134926
19965 17535 28444
28444 17535 19965
17535 19965 28444
136225 112368 112750
112750 112368 136225
112368 112750 136225
51313 50290 71955
71955 50290 51313
50290 51313 71955
122225 40024 121992
40024 121992 122225
121992 40024 122225
132463 19662 31097
31097 19662 132463
19662 31097 132463
59986 48212 71026
71026 48212 59986
48212 59986 71026
78692 85122 94818
94818 78692 85122
85122 78692 94818
65635 39183 62128
62128 39183 65635
39183 62128 65635
33465 70848 118677
118677 33465 70848
70848 33465 118677
130572 38493 96525
96525 38493 130572
38493 96525 130572
6423 20807 58218
58218 6423 20807
20807 6423 58218
143943 61303 127870
127870 61303 143943
61303 127870 143943
29399 35854 52293
35854 29399 52293
52293 29399 35854
21807 46176 71896
71896 21807 46176
46176 21807 71896
132634 31391 98035
98035 31391 132634
31391 98035 132634
20312 12977 115389
12977 20312 115389
115389 12977 20312
119743 65165 130662
130662 65165 119743
65165 119743 130662
113487 10536 122541
10536 113487 122541
122541 10536 113487
121598 7717 72106
72106 7717 121598
7717 72106 121598
123717 69076 133614
69076 123717 133614
133614 69076 123717
149564 26346 32515
26346 32515 149564
32515 26346 149564
21467 63062 90704
90704 21467 63062
63062 21467 90704
110028 48641 51816
51816 48641 110028
48641 51816 110028
85218 70399 128375
70399 85218 128375
128375 70399 85218
51131 29283 117986
117986 29283 51131
29283 51131 117986
36155 38390 136404
136404 36155 38390
38390 36155 136404
91930 44201 99550
99550 44201 91930
44201 91930 99550
76375 100815 123589
100815 76375 123589
123589 76375 100815
53052 69040 123422
123422 53052 69040
69040 53052 123422
110544 86878 129046
129046 86878 110544
86878 110544 129046
76112 50444 113952
113952 50444 76112
50444 76112 113952
8815 24808 28717
28717 8815 24808
24808 8815 28717
65089 4623 45849
45849 4623 65089
4623 45849 65089
84045 86572 102864
102864 84045 86572
86572 84045 102864
7611 24187 67271
24187 7611 67271
67271 7611 24187
139130 66859 96789
96789 66859 139130
66859 96789 139130
139119 12189 46352
12189 46352 139119
46352 12189 139119
84477 52334 82092
52334 82092 84477
82092 52334 84477
6964 14302 40149
14302 6964 40149
40149 6964 14302
73142 45499 55955
55955 45499 73142
