110087 38530 125077
125077 38530 110087
38530 110087 125077
112419 113823 124795
113823 112419 124795
124795 112419 113823
27719 66675 119008
119008 27719 66675
66675 27719 119008
13900 33666 50808
50808 13900 33666
33666 13900 50808
29196 68018 140993
68018 29196 140993
140993 29196 68018
80050 16741 80181
16741 80050 80181
80181 16741 80050
75862 47077 55064
47077 55064 75862
55064 47077 75862
77152 105524 133038
133038 77152 105524
105524 77152 133038
144357 13505 100288
100288 13505 144357
13505 100288 144357
15231 24092 73021
24092 15231 73021
73021 15231 24092
66977 71122 78307
78307 66977 71122
71122 66977 78307
47032 64186 122931
122931 47032 64186
64186 47032 122931
48551 84157 90044
84157 48551 90044
90044 48551 84157
109258 79614 90636
90636 79614 109258
79614 90636 109258
16103 26133 56944
56944 16103 26133
26133 16103 56944
10123 60488 146903
146903 10123 60488
60488 10123 146903
116455 21136 32114
21136 32114 116455
32114 21136 116455
113479 76352 76478
76352 76478 113479
76478 76352 113479
9881 49550 117814
49550 9881 117814
117814 9881 49550
94611 70330 103706
70330 94611 103706
103706 70330 94611
36076 31095 39471
39471 31095 36076
31095 36076 39471
13062 67775 130257
67775 13062 130257
130257 13062 67775
141445 61267 92486
92486 61267 141445
61267 92486 141445
76676 84928 112374
84928 76676 112374
112374 76676 84928
10436 34402 40931
34402 10436 40931
40931 10436 34402
5545 13944 65834
65834 5545 13944
13944 5545 65834
34643 25966 63137
63137 25966 34643
25966 34643 63137
145600 8941 64102
64102 8941 145600
8941 64102 145600
4672 18749 52222
18749 4672 52222
52222 4672 18749
72298 47303 144795
144795 47303 72298
47303 72298 144795
119268 26589 70860
70860 26589 119268
26589 70860 119268
41912 83873 118059
118059 41912 83873
83873 41912 118059
78996 31174 144752
144752 31174 78996
31174 78996 144752
82572 91748 135368
135368 82572 91748
91748 82572 135368
108297 43561 64085
64085 43561 108297
43561 64085 108297
132286 119229 121400
121400 119229 132286
119229 121400 132286
79607 89152 102473
89152 79607 102473
102473 79607 89152
38603 52571 107721
107721 38603 52571
52571 38603 107721
42990 54449 146278
146278 42990 54449
54449 42990 146278
78267 8533 35775
35775 8533 78267
8533 35775 78267
103791 56481 145978
56481 103791 145978
145978 56481 103791
65104 53199 54286
54286 53199 65104
53199 54286 65104
8770 67540 121495
121495 8770 67540
67540 8770 121495
57232 88462 141056
141056 57232 88462
88462 57232 141056
28844 58768 147261
58768 28844 147261
147261 28844 58768
43572 1644 37590
37590 1644 43572
1644 37590 43572
37026 38784 97901
97901 37026 38784
38784 37026 97901
98233 63062 107336
107336 63062 98233
63062 98233 107336
103382 50245 140730
140730 50245 103382
50245 103382 140730
38274 14521 144076
144076 14521 38274
14521 38274 144076
1012 24672 78507
78507 1012 24672
24672 1012 78507
91482 83286 123751
83286 91482 123751
123751 83286 91482
58217 59689 130736
59689 58217 130736
130736 58217 59689
101948 141989 144522
141989 101948 144522
144522 101948 141989
143925 26346 88518
88518 26346 143925
26346 88518 143925
32087 4509 61925
61925 4509 32087
4509 32087 61925
124311 131415 133662
131415 124311 133662
133662 124311 131415
133317 35010 74917
74917 35010 133317
35010 74917 133317
103001 24781 26177
24781 26177 103001
26177 24781 103001
12012 65372 84272
84272 12012 65372
65372 12012 84272
10588 5102 45631
5102 10588 45631
45631 5102 10588
132630 47767 137356
47767 132630 137356
137356 47767 132630
83385 51017 115671
51017 83385 115671
115671 51017 83385
27612 1576 80051
1576 27612 80051
80051 1576 27612
47260 42189 91862
91862 42189 47260
42189 47260 91862
81734 82928 119177
82928 81734 119177
119177 81734 82928
75556 26257 146300
146300 26257 75556
26257 75556 146300
110953 4552 101631
101631 4552 110953
4552 101631 110953
63159 60069 65968
60069 63159 65968
65968 60069 63159
10297 26127 148971
148971 10297 26127
26127 10297 148971
115346 46401 87171
87171 46401 115346
46401 87171 115346
68762 53246 135882
53246 68762 135882
135882 53246 68762
12769 6476 136295
136295 6476 12769
6476 12769 136295
56231 18378 132844
132844 18378 56231
18378 56231 132844
77649 22104 65884
65884 22104 77649
22104 65884 77649
140520 129340 136333
136333 129340 140520
129340 136333 140520
146775 117377 146668
146668 117377 146775
117377 146668 146775
106226 57992 141365
141365 57992 106226
57992 106226 141365
73166 54115 82799
54115 73166 82799
82799 54115 73166
115184 75637 124651
124651 75637 115184
75637 115184 124651
147883 24460 140807
140807 24460 147883
24460 140807 147883
22948 8878 17535
17535 8878 22948
8878 17535 22948
39717 9173 141725
9173 39717 141725
141725 9173 39717
102261 91073 101828
91073 101828 102261
101828 91073 102261
95648 74238 119610
74238 95648 119610
119610 74238 95648
24879 53864 74352
53864 24879 74352
74352 24879 53864
88400 95059 98593
98593 88400 95059
95059 88400 98593
94753 29160 69468
69468 29160 94753
29160 69468 94753
57466 67766 114491
67766 57466 114491
114491 57466 67766
55066 40819 73349
40819 55066 73349
73349 40819 55066
42926 22032 83896
22032 42926 83896
83896 22032 42926
97192 48698 92745
48698 92745 97192
92745 48698 97192
14698 62345 81660
81660 14698 62345
62345 14698 81660
93287 31224 142461
142461 31224 93287
31224 93287 142461
24825 42725 92214
42725 24825 92214
92214 24825 42725
8112 118453 135056
135056 8112 118453
118453 8112 135056
39628 8722 13340
13340 8722 39628
8722 13340 39628
27280 61957 66365
61957 27280 66365
66365 27280 61957
33734 62304 133710
62304 33734 133710
133710 33734 62304
126951 65078 110808
110808 65078 126951
65078 110808 126951
5576 128695 148363
148363 5576 128695
128695 5576 148363
19779 58847 59627
59627 19779 58847
58847 19779 59627
27723 52869 136298
136298 27723 52869
52869 27723 136298
36778 20629 70101
20629 36778 70101
70101 20629 36778
110126 74986 84392
84392 74986 110126
74986 84392 110126
146333 103036 140901
103036 140901 146333
140901 103036 146333
22023 17438 71911
17438 22023 71911
71911 17438 22023
76319 19514 94453
94453 19514 76319
19514 76319 94453
89067 111334 116543
116543 89067 111334
111334 89067 116543
15586 119460 146792
146792 15586 119460
119460 15586 146792
93396 86731 144668
144668 86731 93396
86731 93396 144668
48445 75742 148283
148283 48445 75742
75742 48445 148283
80886 60666 94719
94719 60666 80886
60666 80886 94719
65572 2501 57619
57619 2501 65572
2501 57619 65572
120327 55990 62506
62506 55990 120327
55990 62506 120327
107517 98068 122352
122352 98068 107517
98068 107517 122352
137803 17148 134074
134074 17148 137803
17148 134074 137803
83241 93220 122276
122276 83241 93220
93220 83241 122276
14347 114083 118711
118711 14347 114083
114083 14347 118711
96131 68612 145526
145526 68612 96131
68612 96131 145526
72819 65565 74209
65565 72819 74209
74209 65565 72819
12010 19181 102228
102228 12010 19181
19181 12010 102228
102591 9583 83354
9583 83354 102591
83354 9583 102591
142109 58032 96178
58032 96178 142109
96178 58032 142109
85459 59908 99423
59908 85459 99423
99423 59908 85459
59480 124448 139182
124448 59480 139182
139182 59480 124448
33863 3665 3708
3708 3665 33863
3665 3708 33863
124257 24652 100045
24652 100045 124257
100045 24652 124257
8772 147971 149156
149156 8772 147971
147971 8772 149156
79518 81799 138943
81799 79518 138943
138943 79518 81799
62096 98352 98464
98352 62096 98464
98464 62096 98352
105478 38726 50272
50272 38726 105478
38726 50272 105478
114537 19191 95618
95618 19191 114537
19191 95618 114537
72991 34441 96327
34441 72991 96327
96327 34441 72991
129403 32586 121494
32586 121494 129403
121494 32586 129403
31965 14675 73727
14675 31965 73727
73727 14675 31965
55109 42200 123174
42200 55109 123174
123174 42200 55109
108974 1151 74602
74602 1151 108974
1151 74602 108974
63926 69777 146248
146248 63926 69777
69777 63926 146248
66882 11746 64431
64431 11746 66882
11746 64431 66882
49121 41420 104336
41420 49121 104336
104336 41420 49121
105741 38014 47790
47790 38014 105741
38014 47790 105741
135089 92857 101158
92857 101158 135089
101158 92857 135089
3404 56360 101434
56360 3404 101434
101434 3404 56360
139610 3300 119813
3300 119813 139610
119813 3300 139610
128059 67921 108001
108001 67921 128059
67921 108001 128059
140659 115441 135993
115441 135993 140659
135993 115441 140659
122738 46098 55509
55509 46098 122738
46098 55509 122738
71187 32922 134039
134039 32922 71187
32922 71187 134039
20898 43194 121780
121780 20898 43194
43194 20898 121780
48330 127563 140255
140255 48330 127563
127563 48330 140255
85249 50 88122
88122 50 85249
50 85249 88122
13836 62994 92099
92099 13836 62994
62994 13836 92099
101253 20113 83998
83998 20113 101253
20113 83998 101253
31572 46274 68315
68315 31572 46274
46274 31572 68315
109263 73472 100224
100224 73472 109263
73472 100224 109263
92888 114353 144715
144715 92888 114353
114353 92888 144715
116126 19519 26059
19519 26059 116126
26059 19519 116126
70218 27676 122224
122224 27676 70218
27676 70218 122224
131186 20421 49152
20421 49152 131186
49152 20421 131186
89955 48888 74779
48888 74779 89955
74779 48888 89955
31951 86123 133543
133543 31951 86123
86123 31951 133543
60673 57461 57674
57674 57461 60673
57461 57674 60673
57583 58923 109099
58923 57583 109099
109099 57583 58923
2201 8022 106619
8022 2201 106619
106619 2201 8022
66223 6318 73387
6318 66223 73387
73387 6318 66223
74653 137809 145519
145519 74653 137809
137809 74653 145519
96399 84477 94500
84477 94500 96399
94500 84477 96399
45091 6293 27149
27149 6293 45091
6293 27149 45091
101323 3294 91812
3294 91812 101323
91812 3294 101323
64314 3354 113022
3354 64314 113022
113022 3354 64314
45749 110414 115775
110414 45749 115775
115775 45749 110414
53174 44138 71748
44138 53174 71748
71748 44138 53174
44745 16198 116701
16198 44745 116701
116701 16198 44745
16550 60447 94904
60447 16550 94904
94904 16550 60447
84325 31038 78180
78180 31038 84325
31038 78180 84325
30238 300 140710
140710 300 30238
300 30238 140710
94085 87446 87534
87446 87534 94085
87534 87446 94085
88748 11642 28529
11642 28529 88748
28529 11642 88748
48365 39913 76146
76146 39913 48365
39913 48365 76146
145530 88757 131661
88757 131661 145530
131661 88757 145530
118056 7911 116909
116909 7911 118056
7911 116909 118056
124508 69107 102725
69107 102725 124508
102725 69107 124508
137645 65738 132056
132056 65738 137645
65738 132056 137645
110120 51483 149951
51483 110120 149951
149951 51483 110120
44574 1424 13035
13035 1424 44574
1424 13035 44574
132613 24644 129187
129187 24644 132613
24644 129187 132613
143795 82452 123127
123127 82452 143795
82452 123127 143795
134434 34327 69097
34327 69097 134434
69097 34327 134434
106999 26902 71692
71692 26902 106999
26902 71692 106999
125091 44452 130601
44452 125091 130601
130601 44452 125091
74632 29267 42227
42227 29267 74632
29267 42227 74632
135436 59323 128176
59323 128176 135436
128176 59323 135436
115662 34588 60993
60993 34588 115662
34588 60993 115662
70311 15678 115735
15678 70311 115735
115735 15678 70311
28923 78271 97205
78271 28923 97205
97205 28923 78271
48907 99207 149545
149545 48907 99207
99207 48907 149545
117859 36970 81101
36970 81101 117859
81101 36970 117859
66944 136343 142852
136343 66944 142852
142852 66944 136343
101986 46796 98781
98781 46796 101986
46796 98781 101986
44564 44088 52011
44088 44564 52011
52011 44088 44564
149202 17427 123206
123206 17427 149202
17427 123206 149202
146610 17944 19631
17944 19631 146610
19631 17944 146610
53977 33537 49245
33537 49245 53977
49245 33537 53977
96747 37826 127608
127608 37826 96747
37826 96747 127608
91599 49884 72282
72282 49884 91599
49884 72282 91599
147373 57765 72100
57765 72100 147373
72100 57765 147373
66581 56123 57433
57433 56123 66581
56123 57433 66581
103080 132991 144804
132991 103080 144804
144804 103080 132991
74057 22086 27517
22086 27517 74057
27517 22086 74057
59403 5735 90091
5735 59403 90091
90091 5735 59403
127552 12946 45017
45017 12946 127552
12946 45017 127552
63045 102120 107738
107738 63045 102120
102120 63045 107738
40648 75623 107087
75623 40648 107087
107087 40648 75623
125153 83901 117668
83901 117668 125153
117668 83901 125153
907 91807 121305
121305 907 91807
91807 907 121305
100478 27118 44998
44998 27118 100478
27118 44998 100478
88951 58121 72720
58121 72720 88951
72720 58121 88951
122604 35426 127729
35426 122604 127729
127729 35426 122604
127599 50775 69093
69093 50775 127599
50775 69093 127599
118876 3631 81069
3631 81069 118876
81069 3631 118876
52993 93736 131592
131592 52993 93736
93736 52993 131592
48801 9593 52959
9593 48801 52959
52959 9593 48801
136525 48523 119965
48523 119965 136525
119965 48523 136525
138945 12040 122692
122692 12040 138945
12040 122692 138945
43822 38340 66822
66822 38340 43822
38340 43822 66822
139677 39415 62877
62877 39415 139677
39415 62877 139677
35370 23404 37860
23404 35370 37860
37860 23404 35370
60003 126801 144877
144877 60003 126801
126801 60003 144877
117526 64992 79085
64992 79085 117526
79085 64992 117526
69220 108094 109091
108094 69220 109091
109091 69220 108094
87793 61555 107391
107391 61555 87793
61555 87793 107391
107130 109280 122720
122720 107130 109280
109280 107130 122720
131024 107398 123883
123883 107398 131024
107398 123883 131024
33460 114255 117745
114255 33460 117745
117745 33460 114255
73230 3562 146569
3562 73230 146569
146569 3562 73230
52363 28186 50957
50957 28186 52363
28186 50957 52363
144955 58996 70455
58996 70455 144955
70455 58996 144955
4902 62119 83080
83080 4902 62119
62119 4902 83080
124752 54356 137617
137617 54356 124752
54356 124752 137617
90176 36759 62958
62958 36759 90176
36759 62958 90176
34222 17278 94828
94828 17278 34222
17278 34222 94828
35406 24690 58028
24690 35406 58028
58028 24690 35406
36859 46323 119350
119350 36859 46323
46323 36859 119350
122661 57948 114046
114046 57948 122661
57948 114046 122661
20715 45267 141038
45267 20715 141038
141038 20715 45267
49049 28139 119278
28139 49049 119278
119278 28139 49049
107952 89588 136568
136568 89588 107952
89588 107952 136568
34485 35374 108828
35374 34485 108828
108828 34485 35374
8562 29569 113767
113767 8562 29569
29569 8562 113767
26317 117283 135869
135869 26317 117283
117283 26317 135869
94081 68835 87595
68835 87595 94081
87595 68835 94081
45247 14344 24191
24191 14344 45247
14344 24191 45247
77359 13932 77738
13932 77359 77738
77738 13932 77359
52061 56820 148955
56820 52061 148955
148955 52061 56820
29014 87807 141243
141243 29014 87807
87807 29014 141243
20043 92420 136958
136958 20043 92420
92420 20043 136958
84350 76417 149797
149797 76417 84350
76417 84350 149797
58915 21618 146672
146672 21618 58915
21618 58915 146672
81685 30488 68803
30488 68803 81685
68803 30488 81685
19226 131992 139990
131992 19226 139990
139990 19226 131992
30575 23312 92413
92413 23312 30575
23312 30575 92413
125241 72858 120137
120137 72858 125241
72858 120137 125241
72217 6812 66448
6812 66448 72217
66448 6812 72217
77633 9282 60509
9282 60509 77633
60509 9282 77633
76654 427 132405
427 76654 132405
132405 427 76654
28727 38678 59121
59121 28727 38678
38678 28727 59121
13069 66102 121362
121362 13069 66102
66102 13069 121362
30001 33989 97409
33989 30001 97409
97409 30001 33989
117432 82336 139471
139471 82336 117432
82336 117432 139471
63190 56206 61232
56206 61232 63190
61232 56206 63190
88791 56939 83472
83472 56939 88791
56939 83472 88791
102901 12483 25894
12483 25894 102901
25894 12483 102901
57165 82454 139283
82454 57165 139283
139283 57165 82454
82876 79875 131621
131621 79875 82876
79875 82876 131621
110178 41736 147529
147529 41736 110178
41736 110178 147529
14288 79347 143836
143836 14288 79347
79347 14288 143836
18013 8306 11200
11200 8306 18013
8306 11200 18013
68712 37687 96112
96112 37687 68712
37687 68712 96112
71881 99476 147486
99476 71881 147486
147486 71881 99476
79974 8628 17696
17696 8628 79974
8628 17696 79974
19987 102214 114935
114935 19987 102214
102214 19987 114935
61166 128299 146222
128299 61166 146222
146222 61166 128299
143078 70157 127785
70157 127785 143078
127785 70157 143078
107109 39586 55999
39586 55999 107109
55999 39586 107109
803 50174 149330
149330 803 50174
50174 803 149330
137029 24162 147088
24162 137029 147088
147088 24162 137029
80626 32077 110124
32077 80626 110124
110124 32077 80626
7857 40799 149620
149620 7857 40799
40799 7857 149620
3534 93436 111282
111282 3534 93436
93436 3534 111282
69139 32025 102677
32025 69139 102677
102677 32025 69139
82220 13112 56532
56532 13112 82220
13112 56532 82220
28888 58322 139549
58322 28888 139549
139549 28888 58322
57559 9507 37572
9507 37572 57559
37572 9507 57559
60288 16077 143071
16077 60288 143071
143071 16077 60288
58791 103059 139740
139740 58791 103059
103059 58791 139740
21664 100594 147668
100594 21664 147668
147668 21664 100594
113203 105439 111631
111631 105439 113203
105439 111631 113203
86650 92308 109092
109092 86650 92308
92308 86650 109092
131352 10281 144908
10281 131352 144908
144908 10281 131352
128758 6044 10550
6044 10550 128758
10550 6044 128758
123382 18693 131072
131072 18693 123382
18693 123382 131072
74340 48967 136851
136851 48967 74340
48967 74340 136851
81768 49193 60973
49193 60973 81768
60973 49193 81768
5534 19463 145491
145491 5534 19463
19463 5534 145491
53081 62565 94659
94659 53081 62565
62565 53081 94659
14591 7965 45454
45454 7965 14591
7965 14591 45454
98448 132584 143392
143392 98448 132584
132584 98448 143392
39744 79380 117433
117433 39744 79380
79380 39744 117433
29038 29908 148942
29908 29038 148942
148942 29038 29908
105614 78886 144074
144074 78886 105614
78886 105614 144074
106308 30331 65873
30331 65873 106308
65873 30331 106308
53803 103093 131735
131735 53803 103093
103093 53803 131735
140655 16135 139784
139784 16135 140655
16135 139784 140655
48037 38619 65859
38619 48037 65859
65859 38619 48037
25897 18667 95520
18667 25897 95520
95520 18667 25897
111784 75620 136636
75620 111784 136636
136636 75620 111784
104509 22945 138412
138412 22945 104509
22945 104509 138412
121052 33578 149179
33578 121052 149179
149179 33578 121052
20148 70217 71882
71882 20148 70217
70217 20148 71882
59577 3409 65802
3409 59577 65802
65802 3409 59577
40666 19160 120129
120129 19160 40666
19160 40666 120129
112647 42704 64340
42704 64340 112647
64340 42704 112647
64977 80366 92146
80366 64977 92146
92146 64977 80366
74080 46429 133643
133643 46429 74080
46429 74080 133643
46081 73144 126727
73144 46081 126727
126727 46081 73144
129030 102368 104846
102368 104846 129030
104846 102368 129030
23122 100142 129608
129608 23122 100142
100142 23122 129608
67348 25024 128242
25024 67348 128242
128242 25024 67348
107921 87748 125539
87748 107921 125539
125539 87748 107921
80139 91673 116763
91673 80139 116763
116763 80139 91673
114343 54329 145587
145587 54329 114343
54329 114343 145587
21626 47915 130071
130071 21626 47915
47915 21626 130071
66394 46116 109425
46116 66394 109425
109425 46116 66394
94810 35036 40339
35036 40339 94810
40339 35036 94810
127351 102439 114015
114015 102439 127351
102439 114015 127351
141912 4945 57608
57608 4945 141912
4945 57608 141912
128948 48747 115419
48747 115419 128948
115419 48747 128948
51432 87393 147164
87393 51432 147164
147164 51432 87393
70173 77440 77712
77712 70173 77440
77440 70173 77712
39779 54952 66751
66751 39779 54952
54952 39779 66751
13134 47477 79823
79823 13134 47477
47477 13134 79823
120361 2433 133602
133602 2433 120361
2433 120361 133602
121225 98459 118240
98459 118240 121225
118240 98459 121225
113961 45837 101175
101175 45837 113961
45837 101175 113961
3549 24829 141298
24829 3549 141298
141298 3549 24829
53266 30542 41846
30542 41846 53266
41846 30542 53266
125888 73399 93704
93704 73399 125888
73399 93704 125888
70149 76803 79452
76803 70149 79452
79452 70149 76803
140453 2766 56653
56653 2766 140453
2766 56653 140453
44738 11534 13777
13777 11534 44738
11534 13777 44738
81511 10149 138234
10149 81511 138234
138234 10149 81511
90090 66890 119050
119050 66890 90090
66890 90090 119050
7273 23083 109623
109623 7273 23083
23083 7273 109623
82286 50815 84671
84671 50815 82286
50815 82286 84671
27791 44314 46896
44314 27791 46896
46896 27791 44314
85080 29401 138229
138229 29401 85080
29401 85080 138229
8473 48286 50368
50368 8473 48286
48286 8473 50368
12698 35109 99110
35109 12698 99110
99110 12698 35109
90212 30979 53114
30979 53114 90212
53114 30979 90212
133831 15158 89224
89224 15158 133831
15158 89224 133831
36931 682 48766
48766 682 36931
682 36931 48766
98065 41390 97870
97870 41390 98065
41390 97870 98065
67372 53525 90740
53525 67372 90740
90740 53525 67372
21163 37557 79750
37557 21163 79750
79750 21163 37557
50483 22729 65722
22729 50483 65722
65722 22729 50483
129757 74897 98202
98202 74897 129757
74897 98202 129757
98001 19905 41913
19905 41913 98001
41913 19905 98001
111560 107046 139701
139701 107046 111560
107046 111560 139701
136680 55555 112044
112044 55555 136680
55555 112044 136680
73073 54653 136517
136517 54653 73073
54653 73073 136517
40695 78101 128686
128686 40695 78101
78101 40695 128686
88334 50502 108884
50502 88334 108884
108884 50502 88334
84766 73461 118801
73461 84766 118801
118801 73461 84766
80589 5065 42526
42526 5065 80589
5065 42526 80589
32643 4994 108881
4994 32643 108881
108881 4994 32643
30263 88886 123185
88886 30263 123185
123185 30263 88886
86699 51647 139928
139928 51647 86699
51647 86699 139928
6527 19194 72780
72780 6527 19194
19194 6527 72780
37404 96901 113871
113871 37404 96901
96901 37404 113871
112197 13132 40791
40791 13132 112197
13132 40791 112197
2024 72389 82410
72389 2024 82410
82410 2024 72389
31711 17169 143650
143650 17169 31711
17169 31711 143650
23779 89273 132701
89273 23779 132701
132701 23779 89273
100609 74517 139996
139996 74517 100609
74517 100609 139996
102252 3082 145031
145031 3082 102252
3082 102252 145031
111425 71279 120514
71279 111425 120514
120514 71279 111425
59200 8956 144820
8956 59200 144820
144820 8956 59200
14505 58979 89590
89590 14505 58979
58979 14505 89590
125854 7034 104920
104920 7034 125854
7034 104920 125854
110502 142685 145320
142685 110502 145320
145320 110502 142685
95860 112378 139188
139188 95860 112378
112378 95860 139188
90094 38643 57295
57295 38643 90094
38643 57295 90094
22258 45524 96771
45524 22258 96771
96771 22258 45524
61470 42229 139982
139982 42229 61470
42229 61470 139982
51505 50078 139146
50078 51505 139146
139146 50078 51505
94631 55875 74169
74169 55875 94631
55875 74169 94631
30438 96921 125921
125921 30438 96921
96921 30438 125921
55836 106330 130657
106330 55836 130657
130657 55836 106330
60707 98382 116239
98382 60707 116239
116239 60707 98382
11456 37330 87904
37330 11456 87904
87904 11456 37330
14254 28040 57510
28040 14254 57510
57510 14254 28040
55228 35675 92940
35675 55228 92940
92940 35675 55228
95690 38507 68579
38507 68579 95690
68579 38507 95690
122252 24482 58523
58523 24482 122252
24482 58523 122252
19744 63368 81923
63368 19744 81923
81923 19744 63368
18334 2594 142154
2594 18334 142154
142154 2594 18334
140485 81081 101048
101048 81081 140485
81081 101048 140485
16232 82817 144007
144007 16232 82817
82817 16232 144007
86821 57842 144087
57842 86821 144087
144087 57842 86821
108556 46234 55200
55200 46234 108556
46234 55200 108556
93578 89143 118791
89143 93578 118791
118791 89143 93578
56988 76369 109039
76369 56988 109039
109039 56988 76369
41737 3942 42706
42706 3942 41737
3942 41737 42706
32559 118019 136659
118019 32559 136659
136659 32559 118019
35820 42284 70464
70464 35820 42284
42284 35820 70464
141858 14236 147073
14236 141858 147073
147073 14236 141858
44643 117244 119831
117244 44643 119831
119831 44643 117244
86425 54472 110234
110234 54472 86425
54472 86425 110234
136507 98677 113571
113571 98677 136507
98677 113571 136507
7088 16839 48370
16839 7088 48370
48370 7088 16839
85320 33886 127980
127980 33886 85320
33886 85320 127980
109594 40534 114191
114191 40534 109594
40534 109594 114191
29943 47011 131019
47011 29943 131019
131019 29943 47011
79624 44648 67429
67429 44648 79624
44648 67429 79624
54010 100704 122139
122139 54010 100704
100704 54010 122139
111913 14944 24610
14944 24610 111913
24610 14944 111913
44242 68363 97478
68363 44242 97478
97478 44242 68363
113838 239 49206
239 49206 113838
49206 239 113838
110033 6274 10979
6274 10979 110033
10979 6274 110033
35960 88520 114149
88520 35960 114149
114149 35960 88520
128236 96440 140447
140447 96440 128236
96440 128236 140447
1311 84881 126024
84881 1311 126024
126024 1311 84881
18217 55299 93267
93267 18217 55299
55299 18217 93267
138769 12684 147912
147912 12684 138769
12684 138769 147912
110657 98115 107026
107026 98115 110657
98115 107026 110657
8207 91308 140186
91308 8207 140186
140186 8207 91308
86505 66706 129131
66706 86505 129131
129131 66706 86505
54650 35291 101644
35291 54650 101644
101644 35291 54650
141505 32815 120354
120354 32815 141505
32815 120354 141505
76058 52256 147449
52256 76058 147449
147449 52256 76058
114887 74 59736
59736 74 114887
74 59736 114887
2937 35599 53143
53143 2937 35599
35599 2937 53143
16693 43264 103257
43264 16693 103257
103257 16693 43264
25928 34975 50035
34975 25928 50035
50035 25928 34975
101132 50480 64375
64375 50480 101132
50480 64375 101132
52211 8485 93501
93501 8485 52211
8485 52211 93501
147650 86990 143902
143902 86990 147650
86990 143902 147650
108829 19892 93528
93528 19892 108829
19892 93528 108829
11540 3225 125020
125020 3225 11540
3225 11540 125020
111555 19422 87757
19422 87757 111555
87757 19422 111555
103210 83247 144933
83247 103210 144933
144933 83247 103210
38400 86237 130269
130269 38400 86237
86237 38400 130269
134597 82587 127201
82587 127201 134597
127201 82587 134597
85126 7465 97933
97933 7465 85126
7465 85126 97933
85952 72615 119532
72615 85952 119532
119532 72615 85952
88247 97015 99519
97015 88247 99519
99519 88247 97015
79328 19190 137034
137034 19190 79328
19190 79328 137034
10520 101571 111523
101571 10520 111523
111523 10520 101571
78562 83205 103110
103110 78562 83205
83205 78562 103110
127578 58505 147230
58505 127578 147230
147230 58505 127578
37394 3414 136574
136574 3414 37394
3414 37394 136574
39433 29468 146329
29468 39433 146329
146329 29468 39433
88066 92441 129836
92441 88066 129836
129836 88066 92441
964 18429 93137
93137 964 18429
18429 964 93137
73908 38772 88820
38772 73908 88820
88820 38772 73908
123121 12956 34367
12956 34367 123121
34367 12956 123121
4950 16389 69555
69555 4950 16389
16389 4950 69555
126764 46019 148855
148855 46019 126764
46019 126764 148855
148670 17840 135753
135753 17840 148670
17840 135753 148670
142053 39512 122878
122878 39512 142053
39512 122878 142053
57367 54107 122762
122762 54107 57367
54107 57367 122762
49645 81962 111021
111021 49645 81962
81962 49645 111021
35557 87454 129711
129711 35557 87454
87454 35557 129711
66945 14450 30668
30668 14450 66945
14450 30668 66945
91565 7084 30344
30344 7084 91565
7084 30344 91565
88447 44290 66030
66030 44290 88447
44290 66030 88447
128054 32011 77341
32011 77341 128054
77341 32011 128054
60201 27223 44634
44634 27223 60201
27223 44634 60201
89023 339 134154
339 89023 134154
134154 339 89023
70554 55554 77173
55554 70554 77173
77173 55554 70554
143311 113519 145827
145827 113519 143311
113519 143311 145827
32539 55914 84540
55914 32539 84540
84540 32539 55914
125261 91963 145306
145306 91963 125261
91963 125261 145306
33614 26752 113308
113308 26752 33614
26752 33614 113308
22375 36596 108428
36596 22375 108428
108428 22375 36596
87599 106913 134380
134380 87599 106913
106913 87599 134380
65003 118941 139640
118941 65003 139640
139640 65003 118941
23366 17263 88609
17263 23366 88609
88609 17263 23366
21156 45767 79824
45767 21156 79824
79824 21156 45767
61596 2176 57725
57725 2176 61596
2176 57725 61596
109511 23708 56462
56462 23708 109511
23708 56462 109511
20349 44146 117499
117499 20349 44146
44146 20349 117499
121145 1610 3642
3642 1610 121145
1610 3642 121145
67272 59130 103737
59130 67272 103737
103737 59130 67272
129218 78403 112292
78403 112292 129218
112292 78403 129218
122937 95397 131317
95397 122937 131317
131317 95397 122937
74447 94064 112503
94064 74447 112503
112503 74447 94064
144454 70988 129606
70988 129606 144454
129606 70988 144454
32893 2028 86258
2028 32893 86258
86258 2028 32893
49360 18722 93893
93893 18722 49360
18722 49360 93893
65854 40904 106949
40904 65854 106949
106949 40904 65854
47940 128131 132063
128131 47940 132063
132063 47940 128131
62638 17030 132775
17030 62638 132775
132775 17030 62638
55351 19949 132249
19949 55351 132249
132249 19949 55351
8635 42756 78099
78099 8635 42756
42756 8635 78099
28914 32127 80856
32127 28914 80856
80856 28914 32127
113975 57778 123799
57778 113975 123799
123799 57778 113975
22169 75497 95224
95224 22169 75497
75497 22169 95224
7403 84666 100723
84666 7403 100723
100723 7403 84666
42720 41301 114684
41301 42720 114684
114684 41301 42720
104172 19589 55338
19589 55338 104172
55338 19589 104172
141240 62845 147562
62845 141240 147562
147562 62845 141240
21829 16983 28184
28184 16983 21829
16983 21829 28184
122053 5742 60279
5742 60279 122053
60279 5742 122053
106897 79178 101622
101622 79178 106897
79178 101622 106897
106634 42045 143536
143536 42045 106634
42045 106634 143536
113782 47838 58798
58798 47838 113782
47838 58798 113782
91377 46135 52879
52879 46135 91377
46135 52879 91377
91781 43361 97446
43361 91781 97446
97446 43361 91781
63105 13277 108609
13277 63105 108609
108609 13277 63105
63456 7969 30141
7969 30141 63456
30141 7969 63456
102177 11944 78492
11944 78492 102177
78492 11944 102177
100788 39118 124888
124888 39118 100788
39118 100788 124888
133350 14830 22638
22638 14830 133350
14830 22638 133350
25825 8864 143743
8864 25825 143743
143743 8864 25825
40436 25821 92194
25821 40436 92194
92194 25821 40436
67440 75299 111264
111264 67440 75299
75299 67440 111264
109872 37566 111582
37566 109872 111582
111582 37566 109872
64868 49517 100033
100033 49517 64868
49517 64868 100033
100651 18324 107384
107384 18324 100651
18324 100651 107384
97623 37633 104904
37633 97623 104904
104904 37633 97623
132615 111108 147598
147598 111108 132615
111108 132615 147598
66130 15717 31245
15717 31245 66130
31245 15717 66130
11469 86372 133267
133267 11469 86372
86372 11469 133267
110898 14867 39250
39250 14867 110898
14867 39250 110898
57411 55457 61864
55457 57411 61864
61864 55457 57411
6589 3324 28561
28561 3324 6589
3324 6589 28561
145047 30614 62557
62557 30614 145047
30614 62557 145047
34209 60128 79293
79293 34209 60128
60128 34209 79293
147923 48867 72356
48867 72356 147923
72356 48867 147923
134741 11221 34825
34825 11221 134741
11221 34825 134741
58222 2261 57657
57657 2261 58222
2261 57657 58222
133628 34077 144186
34077 133628 144186
144186 34077 133628
112807 118808 124641
118808 112807 124641
124641 112807 118808
58911 50415 70148
70148 50415 58911
50415 58911 70148
3721 54119 147917
147917 3721 54119
54119 3721 147917
101130 12977 71447
71447 12977 101130
12977 71447 101130
60303 137944 145034
137944 60303 145034
145034 60303 137944
95096 6325 33643
6325 33643 95096
33643 6325 95096
139262 14934 85966
85966 14934 139262
14934 85966 139262
135195 11769 55455
11769 55455 135195
55455 11769 135195
132601 115275 141088
141088 115275 132601
115275 132601 141088
104477 59912 143613
143613 59912 104477
59912 104477 143613
39141 5179 16297
5179 16297 39141
16297 5179 39141
118269 51464 82671
82671 51464 118269
51464 82671 118269
26325 26631 48003
48003 26325 26631
26631 26325 48003
59134 33706 71771
71771 33706 59134
33706 59134 71771
114526 72994 114485
114485 72994 114526
72994 114485 114526
62355 5231 102626
102626 5231 62355
5231 62355 102626
66497 54299 79985
79985 54299 66497
54299 66497 79985
92693 31798 147249
147249 31798 92693
31798 92693 147249
21169 74719 97858
74719 21169 97858
97858 21169 74719
89159 69950 149738
149738 69950 89159
69950 89159 149738
82231 34690 75893
34690 75893 82231
75893 34690 82231
39426 24699 99726
99726 24699 39426
24699 39426 99726
842 4343 25442
25442 842 4343
4343 842 25442
41986 62011 84648
62011 41986 84648
84648 41986 62011
36649 77852 131962
77852 36649 131962
131962 36649 77852
7176 20029 21433
21433 7176 20029
20029 7176 21433
64063 9368 65599
9368 64063 65599
65599 9368 64063
100276 13059 25491
25491 13059 100276
13059 25491 100276
73989 50882 125739
50882 73989 125739
125739 50882 73989
11402 79521 121486
121486 11402 79521
79521 11402 121486
144930 13555 142667
142667 13555 144930
13555 142667 144930
101 26744 31470
31470 101 26744
26744 101 31470
92010 103237 114447
103237 92010 114447
114447 92010 103237
16312 53779 128111
128111 16312 53779
53779 16312 128111
67546 43604 122834
122834 43604 67546
43604 67546 122834
7656 83118 101245
83118 7656 101245
101245 7656 83118
148083 86641 95660
95660 86641 148083
86641 95660 148083
88862 17764 27876
17764 27876 88862
27876 17764 88862
18150 56003 128863
56003 18150 128863
128863 18150 56003
105080 123771 137726
123771 105080 137726
137726 105080 123771
44558 94960 133735
133735 44558 94960
94960 44558 133735
99554 30602 145971
30602 99554 145971
145971 30602 99554
15412 15510 99658
15510 15412 99658
99658 15412 15510
33908 8531 145756
8531 33908 145756
145756 8531 33908
92968 9270 119934
119934 9270 92968
9270 92968 119934
98014 67074 78169
67074 78169 98014
78169 67074 98014
94448 12546 90850
90850 12546 94448
12546 90850 94448
24798 13028 14114
13028 14114 24798
14114 13028 24798
27170 90694 146433
146433 27170 90694
90694 27170 146433
143407 46403 126731
46403 126731 143407
126731 46403 143407
61751 42318 43218
43218 42318 61751
42318 43218 61751
21113 25253 37049
25253 21113 37049
37049 21113 25253
30945 48363 113245
48363 30945 113245
113245 30945 48363
51920 64409 116601
116601 51920 64409
64409 51920 116601
93725 22351 55332
55332 22351 93725
22351 55332 93725
51530 105293 112911
105293 51530 112911
112911 51530 105293
91954 66438 110146
66438 91954 110146
110146 66438 91954
1659 68505 118051
68505 1659 118051
118051 1659 68505
111711 12025 15597
12025 15597 111711
15597 12025 111711
50062 46852 53868
46852 50062 53868
53868 46852 50062
17817 97155 142632
142632 17817 97155
97155 17817 142632
11780 87816 128507
87816 11780 128507
128507 11780 87816
115706 18382 70529
18382 70529 115706
70529 18382 115706
138586 51074 69913
69913 51074 138586
51074 69913 138586
16270 34393 100739
100739 16270 34393
34393 16270 100739
120713 23528 148999
148999 23528 120713
23528 120713 148999
103415 104244 140463
140463 103415 104244
104244 103415 140463
140098 109189 126510
126510 109189 140098
109189 126510 140098
3133 10829 48816
48816 3133 10829
10829 3133 48816
67840 45733 125706
45733 67840 125706
125706 45733 67840
136938 59558 85326
85326 59558 136938
59558 85326 136938
16724 53159 120685
120685 16724 53159
53159 16724 120685
88688 27869 101453
101453 27869 88688
27869 88688 101453
79346 3201 60917
3201 60917 79346
60917 3201 79346
71169 88637 94520
88637 71169 94520
94520 71169 88637
96116 6426 82294
6426 82294 96116
82294 6426 96116
26204 76405 135231
135231 26204 76405
76405 26204 135231
87978 134508 138353
134508 87978 138353
138353 87978 134508
76851 13840 53382
13840 53382 76851
53382 13840 76851
29494 18218 48089
18218 29494 48089
48089 18218 29494
74806 52543 72812
52543 72812 74806
72812 52543 74806
60153 17686 149100
149100 17686 60153
17686 60153 149100
96977 4620 145323
4620 96977 145323
145323 4620 96977
127499 26367 31022
31022 26367 127499
26367 31022 127499
119185 84769 93089
84769 93089 119185
93089 84769 119185
35613 99557 137802
99557 35613 137802
137802 35613 99557
136974 51897 144509
51897 136974 144509
144509 51897 136974
115388 70574 135213
135213 70574 115388
70574 115388 135213
146281 59785 95085
59785 95085 146281
95085 59785 146281
38301 91539 119785
119785 38301 91539
91539 38301 119785
75988 46503 126844
126844 46503 75988
46503 75988 126844
132754 14794 130745
14794 130745 132754
130745 14794 132754
18059 52851 108433
108433 18059 52851
52851 18059 108433
137972 48531 98478
98478 48531 137972
48531 98478 137972
58368 38667 107591
38667 58368 107591
107591 38667 58368
23009 12203 135527
135527 12203 23009
12203 23009 135527
105359 38200 96148
38200 96148 105359
96148 38200 105359
142286 41490 106050
106050 41490 142286
41490 106050 142286
36941 13316 79542
13316 36941 79542
79542 13316 36941
4720 48857 141722
48857 4720 141722
141722 4720 48857
64428 10898 142911
142911 10898 64428
10898 64428 142911
74393 70278 110564
70278 74393 110564
110564 70278 74393
123289 31041 88606
88606 31041 123289
31041 88606 123289
34827 24180 110313
24180 34827 110313
110313 24180 34827
57735 88227 111260
111260 57735 88227
88227 57735 111260
131017 29350 139921
139921 29350 131017
29350 131017 139921
65361 52421 92808
92808 52421 65361
52421 65361 92808
13667 1907 127228
1907 13667 127228
127228 1907 13667
118513 29965 76904
29965 76904 118513
76904 29965 118513
19767 86899 94955
86899 19767 94955
94955 19767 86899
141479 37999 47943
37999 47943 141479
47943 37999 141479
135479 22125 100196
100196 22125 135479
22125 100196 135479
90839 18330 139024
18330 90839 139024
139024 18330 90839
2217 31069 126958
126958 2217 31069
31069 2217 126958
42666 10702 115466
115466 10702 42666
10702 42666 115466
79631 53013 89251
89251 53013 79631
53013 79631 89251
145570 27975 115626
115626 27975 145570
27975 115626 145570
35167 85600 130590
130590 35167 85600
85600 35167 130590
140769 33528 41796
33528 41796 140769
41796 33528 140769
64513 52928 137849
52928 64513 137849
137849 52928 64513
45852 85471 121572
85471 45852 121572
121572 45852 85471
140592 1473 122991
122991 1473 140592
1473 122991 140592
98134 75656 81092
81092 75656 98134
75656 81092 98134
13404 59207 124947
124947 13404 59207
59207 13404 124947
56041 29999 94546
29999 56041 94546
94546 29999 56041
92118 73614 107911
73614 92118 107911
107911 73614 92118
126045 53082 91000
91000 53082 126045
53082 91000 126045
105476 93722 130558
130558 93722 105476
93722 105476 130558
36583 100466 105333
100466 36583 105333
105333 36583 100466
57526 20664 56086
20664 56086 57526
56086 20664 57526
122326 82427 95186
82427 95186 122326
95186 82427 122326
37265 106015 120603
120603 37265 106015
106015 37265 120603
113248 17513 108817
17513 108817 113248
108817 17513 113248
10533 55813 65844
55813 10533 65844
65844 10533 55813
146376 96100 147428
96100 146376 147428
147428 96100 146376
59770 26859 146799
146799 26859 59770
26859 59770 146799
143190 121540 137127
121540 137127 143190
137127 121540 143190
11693 131163 138008
138008 11693 131163
131163 11693 138008
66164 28633 29689
29689 28633 66164
28633 29689 66164
111972 9767 53188
9767 53188 111972
53188 9767 111972
73285 2731 86725
86725 2731 73285
2731 73285 86725
78722 9136 46677
46677 9136 78722
9136 46677 78722
4627 44860 50960
44860 4627 50960
50960 4627 44860
148254 49133 77601
77601 49133 148254
49133 77601 148254
54035 113345 124464
113345 54035 124464
124464 54035 113345
47800 91809 113658
113658 47800 91809
91809 47800 113658
10691 23111 107746
23111 10691 107746
107746 10691 23111
120961 131348 135103
131348 120961 135103
135103 120961 131348
134622 91545 110847
91545 110847 134622
110847 91545 134622
72267 7936 143457
143457 7936 72267
7936 72267 143457
21499 88818 127259
127259 21499 88818
88818 21499 127259
127045 98374 136534
98374 127045 136534
136534 98374 127045
110423 120849 123733
120849 110423 123733
123733 110423 120849
336 77914 142037
142037 336 77914
77914 336 142037
149051 38826 134430
38826 134430 149051
134430 38826 149051
16019 26578 133803
133803 16019 26578
26578 16019 133803
55180 161 18867
161 18867 55180
18867 161 55180
96672 108336 111374
111374 96672 108336
108336 96672 111374
134169 11049 147167
147167 11049 134169
11049 134169 147167
77180 128668 130940
128668 77180 130940
130940 77180 128668
13469 47045 138682
138682 13469 47045
47045 13469 138682
68899 43801 135026
43801 68899 135026
135026 43801 68899
131364 97378 143307
143307 97378 131364
97378 131364 143307
13232 36982 81129
81129 13232 36982
36982 13232 81129
28575 92992 94915
92992 28575 94915
94915 28575 92992
44521 78919 126234
78919 44521 126234
126234 44521 78919
