2708 13812 14064
14064 2708 13812
13812 2708 14064
5123 9581 11882
9581 5123 11882
11882 5123 9581
6867 2013 14719
2013 6867 14719
14719 2013 6867
5214 3314 8166
8166 3314 5214
3314 5214 8166
6132 6200 8610
8610 6132 6200
6200 6132 8610
6552 910 5086
910 5086 6552
5086 910 6552
3700 1141 11713
11713 1141 3700
1141 3700 11713
7613 6938 8114
6938 7613 8114
8114 6938 7613
3031 3856 12794
12794 3031 3856
3856 3031 12794
4554 5335 9049
5335 4554 9049
9049 4554 5335
7138 5631 8985
5631 7138 8985
8985 5631 7138
1856 10980 14627
10980 1856 14627
14627 1856 10980
175 9371 14444
9371 175 14444
14444 175 9371
3148 8141 11803
8141 3148 11803
11803 3148 8141
1310 1619 6545
1619 1310 6545
6545 1310 1619
2735 3870 11409
11409 2735 3870
3870 2735 11409
5820 2603 3509
2603 3509 5820
3509 2603 5820
11661 8338 12659
8338 11661 12659
12659 8338 11661
8160 10794 10911
10794 8160 10911
10911 8160 10794
8614 5702 8667
5702 8614 8667
8667 5702 8614
7594 9308 10274
10274 7594 9308
9308 7594 10274
13239 3063 5003
5003 3063 13239
3063 5003 13239
10176 5542 8444
8444 5542 10176
5542 8444 10176
14479 4480 4891
4891 4480 14479
4480 4891 14479
8633 9043 11952
11952 8633 9043
9043 8633 11952
5970 8585 14959
8585 5970 14959
14959 5970 8585
8722 4604 7690
7690 4604 8722
4604 7690 8722
7561 8720 14170
8720 7561 14170
14170 7561 8720
1021 1261 4618
4618 1021 1261
1261 1021 4618
174 348 6775
6775 174 348
348 174 6775
1539 6212 11831
6212 1539 11831
11831 1539 6212
11182 1418 2427
1418 2427 11182
2427 1418 11182
6217 2840 7235
2840 6217 7235
7235 2840 6217
881 6596 6960
6960 881 6596
6596 881 6960
634 97 7747
97 634 7747
7747 97 634
10099 47 12995
12995 47 10099
47 10099 12995
1694 1531 11537
11537 1531 1694
1531 1694 11537
5778 13393 14827
14827 5778 13393
13393 5778 14827
3699 6635 9229
9229 3699 6635
6635 3699 9229
13684 1686 7839
1686 7839 13684
7839 1686 13684
9606 6288 6687
6687 6288 9606
6288 6687 9606
3302 10104 11895
10104 3302 11895
11895 3302 10104
13551 877 8833
877 8833 13551
8833 877 13551
7551 9473 14771
14771 7551 9473
9473 7551 14771
14139 1344 2568
2568 1344 14139
1344 2568 14139
12491 1653 6103
1653 6103 12491
6103 1653 12491
14624 10118 10606
10118 10606 14624
10606 10118 14624
3176 2764 7048
7048 2764 3176
2764 3176 7048
11317 11510 14035
11510 11317 14035
14035 11317 11510
5494 2285 8652
8652 2285 5494
2285 5494 8652
9468 5685 6733
6733 5685 9468
5685 6733 9468
5376 4861 9142
4861 5376 9142
9142 4861 5376
14643 782 11723
11723 782 14643
782 11723 14643
14117 81 13808
13808 81 14117
81 13808 14117
1861 1128 1157
1157 1128 1861
1128 1157 1861
9647 4116 14655
4116 9647 14655
14655 4116 9647
6066 6296 10164
6296 6066 10164
10164 6066 6296
8650 5783 11861
11861 5783 8650
5783 8650 11861
331 1721 6816
6816 331 1721
1721 331 6816
3704 9148 14306
14306 3704 9148
9148 3704 14306
7722 3741 3763
3763 3741 7722
3741 3763 7722
6650 26 14714
26 6650 14714
14714 26 6650
12907 172 9150
172 9150 12907
9150 172 12907
14253 3507 7629
7629 3507 14253
3507 7629 14253
6361 9342 10064
10064 6361 9342
9342 6361 10064
11505 1737 3057
3057 1737 11505
1737 3057 11505
7685 5001 11331
11331 5001 7685
5001 7685 11331
9609 3027 13409
3027 9609 13409
13409 3027 9609
3822 4850 7794
4850 3822 7794
7794 3822 4850
8077 6683 8346
8346 6683 8077
6683 8077 8346
7791 3071 12333
12333 3071 7791
3071 7791 12333
12349 5417 11875
11875 5417 12349
5417 11875 12349
306 5697 10470
10470 306 5697
5697 306 10470
8052 3653 14195
14195 3653 8052
3653 8052 14195
937 7557 14927
7557 937 14927
14927 937 7557
1134 4054 12963
4054 1134 12963
12963 1134 4054
3407 4922 6311
4922 3407 6311
6311 3407 4922
8341 2231 5351
2231 5351 8341
5351 2231 8341
13855 4106 10714
4106 10714 13855
10714 4106 13855
565 11410 13137
13137 565 11410
11410 565 13137
10487 6898 12948
6898 10487 12948
12948 6898 10487
10477 1839 12406
12406 1839 10477
1839 10477 12406
11131 5753 10723
10723 5753 11131
5753 10723 11131
5509 9733 13202
9733 5509 13202
13202 5509 9733
2174 5919 9277
5919 2174 9277
9277 2174 5919
8537 3104 4336
4336 3104 8537
3104 4336 8537
14282 120 8702
120 8702 14282
8702 120 14282
10461 4442 5285
5285 4442 10461
4442 5285 10461
707 10455 14424
10455 707 14424
14424 707 10455
14573 4405 7323
7323 4405 14573
4405 7323 14573
11863 10881 14691
10881 11863 14691
14691 10881 11863
12960 2403 5411
2403 5411 12960
5411 2403 12960
6605 1097 9274
1097 6605 9274
9274 1097 6605
14978 4815 12289
4815 12289 14978
12289 4815 14978
1496 8063 13316
13316 1496 8063
8063 1496 13316
10791 7916 8418
8418 7916 10791
7916 8418 10791
8128 5446 12105
5446 8128 12105
12105 5446 8128
6803 12094 13769
13769 6803 12094
12094 6803 13769
6121 7905 8699
7905 6121 8699
8699 6121 7905
13032 2654 10090
10090 2654 13032
2654 10090 13032
5018 12765 14534
14534 5018 12765
12765 5018 14534
7559 4140 10088
4140 7559 10088
10088 4140 7559
1327 2221 9089
2221 1327 9089
9089 1327 2221
4707 4806 7446
4806 4707 7446
7446 4707 4806
4930 2104 8040
8040 2104 4930
2104 4930 8040
13786 2350 3602
2350 3602 13786
3602 2350 13786
14337 8604 14477
8604 14337 14477
14477 8604 14337
3796 9440 12049
12049 3796 9440
9440 3796 12049
3445 84 10056
10056 84 3445
84 3445 10056
10497 2188 11531
2188 10497 11531
11531 2188 10497
6189 5921 6974
6974 5921 6189
5921 6189 6974
4581 545 12505
545 4581 12505
12505 545 4581
13729 8087 9220
8087 9220 13729
9220 8087 13729
5044 3936 11683
11683 3936 5044
3936 5044 11683
9364 7252 8227
7252 8227 9364
8227 7252 9364
4202 1341 12691
12691 1341 4202
1341 4202 12691
8069 10147 11743
10147 8069 11743
11743 8069 10147
7366 1424 11320
1424 7366 11320
11320 1424 7366
762 4103 9100
9100 762 4103
4103 762 9100
12545 9736 12122
9736 12122 12545
12122 9736 12545
14481 6690 7572
7572 6690 14481
6690 7572 14481
6952 10435 13276
10435 6952 13276
13276 6952 10435
2565 437 7083
437 2565 7083
7083 437 2565
2328 4901 5537
4901 2328 5537
5537 2328 4901
10542 2195 5574
5574 2195 10542
2195 5574 10542
2739 2751 9824
2751 2739 9824
9824 2739 2751
13845 2162 6426
6426 2162 13845
2162 6426 13845
3127 2506 11383
2506 3127 11383
11383 2506 3127
9074 2079 11527
2079 9074 11527
11527 2079 9074
4715 4258 5710
5710 4258 4715
4258 4715 5710
10524 8777 10051
8777 10051 10524
10051 8777 10524
11173 34 4642
4642 34 11173
34 4642 11173
3725 12018 13294
13294 3725 12018
12018 3725 13294
13445 1215 3191
3191 1215 13445
1215 3191 13445
14989 6034 14118
6034 14118 14989
14118 6034 14989
8525 6244 10048
6244 8525 10048
10048 6244 8525
262 258 5534
258 262 5534
5534 258 262
630 2227 14988
14988 630 2227
2227 630 14988
6142 10032 12297
10032 6142 12297
12297 6142 10032
12187 1179 3496
1179 3496 12187
3496 1179 12187
1069 8711 13383
8711 1069 13383
13383 1069 8711
9171 3821 14106
14106 3821 9171
3821 9171 14106
7246 4722 9107
4722 7246 9107
9107 4722 7246
13534 1296 8532
8532 1296 13534
1296 8532 13534
811 209 7062
7062 209 811
209 811 7062
7875 7289 12621
12621 7289 7875
7289 7875 12621
13464 2835 3965
2835 3965 13464
3965 2835 13464
8037 10658 11245
11245 8037 10658
10658 8037 11245
2644 224 5024
5024 224 2644
224 2644 5024
9069 3871 7404
7404 3871 9069
3871 7404 9069
8112 961 4840
961 4840 8112
4840 961 8112
5969 4689 13025
4689 5969 13025
13025 4689 5969
14666 11482 11557
11557 11482 14666
11482 11557 14666
1905 1969 2994
2994 1905 1969
1969 1905 2994
3106 13033 14873
13033 3106 14873
14873 3106 13033
6281 9321 10128
10128 6281 9321
9321 6281 10128
13592 14437 14968
14968 13592 14437
14437 13592 14968
11152 4877 14699
4877 11152 14699
14699 4877 11152
8635 2066 10808
2066 8635 10808
10808 2066 8635
11268 11588 13813
11588 11268 13813
13813 11268 11588
7373 281 1814
1814 281 7373
281 1814 7373
169 978 12038
978 169 12038
12038 169 978
3255 6796 12798
6796 3255 12798
12798 3255 6796
3073 7959 13395
13395 3073 7959
7959 3073 13395
8427 197 12144
197 8427 12144
12144 197 8427
5933 3029 11029
3029 5933 11029
11029 3029 5933
11085 11760 14601
14601 11085 11760
11760 11085 14601
14517 1428 4636
4636 1428 14517
1428 4636 14517
5130 366 14221
14221 366 5130
366 5130 14221
3999 8104 9767
9767 3999 8104
8104 3999 9767
138 5360 11084
5360 138 11084
11084 138 5360
8058 6069 7522
6069 7522 8058
7522 6069 8058
2029 5069 12776
12776 2029 5069
5069 2029 12776
5755 2346 6698
6698 2346 5755
2346 5755 6698
6806 1959 4885
4885 1959 6806
1959 4885 6806
2609 11502 13236
13236 2609 11502
11502 2609 13236
1014 95 7546
7546 95 1014
95 1014 7546
3178 3520 11281
3520 3178 11281
11281 3178 3520
11210 747 5841
747 5841 11210
5841 747 11210
9908 10168 10655
10168 9908 10655
10655 9908 10168
11416 4245 10552
10552 4245 11416
4245 10552 11416
5617 2610 11450
2610 5617 11450
11450 2610 5617
4978 86 13339
13339 86 4978
86 4978 13339
3872 3723 7177
3723 3872 7177
7177 3723 3872
7359 8436 8477
8436 7359 8477
8477 7359 8436
217 4631 13068
4631 217 13068
13068 217 4631
8064 2483 14331
2483 8064 14331
14331 2483 8064
10608 818 951
818 951 10608
951 818 10608
12115 1420 10209
10209 1420 12115
1420 10209 12115
4224 6654 8073
8073 4224 6654
6654 4224 8073
1358 6307 7550
6307 1358 7550
7550 1358 6307
6713 4292 13896
4292 6713 13896
13896 4292 6713
3952 1400 11993
1400 3952 11993
11993 1400 3952
9600 171 5357
5357 171 9600
171 5357 9600
921 4981 8192
8192 921 4981
4981 921 8192
2064 11685 12681
11685 2064 12681
12681 2064 11685
2566 382 605
605 382 2566
382 605 2566
10935 103 9715
9715 103 10935
103 9715 10935
13857 4273 6208
4273 6208 13857
6208 4273 13857
7968 8370 9788
8370 7968 9788
9788 7968 8370
1994 374 1528
374 1528 1994
1528 374 1994
10074 7203 9130
9130 7203 10074
7203 9130 10074
7549 723 5922
723 5922 7549
5922 723 7549
6563 532 8225
532 6563 8225
8225 532 6563
14274 8392 11279
11279 8392 14274
8392 11279 14274
9761 6863 7174
6863 7174 9761
7174 6863 9761
10181 4364 13538
13538 4364 10181
4364 10181 13538
14054 608 1086
1086 608 14054
608 1086 14054
7624 4512 7370
7370 4512 7624
4512 7370 7624
14919 8284 8453
8284 8453 14919
8453 8284 14919
14561 6067 7122
6067 7122 14561
7122 6067 14561
4397 2776 9755
2776 4397 9755
9755 2776 4397
14592 6306 13333
13333 6306 14592
6306 13333 14592
1917 6376 9596
6376 1917 9596
9596 1917 6376
6150 7352 10800
7352 6150 10800
10800 6150 7352
7494 6158 12310
12310 6158 7494
6158 7494 12310
5268 7520 12143
7520 5268 12143
12143 5268 7520
13007 5272 13693
13693 5272 13007
5272 13007 13693
3264 10159 14594
14594 3264 10159
10159 3264 14594
463 522 7788
7788 463 522
522 463 7788
2617 6490 9970
9970 2617 6490
6490 2617 9970
6737 2912 7824
7824 2912 6737
2912 6737 7824
6346 3637 4468
3637 4468 6346
4468 3637 6346
2402 3187 3471
3187 2402 3471
3471 2402 3187
14977 5871 13960
13960 5871 14977
5871 13960 14977
13974 1834 14176
1834 13974 14176
14176 1834 13974
13988 2362 10042
2362 10042 13988
10042 2362 13988
7930 1074 5861
1074 5861 7930
5861 1074 7930
4821 2804 10621
10621 2804 4821
2804 4821 10621
14504 4652 6704
6704 4652 14504
4652 6704 14504
10242 7578 11180
11180 7578 10242
7578 10242 11180
243 1168 2085
2085 243 1168
1168 243 2085
9509 7375 9152
9152 7375 9509
7375 9152 9509
4341 10495 14354
10495 4341 14354
14354 4341 10495
4008 4661 7115
4661 4008 7115
7115 4008 4661
2925 2576 12517
12517 2576 2925
2576 2925 12517
10515 6480 9015
9015 6480 10515
6480 9015 10515
12927 9190 10371
9190 10371 12927
10371 9190 12927
10283 153 11972
11972 153 10283
153 10283 11972
11316 2194 4988
2194 4988 11316
4988 2194 11316
9059 10154 14604
14604 9059 10154
10154 9059 14604
1633 12905 13864
12905 1633 13864
13864 1633 12905
14489 5767 12095
12095 5767 14489
5767 12095 14489
3560 4122 14218
14218 3560 4122
4122 3560 14218
10629 1333 3818
3818 1333 10629
1333 3818 10629
2621 1369 4035
1369 2621 4035
4035 1369 2621
2436 6224 9823
6224 2436 9823
9823 2436 6224
2926 3179 12750
12750 2926 3179
3179 2926 12750
1427 11359 13934
13934 1427 11359
11359 1427 13934
13104 3979 8802
8802 3979 13104
3979 8802 13104
13874 5470 8577
5470 8577 13874
8577 5470 13874
10478 9450 9817
9817 9450 10478
9450 9817 10478
5433 7826 13240
13240 5433 7826
7826 5433 13240
11061 8109 14616
8109 11061 14616
14616 8109 11061
6213 9506 9944
9506 6213 9944
9944 6213 9506
6390 1244 3732
3732 1244 6390
1244 3732 6390
10611 5353 14310
5353 10611 14310
14310 5353 10611
13908 963 2675
2675 963 13908
963 2675 13908
6951 4536 9352
4536 6951 9352
9352 4536 6951
9750 2787 7886
2787 7886 9750
7886 2787 9750
4919 6234 14421
6234 4919 14421
14421 4919 6234
6582 1122 6496
1122 6496 6582
6496 1122 6582
4602 1066 6010
1066 4602 6010
6010 1066 4602
11063 1380 13832
1380 11063 13832
13832 1380 11063
5760 1265 14499
14499 1265 5760
1265 5760 14499
12953 2265 7658
7658 2265 12953
2265 7658 12953
8361 1889 7492
1889 7492 8361
7492 1889 8361
5739 7580 13194
13194 5739 7580
7580 5739 13194
5329 8509 11224
11224 5329 8509
8509 5329 11224
10322 3510 6641
6641 3510 10322
3510 6641 10322
12529 2719 7548
7548 2719 12529
2719 7548 12529
2772 11395 11490
11490 2772 11395
11395 2772 11490
1800 785 2672
2672 785 1800
785 1800 2672
13870 1174 10634
1174 10634 13870
10634 1174 13870
14399 9007 12280
12280 9007 14399
9007 12280 14399
11859 10260 11118
11118 10260 11859
10260 11118 11859
6603 2052 7762
7762 2052 6603
2052 6603 7762
3639 8363 13516
8363 3639 13516
13516 3639 8363
11669 357 13929
357 11669 13929
13929 357 11669
11265 5397 8485
8485 5397 11265
5397 8485 11265
9009 3037 8709
8709 3037 9009
3037 8709 9009
4611 9077 9902
9077 4611 9902
9902 4611 9077
1166 9960 12113
12113 1166 9960
9960 1166 12113
5694 4131 8956
4131 5694 8956
8956 4131 5694
10320 873 14485
873 10320 14485
14485 873 10320
11871 8447 12441
8447 11871 12441
12441 8447 11871
13108 8357 13548
13548 8357 13108
8357 13108 13548
4042 321 7419
321 4042 7419
7419 321 4042
929 1557 9905
9905 929 1557
1557 929 9905
11574 162 11186
162 11186 11574
11186 162 11574
3491 5966 10942
5966 3491 10942
10942 3491 5966
4264 4261 9630
9630 4261 4264
4261 4264 9630
1442 11855 14718
14718 1442 11855
11855 1442 14718
10761 3141 14480
3141 10761 14480
14480 3141 10761
5619 1264 3325
3325 1264 5619
1264 3325 5619
10748 10271 10456
10271 10456 10748
10456 10271 10748
2915 3474 12106
12106 2915 3474
3474 2915 12106
13205 5083 11280
11280 5083 13205
5083 11280 13205
2540 3913 14162
3913 2540 14162
14162 2540 3913
14848 4377 7895
7895 4377 14848
4377 7895 14848
10527 12939 13602
12939 10527 13602
13602 10527 12939
3004 7354 9608
9608 3004 7354
7354 3004 9608
619 4508 5491
4508 619 5491
5491 619 4508
12142 1438 1593
1438 1593 12142
1593 1438 12142
3025 7821 14698
14698 3025 7821
7821 3025 14698
8936 2606 3075
3075 2606 8936
2606 3075 8936
2293 871 3951
871 2293 3951
3951 871 2293
4193 13695 14323
13695 4193 14323
14323 4193 13695
14266 3694 9403
3694 9403 14266
9403 3694 14266
12787 654 2185
2185 654 12787
654 2185 12787
4562 12861 12930
12861 4562 12930
12930 4562 12861
4255 3286 14582
14582 3286 4255
3286 4255 14582
5432 8278 9385
8278 5432 9385
9385 5432 8278
14095 1840 2860
1840 2860 14095
2860 1840 14095
6621 11076 13498
13498 6621 11076
11076 6621 13498
391 12812 14344
12812 391 14344
14344 391 12812
415 6657 11729
6657 415 11729
11729 415 6657
1709 6609 12313
6609 1709 12313
12313 1709 6609
1569 1050 4997
1050 1569 4997
4997 1050 1569
7716 7701 12785
7701 7716 12785
12785 7701 7716
3982 9039 13212
9039 3982 13212
13212 3982 9039
9852 6516 14677
6516 9852 14677
14677 6516 9852
2385 4570 9410
4570 2385 9410
9410 2385 4570
4578 7465 9394
7465 4578 9394
9394 4578 7465
238 1245 1830
1830 238 1245
1245 238 1830
3381 750 3521
3521 750 3381
750 3381 3521
13183 6151 12782
6151 12782 13183
12782 6151 13183
4089 10554 13097
10554 4089 13097
13097 4089 10554
3133 7773 13770
13770 3133 7773
7773 3133 13770
3200 109 7082
109 3200 7082
7082 109 3200
13387 12368 13822
12368 13387 13822
13822 12368 13387
170 9482 14652
14652 170 9482
9482 170 14652
6122 1979 14724
1979 6122 14724
14724 1979 6122
13245 5794 9589
5794 9589 13245
9589 5794 13245
10820 10939 12265
10939 10820 12265
12265 10820 10939
14780 12489 14408
12489 14408 14780
14408 12489 14780
8439 1448 12247
12247 1448 8439
1448 8439 12247
1544 4434 8265
8265 1544 4434
4434 1544 8265
4820 1242 12090
12090 1242 4820
1242 4820 12090
8140 1406 7409
1406 7409 8140
7409 1406 8140
4322 5960 12774
5960 4322 12774
12774 4322 5960
12634 4823 6378
4823 6378 12634
6378 4823 12634
6918 526 8035
8035 526 6918
526 6918 8035
9028 5779 7850
7850 5779 9028
5779 7850 9028
12052 8656 13762
13762 8656 12052
8656 12052 13762
7661 5482 12452
12452 5482 7661
5482 7661 12452
3229 1984 13933
13933 1984 3229
1984 3229 13933
1833 6706 8628
8628 1833 6706
6706 1833 8628
6834 1288 13398
13398 1288 6834
1288 6834 13398
11065 6975 13525
6975 11065 13525
13525 6975 11065
7449 1239 7777
7777 1239 7449
1239 7449 7777
2995 671 7937
671 2995 7937
7937 671 2995
5328 5119 13895
5119 5328 13895
13895 5119 5328
885 947 4781
947 885 4781
4781 885 947
10783 6879 9859
9859 6879 10783
6879 9859 10783
2234 4612 14808
4612 2234 14808
14808 2234 4612
9101 2998 3742
2998 3742 9101
3742 2998 9101
10715 1798 3488
3488 1798 10715
1798 3488 10715
11217 1914 3424
3424 1914 11217
1914 3424 11217
10729 7265 9553
7265 9553 10729
9553 7265 10729
2354 52 10417
52 2354 10417
10417 52 2354
326 7284 9746
9746 326 7284
7284 326 9746
14849 3055 5807
5807 3055 14849
3055 5807 14849
5391 1697 10191
1697 5391 10191
10191 1697 5391
3417 1328 11988
1328 3417 11988
11988 1328 3417
10307 8329 10308
8329 10307 10308
10308 8329 10307
9319 835 2283
835 2283 9319
2283 835 9319
5974 2718 14638
14638 2718 5974
2718 5974 14638
13616 5301 5496
5496 5301 13616
5301 5496 13616
12372 8843 9124
8843 9124 12372
9124 8843 12372
3177 1973 8918
1973 3177 8918
8918 1973 3177
14882 5774 7976
5774 7976 14882
7976 5774 14882
1255 151 5106
151 1255 5106
5106 151 1255
14935 5420 13653
13653 5420 14935
5420 13653 14935
2769 617 8817
617 2769 8817
8817 617 2769
10918 9783 14417
14417 9783 10918
9783 10918 14417
576 12311 12661
12311 576 12661
12661 576 12311
8259 6188 13065
13065 6188 8259
6188 8259 13065
14609 1148 10847
10847 1148 14609
1148 10847 14609
14689 5429 12878
12878 5429 14689
5429 12878 14689
6274 2608 8212
2608 6274 8212
8212 2608 6274
7619 6139 9526
6139 7619 9526
9526 6139 7619
3866 6873 11916
6873 3866 11916
11916 3866 6873
6057 5836 9807
9807 5836 6057
5836 6057 9807
4431 518 4504
4504 518 4431
518 4431 4504
13685 10665 14500
14500 10665 13685
10665 13685 14500
5489 9396 9628
9396 5489 9628
9628 5489 9396
6955 768 10730
768 6955 10730
10730 768 6955
2131 5403 14966
5403 2131 14966
14966 2131 5403
12543 1000 9737
1000 9737 12543
9737 1000 12543
6537 1383 5213
1383 5213 6537
5213 1383 6537
9573 13650 14100
14100 9573 13650
13650 9573 14100
13058 5568 8496
5568 8496 13058
8496 5568 13058
7692 3137 11926
11926 3137 7692
3137 7692 11926
4825 9796 11622
11622 4825 9796
9796 4825 11622
13435 11770 12458
11770 12458 13435
12458 11770 13435
3881 1819 8646
8646 1819 3881
1819 3881 8646
4005 8224 10891
8224 4005 10891
10891 4005 8224
9503 6005 12306
6005 9503 12306
12306 6005 9503
7346 7035 9092
7035 7346 9092
9092 7035 7346
6456 393 4677
393 4677 6456
4677 393 6456
13459 3722 12602
3722 12602 13459
12602 3722 13459
1 8689 8966
8966 1 8689
8689 1 8966
14355 8308 12650
8308 12650 14355
12650 8308 14355
9514 744 8821
8821 744 9514
744 8821 9514
14694 7842 14729
7842 14694 14729
14729 7842 14694
13901 12705 12814
12814 12705 13901
12705 12814 13901
1392 5914 14150
5914 1392 14150
14150 1392 5914
8576 389 5212
5212 389 8576
389 5212 8576
13957 6912 7303
6912 7303 13957
7303 6912 13957
12526 4965 14552
14552 4965 12526
4965 12526 14552
9386 738 12989
738 9386 12989
12989 738 9386
2204 8200 11397
8200 2204 11397
11397 2204 8200
14263 4638 14623
4638 14263 14623
14623 4638 14263
1096 2040 12731
2040 1096 12731
12731 1096 2040
385 6180 7139
7139 385 6180
6180 385 7139
12345 13280 14271
13280 12345 14271
14271 12345 13280
13396 658 12869
12869 658 13396
658 12869 13396
2996 121 6115
121 2996 6115
6115 121 2996
980 6283 8378
6283 980 8378
8378 980 6283
5366 9303 10156
10156 5366 9303
9303 5366 10156
5054 7980 8572
8572 5054 7980
7980 5054 8572
9376 760 3706
3706 760 9376
760 3706 9376
6109 10000 13013
13013 6109 10000
10000 6109 13013
12467 2749 7161
2749 7161 12467
7161 2749 12467
2682 6592 9805
9805 2682 6592
6592 2682 9805
13726 76 8214
76 8214 13726
8214 76 13726
8970 12050 14144
12050 8970 14144
14144 8970 12050
2145 3043 10739
10739 2145 3043
3043 2145 10739
2932 3335 12708
12708 2932 3335
3335 2932 12708
414 14130 14659
14130 414 14659
14659 414 14130
8548 5317 7639
5317 7639 8548
7639 5317 8548
1291 10564 13149
13149 1291 10564
10564 1291 13149
9934 7057 13443
13443 7057 9934
7057 9934 13443
4091 3120 14969
3120 4091 14969
14969 3120 4091
5679 792 11390
11390 792 5679
792 5679 11390
12305 4115 12534
12534 4115 12305
4115 12305 12534
3859 4058 7809
7809 3859 4058
4058 3859 7809
8422 539 9901
9901 539 8422
539 8422 9901
7738 235 7053
7053 235 7738
235 7053 7738
5296 1276 9648
9648 1276 5296
1276 5296 9648
10380 10236 11955
11955 10236 10380
10236 10380 11955
11365 846 11666
846 11365 11666
11666 846 11365
5276 4745 7954
4745 5276 7954
7954 4745 5276
7632 1058 5689
5689 1058 7632
1058 5689 7632
5643 9177 13877
9177 5643 13877
13877 5643 9177
4324 4809 7896
7896 4324 4809
4809 4324 7896
7259 7390 9305
7390 7259 9305
9305 7259 7390
4259 13419 14119
13419 4259 14119
14119 4259 13419
7814 4368 12079
4368 7814 12079
12079 4368 7814
4112 688 2695
2695 688 4112
688 2695 4112
2082 529 1890
529 1890 2082
1890 529 2082
14945 8318 10186
8318 10186 14945
10186 8318 14945
9120 4049 13330
13330 4049 9120
4049 9120 13330
6872 4429 4467
4429 4467 6872
4467 4429 6872
13403 9145 12022
9145 12022 13403
12022 9145 13403
8781 4023 8317
4023 8317 8781
8317 4023 8781
1760 3289 11167
3289 1760 11167
11167 1760 3289
14251 2546 2923
2546 2923 14251
2923 2546 14251
14527 13324 14812
14812 13324 14527
13324 14527 14812
13563 6324 12150
6324 12150 13563
12150 6324 13563
13291 8103 10441
10441 8103 13291
8103 10441 13291
13207 7523 14620
7523 13207 14620
14620 7523 13207
7982 5092 11915
11915 5092 7982
5092 7982 11915
10203 2871 7041
2871 7041 10203
7041 2871 10203
1417 4378 14350
14350 1417 4378
4378 1417 14350
13057 1403 1727
1727 1403 13057
1403 1727 13057
7326 4649 8685
8685 4649 7326
4649 7326 8685
7262 398 6257
398 6257 7262
6257 398 7262
1864 3060 10851
10851 1864 3060
3060 1864 10851
1272 2421 10272
10272 1272 2421
2421 1272 10272
7735 8616 13596
13596 7735 8616
8616 7735 13596
1785 3000 6729
6729 1785 3000
3000 1785 6729
5431 6023 11553
6023 5431 11553
11553 5431 6023
8776 1486 9641
9641 1486 8776
1486 8776 9641
2084 2577 12100
12100 2084 2577
2577 2084 12100
735 2678 3554
2678 735 3554
3554 735 2678
14074 685 6171
685 6171 14074
6171 685 14074
3947 1982 12512
1982 3947 12512
12512 1982 3947
6329 2607 3333
2607 3333 6329
3333 2607 6329
7823 6488 9404
9404 6488 7823
6488 7823 9404
6457 3998 9780
3998 6457 9780
9780 3998 6457
12821 2154 11987
11987 2154 12821
2154 11987 12821
12651 1498 9999
9999 1498 12651
1498 9999 12651
7282 10194 11031
10194 7282 11031
11031 7282 10194
4465 4993 13250
13250 4465 4993
4993 4465 13250
8130 5735 9204
9204 5735 8130
5735 8130 9204
9740 9751 11156
11156 9740 9751
9751 9740 11156
2809 12605 12789
12789 2809 12605
12605 2809 12789
913 2299 11046
11046 913 2299
2299 913 11046
6088 1854 7694
7694 1854 6088
1854 6088 7694
4739 2942 7964
2942 4739 7964
7964 2942 4739
3926 2872 4923
2872 3926 4923
4923 2872 3926
451 12753 14373
12753 451 14373
14373 451 12753
2734 1127 5982
1127 2734 5982
5982 1127 2734
10101 11038 13209
13209 10101 11038
11038 10101 13209
14997 442 4018
442 4018 14997
4018 442 14997
656 269 334
334 269 656
269 334 656
5196 2340 4731
2340 4731 5196
4731 2340 5196
8754 649 12667
649 8754 12667
12667 649 8754
6236 7818 13039
13039 6236 7818
7818 6236 13039
13644 9390 10932
10932 9390 13644
9390 10932 13644
10681 2756 14014
2756 10681 14014
14014 2756 10681
9797 9521 12120
12120 9521 9797
9521 9797 12120
3852 2714 11674
2714 3852 11674
11674 2714 3852
4543 11240 13385
13385 4543 11240
11240 4543 13385
6826 5146 14220
5146 6826 14220
14220 5146 6826
14300 11597 12069
11597 12069 14300
12069 11597 14300
13392 3831 11215
3831 11215 13392
11215 3831 13392
2363 3908 11128
11128 2363 3908
3908 2363 11128
9741 845 1945
1945 845 9741
845 1945 9741
6245 4165 10483
10483 4165 6245
4165 6245 10483
6209 4764 9471
9471 4764 6209
4764 6209 9471
6818 3349 3664
3349 3664 6818
3664 3349 6818
3332 6602 10508
6602 3332 10508
10508 3332 6602
5581 1677 12919
12919 1677 5581
1677 5581 12919
5693 5358 12129
12129 5358 5693
5358 5693 12129
166 182 10659
10659 166 182
182 166 10659
4098 11839 12969
11839 4098 12969
12969 4098 11839
7923 2168 11374
2168 7923 11374
11374 2168 7923
2817 11116 12309
12309 2817 11116
11116 2817 12309
14120 5657 14478
14478 5657 14120
5657 14120 14478
1192 5251 11209
11209 1192 5251
5251 1192 11209
3754 1938 6676
6676 1938 3754
1938 3754 6676
2958 3304 9915
3304 2958 9915
9915 2958 3304
2090 6253 12904
12904 2090 6253
6253 2090 12904
3002 240 8081
8081 240 3002
240 3002 8081
7386 5105 13045
13045 5105 7386
5105 7386 13045
6715 10485 14637
14637 6715 10485
10485 6715 14637
7051 7543 10183
10183 7051 7543
7543 7051 10183
12703 10684 11840
11840 10684 12703
10684 11840 12703
14664 5671 9168
5671 9168 14664
9168 5671 14664
12896 8692 13809
8692 12896 13809
13809 8692 12896
3922 11656 11904
11904 3922 11656
11656 3922 11904
13434 3469 12880
12880 3469 13434
3469 12880 13434
3759 10008 11160
11160 3759 10008
10008 3759 11160
3743 7749 7911
7911 3743 7749
7749 3743 7911
11912 9486 12203
12203 9486 11912
9486 11912 12203
11984 4728 6521
4728 6521 11984
6521 4728 11984
6790 3465 13552
3465 6790 13552
13552 3465 6790
6864 10 13926
13926 10 6864
10 6864 13926
14752 4251 4884
4251 4884 14752
4884 4251 14752
3819 3901 12756
3901 3819 12756
12756 3819 3901
8940 3934 8264
8264 3934 8940
3934 8264 8940
1736 6100 10180
6100 1736 10180
10180 1736 6100
10726 11889 12645
11889 10726 12645
12645 10726 11889
14599 5202 6511
6511 5202 14599
5202 6511 14599
2411 309 5081
309 2411 5081
5081 309 2411
8402 2016 13955
2016 8402 13955
13955 2016 8402
12490 5944 13083
5944 12490 13083
13083 5944 12490
14854 8148 12015
8148 12015 14854
12015 8148 14854
14063 1878 14679
1878 14063 14679
14679 1878 14063
4447 253 11833
253 4447 11833
11833 253 4447
13995 7750 8042
8042 7750 13995
7750 8042 13995
9347 1056 7576
7576 1056 9347
1056 7576 9347
5917 5206 14541
5206 5917 14541
14541 5206 5917
7019 2788 12924
2788 7019 12924
12924 2788 7019
14202 2032 13629
2032 13629 14202
13629 2032 14202
2399 9502 12166
9502 2399 12166
12166 2399 9502
14334 2177 14642
2177 14334 14642
14642 2177 14334
7506 11820 14488
11820 7506 14488
14488 7506 11820
10278 4872 12915
12915 4872 10278
4872 10278 12915
12840 9793 14079
9793 12840 14079
14079 9793 12840
3447 3826 8789
8789 3447 3826
3826 3447 8789
11635 6703 12996
6703 11635 12996
12996 6703 11635
186 8588 11370
11370 186 8588
8588 186 11370
12195 6278 6678
6678 6278 12195
6278 6678 12195
4436 2469 9838
9838 2469 4436
2469 4436 9838
2869 91 11145
11145 91 2869
91 2869 11145
12780 7801 10040
10040 7801 12780
7801 10040 12780
11396 4102 6689
6689 4102 11396
4102 6689 11396
13331 7990 9989
7990 9989 13331
9989 7990 13331
4887 8403 9764
9764 4887 8403
8403 4887 9764
10434 824 9063
9063 824 10434
824 9063 10434
3428 5148 11677
11677 3428 5148
5148 3428 11677
5918 2088 6106
6106 2088 5918
2088 5918 6106
10854 9304 11725
11725 9304 10854
9304 10854 11725
9653 10707 11087
11087 9653 10707
10707 9653 11087
13977 2730 9286
2730 9286 13977
9286 2730 13977
7657 12443 14983
12443 7657 14983
14983 7657 12443
9209 11517 11777
11777 9209 11517
11517 9209 11777
1810 2661 5395
5395 1810 2661
2661 1810 5395
5255 9799 11629
9799 5255 11629
11629 5255 9799
13345 8849 11846
11846 8849 13345
8849 11846 13345
13047 8498 10041
8498 10041 13047
10041 8498 13047
10674 11216 14607
14607 10674 11216
11216 10674 14607
7042 922 1873
1873 922 7042
922 1873 7042
2433 7148 11297
7148 2433 11297
11297 2433 7148
8791 5655 9556
9556 5655 8791
5655 8791 9556
13062 2780 14957
2780 13062 14957
14957 2780 13062
10356 12742 12981
12981 10356 12742
12742 10356 12981
3606 6348 14096
14096 3606 6348
6348 3606 14096
764 2992 5497
5497 764 2992
2992 764 5497
4579 4472 14964
4472 4579 14964
14964 4472 4579
2457 1117 11310
11310 1117 2457
1117 2457 11310
14156 693 2793
2793 693 14156
693 2793 14156
203 2418 8688
2418 203 8688
8688 203 2418
2909 2808 13748
2808 2909 13748
13748 2808 2909
4593 2665 6585
2665 4593 6585
6585 2665 4593
7135 6673 14338
14338 6673 7135
6673 7135 14338
3841 622 8637
622 3841 8637
8637 622 3841
5309 6335 7552
6335 5309 7552
7552 5309 6335
5766 1681 12754
1681 5766 12754
12754 1681 5766
3627 2732 14937
14937 2732 3627
2732 3627 14937
10661 9550 14501
14501 9550 10661
9550 10661 14501
4418 7485 8122
7485 4418 8122
8122 4418 7485
9894 13326 14632
13326 9894 14632
14632 9894 13326
14468 3019 3549
3019 3549 14468
3549 3019 14468
12625 6469 9914
6469 9914 12625
9914 6469 12625
9112 793 5053
793 5053 9112
5053 793 9112
4317 8878 10916
8878 4317 10916
10916 4317 8878
8759 6176 8493
8493 6176 8759
6176 8493 8759
12300 9981 11763
11763 9981 12300
9981 11763 12300
5907 2146 11914
11914 2146 5907
2146 5907 11914
2700 9291 13817
13817 2700 9291
9291 2700 13817
3379 8583 14980
14980 3379 8583
8583 3379 14980
3482 639 13585
13585 639 3482
639 3482 13585
11335 4314 4729
4729 4314 11335
4314 4729 11335
4843 8892 12175
8892 4843 12175
12175 4843 8892
9851 11068 14704
11068 9851 14704
14704 9851 11068
8263 12882 14910
12882 8263 14910
14910 8263 12882
9283 11942 14929
14929 9283 11942
11942 9283 14929
13390 1797 12532
12532 1797 13390
1797 12532 13390
1622 9485 14795
9485 1622 14795
14795 1622 9485
5552 10686 14669
10686 5552 14669
14669 5552 10686
3109 2490 2832
2490 2832 3109
2832 2490 3109
9863 7310 7430
7310 7430 9863
7430 7310 9863
5225 932 13284
932 5225 13284
13284 932 5225
2866 2945 5430
5430 2866 2945
2945 2866 5430
9314 4551 8117
8117 4551 9314
4551 8117 9314
4520 118 7996
118 4520 7996
7996 118 4520
10142 4577 13706
13706 4577 10142
4577 10142 13706
7757 5035 8717
5035 7757 8717
8717 5035 7757
10996 827 12759
12759 827 10996
827 10996 12759
4012 14319 14775
14775 4012 14319
14319 4012 14775
14466 4855 6219
6219 4855 14466
4855 6219 14466
604 7031 9383
9383 604 7031
7031 604 9383
3248 264 6275
264 3248 6275
6275 264 3248
14788 788 14025
14025 788 14788
788 14025 14788
9285 3644 5565
5565 3644 9285
3644 5565 9285
8138 6223 9217
9217 6223 8138
6223 8138 9217
5598 3604 14273
14273 3604 5598
3604 5598 14273
1218 3374 5662
3374 1218 5662
5662 1218 3374
272 4374 7117
7117 272 4374
4374 272 7117
14923 1171 13279
1171 13279 14923
13279 1171 14923
6164 8589 13160
13160 6164 8589
8589 6164 13160
11545 4588 7006
7006 4588 11545
4588 7006 11545
3328 2590 9178
9178 2590 3328
2590 3328 9178
2369 2180 4836
4836 2180 2369
2180 2369 4836
9172 4895 10188
4895 9172 10188
10188 4895 9172
11452 1860 12483
12483 1860 11452
1860 11452 12483
12336 2715 8850
8850 2715 12336
2715 8850 12336
7175 8530 12971
12971 7175 8530
8530 7175 12971
1794 6090 9290
9290 1794 6090
6090 1794 9290
7027 10357 11115
10357 7027 11115
11115 7027 10357
14151 5145 6449
6449 5145 14151
5145 6449 14151
4047 5551 10768
5551 4047 10768
10768 4047 5551
1336 417 572
417 572 1336
572 417 1336
10145 14348 14864
14864 10145 14348
14348 10145 14864
13157 4380 5544
5544 4380 13157
4380 5544 13157
10298 1931 4417
4417 1931 10298
1931 4417 10298
11404 2600 12676
2600 11404 12676
12676 2600 11404
4696 11587 14241
11587 4696 14241
14241 4696 11587
7605 1880 4550
4550 1880 7605
1880 4550 7605
12173 7567 13605
13605 7567 12173
7567 12173 13605
8672 12430 12696
12430 8672 12696
12696 8672 12430
12740 5114 6448
6448 5114 12740
5114 6448 12740
4479 2975 4214
2975 4214 4479
4214 2975 4479
7482 864 8240
8240 864 7482
864 7482 8240
9844 7971 14125
14125 7971 9844
7971 9844 14125
2484 80 10853
80 2484 10853
10853 80 2484
7633 11907 12365
11907 7633 12365
12365 7633 11907
10407 1587 14011
14011 1587 10407
1587 10407 14011
4841 5897 10880
5897 4841 10880
10880 4841 5897
4389 1095 10801
10801 1095 4389
1095 4389 10801
1389 193 3062
193 1389 3062
3062 193 1389
4129 1715 14542
1715 4129 14542
14542 1715 4129
4844 2563 5013
5013 2563 4844
2563 4844 5013
14894 9108 11203
11203 9108 14894
9108 11203 14894
356 3166 9126
9126 356 3166
3166 356 9126
13023 13148 14458
14458 13023 13148
13148 13023 14458
14261 1228 8523
8523 1228 14261
1228 8523 14261
10864 501 10558
501 10558 10864
10558 501 10864
11073 531 11636
11636 531 11073
531 11073 11636
1922 1762 3282
1762 1922 3282
3282 1762 1922
12006 3978 14227
14227 3978 12006
3978 12006 14227
8092 459 5916
459 5916 8092
5916 459 8092
6546 9418 14509
14509 6546 9418
9418 6546 14509
2062 7847 8911
7847 2062 8911
8911 2062 7847
3536 3388 12669
12669 3388 3536
3388 3536 12669
5613 5477 11885
5477 5613 11885
11885 5477 5613
13142 7539 7869
7539 7869 13142
7869 7539 13142
10173 6510 12527
12527 6510 10173
6510 10173 12527
7924 3012 13621
3012 7924 13621
13621 3012 7924
13682 3128 8094
3128 8094 13682
8094 3128 13682
10379 376 396
376 396 10379
396 376 10379
6323 418 12807
12807 418 6323
418 6323 12807
14081 1668 13755
13755 1668 14081
1668 13755 14081
6153 2466 8156
2466 6153 8156
8156 2466 6153
1817 4363 8340
8340 1817 4363
4363 1817 8340
13936 1791 9487
1791 9487 13936
9487 1791 13936
14050 2 1452
2 1452 14050
1452 2 14050
12096 2907 7656
7656 2907 12096
2907 7656 12096
13835 4027 12712
12712 4027 13835
4027 12712 13835
12194 729 5757
5757 729 12194
729 5757 12194
2141 6227 11716
6227 2141 11716
11716 2141 6227
6471 2854 9081
2854 6471 9081
9081 2854 6471
3144 10570 13983
10570 3144 13983
13983 3144 10570
11948 4793 12183
12183 4793 11948
4793 11948 12183
10347 3974 9916
9916 3974 10347
3974 9916 10347
5040 651 9834
651 5040 9834
9834 651 5040
4000 302 3238
3238 302 4000
302 3238 4000
1536 1708 12593
12593 1536 1708
1708 1536 12593
5382 9425 10412
9425 5382 10412
10412 5382 9425
9433 10842 13517
13517 9433 10842
10842 9433 13517
5781 13305 13848
13305 5781 13848
13848 5781 13305
11319 1229 7642
7642 1229 11319
1229 7642 11319
7226 8328 12992
12992 7226 8328
8328 7226 12992
3439 10697 14588
14588 3439 10697
10697 3439 14588
1356 4743 6890
6890 1356 4743
4743 1356 6890
11751 1487 2240
2240 1487 11751
1487 2240 11751
3984 10026 10818
10818 3984 10026
10026 3984 10818
10058 7315 12204
12204 7315 10058
7315 10058 12204
3494 2941 10883
2941 3494 10883
10883 2941 3494
12495 3059 4308
3059 4308 12495
4308 3059 12495
10321 5175 10994
10994 5175 10321
5175 10321 10994
11004 354 6202
354 6202 11004
6202 354 11004
2855 5572 7380
5572 2855 7380
7380 2855 5572
4963 1416 2243
2243 1416 4963
1416 2243 4963
4691 11745 13204
13204 4691 11745
11745 4691 13204
6903 7045 7234
7045 6903 7234
7234 6903 7045
1731 1140 13262
13262 1140 1731
1140 1731 13262
9926 4475 5768
5768 4475 9926
4475 5768 9926
4902 4556 9836
4556 4902 9836
9836 4556 4902
11411 12099 13256
13256 11411 12099
12099 11411 13256
12101 9079 9558
9079 9558 12101
9558 9079 12101
9947 6884 14321
6884 9947 14321
14321 6884 9947
12833 3376 9876
3376 9876 12833
9876 3376 12833
9965 1277 1933
1277 1933 9965
1933 1277 9965
8811 3674 6287
6287 3674 8811
3674 6287 8811
1710 5698 12391
12391 1710 5698
5698 1710 12391
731 1639 6590
6590 731 1639
1639 731 6590
2550 9565 10725
9565 2550 10725
10725 2550 9565
7154 1412 1827
1412 1827 7154
1827 1412 7154
12766 445 8768
445 8768 12766
8768 445 12766
10614 12552 13338
12552 10614 13338
13338 10614 12552
4557 7137 12870
12870 4557 7137
7137 4557 12870
9537 2959 12193
12193 2959 9537
2959 9537 12193
616 10972 11721
10972 616 11721
11721 616 10972
3931 2918 10387
10387 2918 3931
2918 3931 10387
8644 9752 11838
9752 8644 11838
11838 8644 9752
14442 2846 4503
2846 4503 14442
4503 2846 14442
3263 8666 10345
10345 3263 8666
8666 3263 10345
5600 3233 13719
13719 3233 5600
3233 5600 13719
3837 2352 9917
2352 3837 9917
9917 2352 3837
4756 2420 13883
13883 2420 4756
2420 4756 13883
9237 4784 13872
4784 9237 13872
13872 4784 9237
1371 6651 9044
9044 1371 6651
6651 1371 9044
678 12083 13372
13372 678 12083
12083 678 13372
4532 11933 13893
11933 4532 13893
13893 4532 11933
9725 550 11468
11468 550 9725
550 9725 11468
7831 10691 14979
14979 7831 10691
10691 7831 14979
2519 7793 10146
7793 2519 10146
10146 2519 7793
2119 4935 8508
8508 2119 4935
4935 2119 8508
1320 4692 5436
5436 1320 4692
4692 1320 5436
7517 3585 10947
3585 7517 10947
10947 3585 7517
14777 5559 8084
5559 8084 14777
8084 5559 14777
4037 4191 12868
12868 4037 4191
4191 4037 12868
2847 3612 6630
6630 2847 3612
3612 2847 6630
13909 975 1063
1063 975 13909
975 1063 13909
9717 1254 14037
14037 1254 9717
1254 9717 14037
2295 2905 4072
4072 2295 2905
2905 2295 4072
12070 8036 9961
9961 8036 12070
8036 9961 12070
5115 13811 14871
14871 5115 13811
13811 5115 14871
1305 13905 14514
13905 1305 14514
14514 1305 13905
14351 13407 13853
13407 13853 14351
13853 13407 14351
832 2514 11495
11495 832 2514
2514 832 11495
10297 9146 11020
11020 9146 10297
9146 10297 11020
9470 9522 12249
12249 9470 9522
9522 9470 12249
14103 641 7438
641 7438 14103
7438 641 14103
5072 2631 7837
7837 2631 5072
2631 5072 7837
490 3323 11646
3323 490 11646
11646 490 3323
1919 6169 11129
11129 1919 6169
6169 1919 11129
2198 4281 10706
4281 2198 10706
10706 2198 4281
3874 3121 10200
10200 3121 3874
3121 3874 10200
2974 4476 14658
14658 2974 4476
4476 2974 14658
7526 1625 7476
7476 1625 7526
1625 7476 7526
13527 1178 4928
1178 4928 13527
4928 1178 13527
4010 892 4015
892 4010 4015
4015 892 4010
2183 990 10401
10401 990 2183
990 2183 10401
317 8611 11195
8611 317 11195
11195 317 8611
1223 4968 6302
4968 1223 6302
6302 1223 4968
11427 4865 9333
9333 4865 11427
4865 9333 11427
4947 3794 5748
5748 3794 4947
3794 4947 5748
3111 2497 5325
2497 3111 5325
5325 2497 3111
12421 7168 9223
9223 7168 12421
7168 9223 12421
6247 3247 10057
3247 6247 10057
10057 3247 6247
8723 8780 13476
13476 8723 8780
8780 8723 13476
4041 3361 4674
4674 3361 4041
3361 4041 4674
1915 1501 10877
1501 1915 10877
10877 1501 1915
8979 537 7908
537 7908 8979
7908 537 8979
12159 5567 6261
5567 6261 12159
6261 5567 12159
8133 10223 14891
10223 8133 14891
14891 8133 10223
6205 3886 13690
3886 6205 13690
13690 3886 6205
5350 5339 10473
10473 5339 5350
5339 5350 10473
9006 7545 10751
10751 7545 9006
7545 9006 10751
1611 44 5758
44 1611 5758
5758 44 1611
9822 1317 3766
3766 1317 9822
1317 3766 9822
14874 10402 10732
10732 10402 14874
10402 10732 14874
5271 883 13437
883 5271 13437
13437 883 5271
1892 2051 4898
2051 1892 4898
4898 1892 2051
2906 6266 6363
6266 2906 6363
6363 2906 6266
14454 2811 7274
7274 2811 14454
2811 7274 14454
7778 6350 12433
12433 6350 7778
6350 7778 12433
9135 1398 13535
1398 9135 13535
13535 1398 9135
9714 7032 9889
9889 7032 9714
7032 9714 9889
606 6643 14057
14057 606 6643
6643 606 14057
2875 6014 12453
6014 2875 12453
12453 2875 6014
5646 4857 7928
7928 4857 5646
4857 5646 7928
3280 4839 9739
4839 3280 9739
9739 3280 4839
7979 918 11362
11362 918 7979
918 7979 11362
12734 3720 6833
3720 6833 12734
6833 3720 12734
3710 2856 5318
2856 3710 5318
5318 2856 3710
10526 1942 11834
11834 1942 10526
1942 10526 11834
6604 7406 11513
7406 6604 11513
11513 6604 7406
11856 919 7258
919 7258 11856
7258 919 11856
237 6925 9212
6925 237 9212
9212 237 6925
7436 5279 13028
5279 7436 13028
13028 5279 7436
4738 9963 14755
9963 4738 14755
14755 4738 9963
9149 12418 13791
12418 9149 13791
13791 9149 12418
4907 4587 13167
4587 4907 13167
13167 4587 4907
6280 4132 13782
4132 6280 13782
13782 4132 6280
11096 6444 7340
7340 6444 11096
6444 7340 11096
14476 4199 13849
13849 4199 14476
4199 13849 14476
3353 3569 11340
3569 3353 11340
11340 3353 3569
11924 10097 14630
10097 11924 14630
14630 10097 11924
5595 5449 10752
10752 5449 5595
5449 5595 10752
1763 4782 10152
10152 1763 4782
4782 1763 10152
9940 5290 7755
5290 7755 9940
7755 5290 9940
14778 3423 14851
14851 3423 14778
3423 14778 14851
1226 2706 4206
2706 1226 4206
4206 1226 2706
7350 9634 11324
9634 7350 11324
11324 7350 9634
2116 5951 10755
10755 2116 5951
5951 2116 10755
12061 11295 12033
12033 11295 12061
11295 12033 12061
5190 405 1378
1378 405 5190
405 1378 5190
14152 9770 9831
9770 9831 14152
