11767 79748 100019
79748 11767 100019
100019 11767 79748
62473 19525 66027
19525 62473 66027
66027 19525 62473
130234 6105 120191
6105 120191 130234
120191 6105 130234
97941 28525 39798
39798 28525 97941
28525 39798 97941
18609 226 37512
37512 226 18609
226 18609 37512
113739 92867 118105
118105 92867 113739
92867 113739 118105
70907 10342 42769
42769 10342 70907
10342 42769 70907
131258 45588 95270
95270 45588 131258
45588 95270 131258
64286 47081 79840
47081 64286 79840
79840 47081 64286
147591 88255 123640
88255 123640 147591
123640 88255 147591
136046 1320 23527
23527 1320 136046
1320 23527 136046
44275 54957 113205
54957 44275 113205
113205 44275 54957
69237 81392 111256
111256 69237 81392
81392 69237 111256
45571 19810 30167
19810 30167 45571
30167 19810 45571
136848 104866 137309
137309 104866 136848
104866 136848 137309
33545 65637 110089
110089 33545 65637
65637 33545 110089
77220 35273 147645
35273 77220 147645
147645 35273 77220
5505 113076 131839
113076 5505 131839
131839 5505 113076
56110 13065 45752
45752 13065 56110
13065 45752 56110
62255 148093 149496
149496 62255 148093
148093 62255 149496
81599 4124 69126
4124 69126 81599
69126 4124 81599
54690 39429 45582
39429 45582 54690
45582 39429 54690
127835 9595 69197
69197 9595 127835
9595 69197 127835
148639 15666 109846
15666 109846 148639
109846 15666 148639
5788 80599 107367
80599 5788 107367
107367 5788 80599
3572 101835 118972
118972 3572 101835
101835 3572 118972
62192 45224 119050
119050 45224 62192
45224 62192 119050
47614 43896 118775
118775 43896 47614
43896 47614 118775
145511 44761 79452
79452 44761 145511
44761 79452 145511
40378 1834 31977
31977 1834 40378
1834 31977 40378
141709 36573 65316
65316 36573 141709
36573 65316 141709
143619 96209 149817
96209 143619 149817
149817 96209 143619
16855 36172 54590
36172 16855 54590
54590 16855 36172
141222 1749 32769
32769 1749 141222
1749 32769 141222
116468 51213 70679
70679 51213 116468
51213 70679 116468
28419 93302 133789
93302 28419 133789
133789 28419 93302
87914 61612 80669
61612 80669 87914
80669 61612 87914
34507 86889 131668
86889 34507 131668
131668 34507 86889
91256 45167 47908
47908 45167 91256
45167 47908 91256
72226 30536 126778
30536 72226 126778
126778 30536 72226
121461 15973 30730
15973 30730 121461
30730 15973 121461
99412 128918 144301
128918 99412 144301
144301 99412 128918
9037 40651 103288
103288 9037 40651
40651 9037 103288
41171 62844 83369
62844 41171 83369
83369 41171 62844
121113 97405 109648
109648 97405 121113
97405 109648 121113
70513 68796 111013
68796 70513 111013
111013 68796 70513
79729 92924 133892
133892 79729 92924
92924 79729 133892
29762 173 101759
101759 173 29762
173 29762 101759
67805 17957 144049
144049 17957 67805
17957 67805 144049
3413 36111 108985
36111 3413 108985
108985 3413 36111
120689 76684 138559
138559 76684 120689
76684 120689 138559
123466 100618 148072
100618 123466 148072
148072 100618 123466
42627 31461 126003
31461 42627 126003
126003 31461 42627
116979 58982 137183
58982 116979 137183
137183 58982 116979
53275 81512 145652
145652 53275 81512
81512 53275 145652
57082 73465 136498
73465 57082 136498
136498 57082 73465
19646 5031 43739
5031 19646 43739
43739 5031 19646
71088 18148 97312
18148 71088 97312
97312 18148 71088
137868 8098 121553
121553 8098 137868
8098 121553 137868
32279 112944 130221
130221 32279 112944
112944 32279 130221
9953 35854 72935
35854 9953 72935
72935 9953 35854
68947 27283 46637
27283 46637 68947
46637 27283 68947
58334 60533 136321
60533 58334 136321
136321 58334 60533
43364 32819 88445
32819 43364 88445
88445 32819 43364
90079 7168 68684
7168 68684 90079
68684 7168 90079
13765 57395 119598
57395 13765 119598
119598 13765 57395
54924 7870 129603
129603 7870 54924
7870 54924 129603
127602 50458 96826
50458 96826 127602
96826 50458 127602
27489 54262 88353
88353 27489 54262
54262 27489 88353
18009 92226 98147
92226 18009 98147
98147 18009 92226
60549 35507 123751
123751 35507 60549
35507 60549 123751
92216 27636 68699
27636 68699 92216
68699 27636 92216
119554 55608 87118
87118 55608 119554
55608 87118 119554
79754 26168 126477
26168 79754 126477
126477 26168 79754
112517 8758 64229
64229 8758 112517
8758 64229 112517
141342 84560 110276
110276 84560 141342
84560 110276 141342
98174 60272 68502
68502 60272 98174
60272 68502 98174
116699 71164 118599
71164 116699 118599
118599 71164 116699
4007 5758 118483
118483 4007 5758
5758 4007 118483
94130 132704 144810
132704 94130 144810
144810 94130 132704
60117 35472 99142
35472 60117 99142
99142 35472 60117
117564 47991 64473
64473 47991 117564
47991 64473 117564
136845 10233 54264
10233 54264 136845
54264 10233 136845
24179 30134 84316
30134 24179 84316
84316 24179 30134
143489 31965 98845
98845 31965 143489
31965 98845 143489
116961 101145 108827
101145 108827 116961
108827 101145 116961
123768 143553 147343
143553 123768 147343
147343 123768 143553
64652 104942 108351
104942 64652 108351
108351 64652 104942
143118 38393 112920
38393 112920 143118
112920 38393 143118
39435 14930 108761
108761 14930 39435
14930 39435 108761
119037 18278 134699
18278 119037 134699
134699 18278 119037
111076 15169 64230
15169 64230 111076
64230 15169 111076
75486 69800 118892
69800 75486 118892
118892 69800 75486
81031 110466 122507
122507 81031 110466
110466 81031 122507
95574 42156 140712
42156 95574 140712
140712 42156 95574
129991 58139 80817
58139 80817 129991
80817 58139 129991
46805 81277 89992
81277 46805 89992
89992 46805 81277
105190 13915 94624
13915 94624 105190
94624 13915 105190
72729 39551 115038
39551 72729 115038
115038 39551 72729
67779 35124 114279
114279 35124 67779
35124 67779 114279
120749 27985 135617
135617 27985 120749
27985 120749 135617
109941 17422 121781
17422 109941 121781
121781 17422 109941
3883 32596 67239
32596 3883 67239
67239 3883 32596
68910 99242 149421
99242 68910 149421
149421 68910 99242
14146 57145 104757
57145 14146 104757
104757 14146 57145
122101 71553 130759
130759 71553 122101
71553 122101 130759
79711 63567 74516
74516 63567 79711
63567 74516 79711
107051 50626 87443
50626 87443 107051
87443 50626 107051
104404 20224 121891
20224 104404 121891
121891 20224 104404
10189 96748 137521
96748 10189 137521
137521 10189 96748
68939 26366 28484
26366 28484 68939
28484 26366 68939
105468 65967 131374
65967 105468 131374
131374 65967 105468
31125 60779 70112
60779 31125 70112
70112 31125 60779
32014 10513 101452
101452 10513 32014
10513 32014 101452
44130 3419 116955
3419 44130 116955
116955 3419 44130
95544 103128 131841
131841 95544 103128
103128 95544 131841
83028 63344 118369
63344 83028 118369
118369 63344 83028
128148 132438 140107
140107 128148 132438
132438 128148 140107
97802 24964 79318
79318 24964 97802
24964 79318 97802
57971 57767 59155
57767 57971 59155
59155 57767 57971
6671 15232 63305
15232 6671 63305
63305 6671 15232
59888 20324 70942
20324 59888 70942
70942 20324 59888
95781 45089 95979
95979 45089 95781
45089 95781 95979
53479 93223 112628
93223 53479 112628
112628 53479 93223
5893 31441 33632
31441 5893 33632
33632 5893 31441
12597 47014 115436
47014 12597 115436
115436 12597 47014
73873 27428 68926
27428 68926 73873
68926 27428 73873
35700 92574 116918
92574 35700 116918
116918 35700 92574
120537 46034 77117
77117 46034 120537
46034 77117 120537
42025 19864 41995
41995 19864 42025
19864 41995 42025
111994 84691 135475
135475 84691 111994
84691 111994 135475
115034 91237 139958
139958 91237 115034
91237 115034 139958
49553 19681 114787
114787 19681 49553
19681 49553 114787
49238 13486 106376
106376 13486 49238
13486 49238 106376
45031 32883 104189
104189 32883 45031
32883 45031 104189
46671 64884 68149
68149 46671 64884
64884 46671 68149
44869 10024 114369
10024 44869 114369
114369 10024 44869
112668 86486 87682
87682 86486 112668
86486 87682 112668
123648 33066 140689
33066 123648 140689
140689 33066 123648
109281 47990 91368
47990 91368 109281
91368 47990 109281
119811 104506 125046
104506 119811 125046
125046 104506 119811
119791 38260 106739
38260 106739 119791
106739 38260 119791
78556 76992 82438
82438 76992 78556
76992 78556 82438
86791 9864 19398
9864 19398 86791
19398 9864 86791
60833 67422 127667
127667 60833 67422
67422 60833 127667
109688 96361 115575
96361 109688 115575
115575 96361 109688
70081 21961 136663
21961 70081 136663
136663 21961 70081
69062 61245 91802
91802 61245 69062
61245 69062 91802
2728 44881 60733
44881 2728 60733
60733 2728 44881
79824 14340 118287
14340 79824 118287
118287 14340 79824
40457 23690 106550
106550 23690 40457
23690 40457 106550
18641 58986 88872
88872 18641 58986
58986 18641 88872
14568 107068 139538
139538 14568 107068
107068 14568 139538
130045 16974 30421
30421 16974 130045
16974 30421 130045
123132 25290 148299
148299 25290 123132
25290 123132 148299
118736 29911 86073
86073 29911 118736
29911 86073 118736
20201 6078 145686
6078 20201 145686
145686 6078 20201
40506 129809 143835
143835 40506 129809
129809 40506 143835
106358 43645 120572
120572 43645 106358
43645 106358 120572
98498 27857 138992
138992 27857 98498
27857 98498 138992
93390 11876 28827
11876 28827 93390
28827 11876 93390
53985 23505 113176
23505 53985 113176
113176 23505 53985
42983 25439 52685
25439 42983 52685
52685 25439 42983
46919 104444 111010
111010 46919 104444
104444 46919 111010
126797 35604 99199
35604 99199 126797
99199 35604 126797
47721 99036 140468
140468 47721 99036
99036 47721 140468
146660 8793 134535
134535 8793 146660
8793 134535 146660
85623 55887 139351
139351 55887 85623
55887 85623 139351
47350 32001 76809
76809 32001 47350
32001 47350 76809
138610 37632 81224
37632 81224 138610
81224 37632 138610
41601 32294 136354
136354 32294 41601
32294 41601 136354
107101 79087 124789
79087 107101 124789
124789 79087 107101
8731 3090 90693
3090 8731 90693
90693 3090 8731
42669 17179 95306
17179 42669 95306
95306 17179 42669
84927 9035 62838
9035 62838 84927
62838 9035 84927
77235 73011 135361
135361 73011 77235
73011 77235 135361
3546 6699 55517
6699 3546 55517
55517 3546 6699
31024 9917 41220
41220 9917 31024
9917 31024 41220
76110 79294 93199
79294 76110 93199
93199 76110 79294
35442 29838 116320
116320 29838 35442
29838 35442 116320
106560 50778 83204
50778 83204 106560
83204 50778 106560
91452 104423 121741
104423 91452 121741
121741 91452 104423
131142 7079 22313
7079 22313 131142
22313 7079 131142
57582 34349 137925
34349 57582 137925
137925 34349 57582
26772 91127 130281
91127 26772 130281
130281 26772 91127
59501 87019 97815
97815 59501 87019
87019 59501 97815
104635 99930 128505
99930 104635 128505
128505 99930 104635
78703 56532 143545
56532 78703 143545
143545 56532 78703
87492 66293 108610
66293 87492 108610
108610 66293 87492
120092 61884 144085
144085 61884 120092
61884 120092 144085
41593 76568 90905
76568 41593 90905
90905 41593 76568
115126 95640 126794
126794 95640 115126
95640 115126 126794
27742 18944 79431
18944 27742 79431
79431 18944 27742
104352 44753 136096
44753 104352 136096
136096 44753 104352
64472 42976 86173
42976 64472 86173
86173 42976 64472
134175 30497 109443
30497 109443 134175
109443 30497 134175
58 138192 145700
138192 58 145700
145700 58 138192
120170 33397 70096
33397 70096 120170
70096 33397 120170
149738 63963 91687
63963 91687 149738
91687 63963 149738
7062 125255 130279
125255 7062 130279
130279 7062 125255
123620 104784 112036
112036 104784 123620
104784 112036 123620
149481 16647 22174
16647 22174 149481
22174 16647 149481
33093 25680 75635
25680 33093 75635
75635 25680 33093
35105 58708 103909
58708 35105 103909
103909 35105 58708
4189 72820 115156
72820 4189 115156
115156 4189 72820
124434 9159 100041
9159 100041 124434
100041 9159 124434
115103 37739 98360
98360 37739 115103
37739 98360 115103
54887 58465 93665
58465 54887 93665
93665 54887 58465
16864 102830 148565
148565 16864 102830
102830 16864 148565
8570 93280 134653
134653 8570 93280
93280 8570 134653
99310 67746 110631
110631 67746 99310
67746 99310 110631
14885 15722 134342
134342 14885 15722
15722 14885 134342
40737 93895 97742
97742 40737 93895
93895 40737 97742
54395 2340 71606
71606 2340 54395
2340 54395 71606
22635 23753 71504
71504 22635 23753
23753 22635 71504
88188 16060 126314
126314 16060 88188
16060 88188 126314
127695 32048 62322
62322 32048 127695
32048 62322 127695
124377 2877 132470
132470 2877 124377
2877 124377 132470
124702 119696 145718
145718 119696 124702
119696 124702 145718
117617 58652 97172
58652 97172 117617
97172 58652 117617
101545 72707 132814
132814 72707 101545
72707 101545 132814
129118 109703 145953
145953 109703 129118
109703 129118 145953
92138 4541 96468
96468 4541 92138
4541 92138 96468
121783 139825 149055
149055 121783 139825
139825 121783 149055
99187 15117 119001
119001 15117 99187
15117 99187 119001
138215 72207 112424
112424 72207 138215
72207 112424 138215
125703 83399 123545
123545 83399 125703
83399 123545 125703
39348 10831 90935
10831 39348 90935
90935 10831 39348
136186 42675 126192
126192 42675 136186
42675 126192 136186
124378 79453 129103
129103 79453 124378
79453 124378 129103
76295 13794 90431
90431 13794 76295
13794 76295 90431
126512 23621 138530
23621 126512 138530
138530 23621 126512
17284 328 145749
328 17284 145749
145749 328 17284
68718 13713 122508
122508 13713 68718
13713 68718 122508
115695 55177 56264
56264 55177 115695
55177 56264 115695
136482 50053 101821
50053 101821 136482
101821 50053 136482
55942 23161 52398
52398 23161 55942
23161 52398 55942
14019 8973 41208
41208 8973 14019
8973 14019 41208
45643 55568 133019
133019 45643 55568
55568 45643 133019
54448 8130 17337
17337 8130 54448
8130 17337 54448
34524 65612 90449
65612 34524 90449
90449 34524 65612
40938 53644 55401
55401 40938 53644
53644 40938 55401
37473 2821 4120
2821 4120 37473
4120 2821 37473
132827 44718 79978
44718 79978 132827
79978 44718 132827
124185 91732 127163
127163 91732 124185
91732 124185 127163
55282 77662 95685
77662 55282 95685
95685 55282 77662
130650 77273 79022
77273 79022 130650
79022 77273 130650
123710 54555 103823
103823 54555 123710
54555 103823 123710
104215 6399 106996
106996 6399 104215
6399 104215 106996
68273 20106 65714
20106 65714 68273
65714 20106 68273
46774 27338 33346
27338 33346 46774
33346 27338 46774
32615 14258 26901
14258 26901 32615
26901 14258 32615
148467 31705 140772
31705 140772 148467
140772 31705 148467
46007 16141 114769
16141 46007 114769
114769 16141 46007
6529 5716 126817
5716 6529 126817
126817 5716 6529
81198 93515 108237
93515 81198 108237
108237 81198 93515
58719 40585 43333
40585 43333 58719
43333 40585 58719
67354 20506 77035
77035 20506 67354
20506 67354 77035
114811 10408 64984
10408 64984 114811
64984 10408 114811
95929 23088 83492
23088 83492 95929
83492 23088 95929
27600 85294 108314
85294 27600 108314
108314 27600 85294
100390 3833 50495
3833 50495 100390
50495 3833 100390
122930 109626 140554
140554 109626 122930
109626 122930 140554
93373 91079 127580
127580 91079 93373
91079 93373 127580
112461 10325 97592
97592 10325 112461
10325 97592 112461
58439 46675 148691
46675 58439 148691
148691 46675 58439
76242 116058 128739
116058 76242 128739
128739 76242 116058
67901 68523 117985
68523 67901 117985
117985 67901 68523
126186 80777 144763
80777 126186 144763
144763 80777 126186
68557 11332 59846
59846 11332 68557
11332 59846 68557
107763 62951 128423
62951 107763 128423
128423 62951 107763
128327 40273 128428
128428 40273 128327
40273 128327 128428
100983 79042 81432
79042 81432 100983
81432 79042 100983
105533 77415 109048
77415 105533 109048
109048 77415 105533
138535 18480 133525
18480 133525 138535
133525 18480 138535
21559 79713 133160
79713 21559 133160
133160 21559 79713
102023 118602 132861
132861 102023 118602
118602 102023 132861
120388 77214 102914
77214 102914 120388
102914 77214 120388
20601 12706 28457
12706 20601 28457
28457 12706 20601
77392 53922 68862
53922 68862 77392
68862 53922 77392
113356 9788 128190
128190 9788 113356
9788 113356 128190
111371 116145 130322
116145 111371 130322
130322 111371 116145
25593 48763 120565
120565 25593 48763
48763 25593 120565
149599 24425 84368
24425 84368 149599
84368 24425 149599
120415 11944 128823
128823 11944 120415
11944 120415 128823
61211 28057 123587
123587 28057 61211
28057 61211 123587
38844 24284 32121
24284 32121 38844
32121 24284 38844
1466 85920 99106
99106 1466 85920
85920 1466 99106
125531 34939 91240
91240 34939 125531
34939 91240 125531
55669 67113 92352
67113 55669 92352
92352 55669 67113
14866 14760 81685
14760 14866 81685
81685 14760 14866
39036 755 113533
755 39036 113533
113533 755 39036
122902 80783 85200
80783 85200 122902
85200 80783 122902
35446 41858 118187
41858 35446 118187
118187 35446 41858
111564 136784 149467
136784 111564 149467
149467 111564 136784
124628 73136 147566
73136 124628 147566
147566 73136 124628
97277 13404 92081
92081 13404 97277
13404 92081 97277
17680 64064 73578
73578 17680 64064
64064 17680 73578
98173 57723 58925
58925 57723 98173
57723 58925 98173
19020 15641 135319
135319 15641 19020
15641 19020 135319
90122 54875 130876
54875 90122 130876
130876 54875 90122
2142 70853 147148
70853 2142 147148
147148 2142 70853
97818 128775 131960
131960 97818 128775
128775 97818 131960
33517 9356 132636
9356 33517 132636
132636 9356 33517
95660 83425 126748
126748 83425 95660
83425 95660 126748
41107 91534 127262
91534 41107 127262
127262 41107 91534
137511 49650 102699
49650 102699 137511
102699 49650 137511
88595 3027 90414
3027 88595 90414
90414 3027 88595
93829 935 114499
114499 935 93829
935 93829 114499
132146 8668 145708
8668 132146 145708
145708 8668 132146
18501 60898 121832
60898 18501 121832
121832 18501 60898
5830 36713 142012
36713 5830 142012
142012 5830 36713
108102 39847 46123
39847 46123 108102
46123 39847 108102
142815 18225 136193
18225 136193 142815
136193 18225 142815
63147 8249 131524
131524 8249 63147
8249 63147 131524
47220 30019 32245
32245 30019 47220
30019 32245 47220
51617 135314 143134
143134 51617 135314
135314 51617 143134
120860 20806 42981
42981 20806 120860
20806 42981 120860
53769 44502 69470
44502 53769 69470
69470 44502 53769
131308 29547 98262
98262 29547 131308
29547 98262 131308
113282 10350 78598
78598 10350 113282
10350 78598 113282
109582 12929 47125
47125 12929 109582
12929 47125 109582
62064 53039 57814
53039 57814 62064
57814 53039 62064
45805 34874 131500
131500 34874 45805
34874 45805 131500
63817 67528 99093
99093 63817 67528
67528 63817 99093
80546 5669 97454
97454 5669 80546
5669 80546 97454
144302 50724 77997
77997 50724 144302
50724 77997 144302
25601 105810 109781
109781 25601 105810
105810 25601 109781
6841 72924 105245
105245 6841 72924
72924 6841 105245
101039 76312 107917
76312 101039 107917
107917 76312 101039
121837 55066 62864
55066 62864 121837
62864 55066 121837
122048 42910 104904
104904 42910 122048
42910 104904 122048
24966 41765 143684
143684 24966 41765
41765 24966 143684
142108 26208 46043
46043 26208 142108
26208 46043 142108
37820 104497 147541
147541 37820 104497
104497 37820 147541
96149 51132 56701
51132 56701 96149
56701 51132 96149
120371 72475 84665
72475 84665 120371
84665 72475 120371
75472 34141 71648
34141 71648 75472
71648 34141 75472
9839 107766 130824
107766 9839 130824
130824 9839 107766
58445 37731 37732
37731 37732 58445
37732 37731 58445
90262 23179 132357
132357 23179 90262
23179 90262 132357
130816 129938 145648
129938 130816 145648
145648 129938 130816
56937 52154 106027
52154 56937 106027
106027 52154 56937
134140 106390 116646
106390 116646 134140
116646 106390 134140
73354 52079 123008
123008 52079 73354
52079 73354 123008
99264 13187 24327
24327 13187 99264
13187 24327 99264
33883 1949 105170
105170 1949 33883
1949 33883 105170
17889 3510 90784
90784 3510 17889
3510 17889 90784
121606 94402 127863
127863 94402 121606
94402 121606 127863
10651 97691 140508
140508 10651 97691
97691 10651 140508
110370 43259 103465
103465 43259 110370
43259 103465 110370
31015 32726 36725
36725 31015 32726
32726 31015 36725
20011 42452 135338
135338 20011 42452
42452 20011 135338
35334 108392 128501
128501 35334 108392
108392 35334 128501
8378 37124 54371
37124 8378 54371
54371 8378 37124
9129 43902 58059
58059 9129 43902
43902 9129 58059
140875 7086 59332
7086 59332 140875
59332 7086 140875
51882 126564 129739
126564 51882 129739
129739 51882 126564
81558 32127 95282
32127 81558 95282
95282 32127 81558
8996 41504 135868
41504 8996 135868
135868 8996 41504
139323 87437 115941
87437 115941 139323
115941 87437 139323
82852 26176 121881
121881 26176 82852
26176 82852 121881
41809 65687 86347
65687 41809 86347
86347 41809 65687
117105 32606 141202
141202 32606 117105
32606 117105 141202
50818 75764 118005
75764 50818 118005
118005 50818 75764
77966 88727 133467
133467 77966 88727
88727 77966 133467
38022 79587 102224
79587 38022 102224
102224 38022 79587
12235 42977 78762
78762 12235 42977
42977 12235 78762
46228 41837 124291
41837 46228 124291
124291 41837 46228
93728 25207 43886
43886 25207 93728
25207 43886 93728
34518 37903 98322
37903 34518 98322
98322 34518 37903
104934 5588 115113
115113 5588 104934
5588 104934 115113
28042 32871 61366
32871 28042 61366
61366 28042 32871
138431 40003 122278
122278 40003 138431
40003 122278 138431
143325 30273 109793
109793 30273 143325
30273 109793 143325
75632 132030 140440
132030 75632 140440
140440 75632 132030
141264 15542 64332
64332 15542 141264
15542 64332 141264
40474 76745 106087
106087 40474 76745
76745 40474 106087
16586 26451 67010
67010 16586 26451
26451 16586 67010
45654 43881 133042
133042 43881 45654
43881 45654 133042
144764 44810 66122
66122 44810 144764
44810 66122 144764
59334 39342 104697
104697 39342 59334
39342 59334 104697
64579 20793 126013
20793 64579 126013
126013 20793 64579
51816 34112 130505
34112 51816 130505
130505 34112 51816
113116 5857 133851
5857 113116 133851
133851 5857 113116
112251 2194 125815
125815 2194 112251
2194 112251 125815
56077 33428 129731
129731 33428 56077
33428 56077 129731
39127 31870 77631
77631 31870 39127
31870 39127 77631
98694 7917 13071
7917 13071 98694
13071 7917 98694
111409 14704 79089
14704 79089 111409
79089 14704 111409
83358 82745 131582
131582 82745 83358
82745 83358 131582
47244 141949 142305
142305 47244 141949
141949 47244 142305
96105 12217 122239
122239 12217 96105
12217 96105 122239
117439 49552 99908
99908 49552 117439
49552 99908 117439
138993 41745 52068
41745 52068 138993
52068 41745 138993
148518 12358 95450
12358 95450 148518
95450 12358 148518
91433 1957 24345
1957 24345 91433
24345 1957 91433
18430 128710 148457
128710 18430 148457
148457 18430 128710
29281 29251 113696
29251 29281 113696
113696 29251 29281
56825 19747 133349
133349 19747 56825
19747 56825 133349
15372 9491 76714
76714 9491 15372
9491 15372 76714
62305 7120 20570
7120 20570 62305
20570 7120 62305
147032 66914 144832
144832 66914 147032
66914 144832 147032
79009 65656 131180
65656 79009 131180
131180 65656 79009
82279 1999 114562
114562 1999 82279
1999 82279 114562
123559 32265 78844
32265 78844 123559
78844 32265 123559
106398 83347 91977
83347 91977 106398
91977 83347 106398
21167 20203 69344
69344 20203 21167
20203 21167 69344
102414 88897 135823
135823 88897 102414
88897 102414 135823
121710 36185 93252
36185 93252 121710
93252 36185 121710
69814 10905 52453
10905 52453 69814
52453 10905 69814
10971 51083 136554
136554 10971 51083
51083 10971 136554
88431 55543 112977
112977 55543 88431
55543 88431 112977
90170 80927 92652
80927 90170 92652
92652 80927 90170
44164 25725 113004
25725 44164 113004
113004 25725 44164
109809 29722 35940
29722 35940 109809
35940 29722 109809
81689 35845 127932
127932 35845 81689
35845 81689 127932
75122 2306 106579
106579 2306 75122
2306 75122 106579
63487 50935 94821
50935 63487 94821
94821 50935 63487
19112 64287 71035
64287 19112 71035
71035 19112 64287
62593 6589 116306
6589 62593 116306
116306 6589 62593
107800 94379 135286
94379 107800 135286
135286 94379 107800
94473 16844 17109
17109 16844 94473
16844 17109 94473
124625 5115 145932
145932 5115 124625
5115 124625 145932
122521 69127 148503
69127 122521 148503
148503 69127 122521
82621 12544 102298
12544 82621 102298
102298 12544 82621
39932 21827 24813
24813 21827 39932
21827 24813 39932
91323 40412 96843
40412 91323 96843
96843 40412 91323
37629 29272 69365
29272 37629 69365
69365 29272 37629
135564 31814 65083
31814 65083 135564
65083 31814 135564
68929 28939 125106
125106 28939 68929
28939 68929 125106
6857 60006 87287
60006 6857 87287
87287 6857 60006
85204 76095 82213
82213 76095 85204
76095 82213 85204
44339 63468 137410
137410 44339 63468
63468 44339 137410
30582 26023 66148
66148 26023 30582
26023 30582 66148
47894 50190 77407
77407 47894 50190
50190 47894 77407
66700 90229 99854
99854 66700 90229
90229 66700 99854
27885 24245 94448
24245 27885 94448
94448 24245 27885
75787 91823 147739
147739 75787 91823
91823 75787 147739
123424 123147 124820
123147 123424 124820
124820 123147 123424
128650 64614 90961
90961 64614 128650
64614 90961 128650
138467 96856 144806
96856 138467 144806
144806 96856 138467
14389 124550 132677
124550 14389 132677
132677 14389 124550
126384 387 32956
387 32956 126384
32956 387 126384
16397 112863 117331
117331 16397 112863
112863 16397 117331
148306 147758 149427
147758 148306 149427
149427 147758 148306
59274 5754 27871
27871 5754 59274
5754 27871 59274
42801 85311 124062
85311 42801 124062
124062 42801 85311
17616 51755 111276
51755 17616 111276
111276 17616 51755
62841 24681 95056
24681 62841 95056
95056 24681 62841
24410 82308 135276
82308 24410 135276
135276 24410 82308
80292 77636 119560
119560 77636 80292
77636 80292 119560
37712 49609 127426
127426 37712 49609
49609 37712 127426
31109 95119 119244
95119 31109 119244
119244 31109 95119
13200 25743 130422
25743 13200 130422
130422 13200 25743
81393 28970 76082
28970 76082 81393
76082 28970 81393
72306 10556 139490
139490 10556 72306
10556 72306 139490
38807 39799 40659
40659 38807 39799
39799 38807 40659
120351 834 124681
834 120351 124681
124681 834 120351
28438 32461 148680
148680 28438 32461
32461 28438 148680
17393 64707 93827
93827 17393 64707
64707 17393 93827
148454 59099 113063
59099 113063 148454
113063 59099 148454
42714 1203 44771
1203 42714 44771
44771 1203 42714
14363 60663 87076
60663 14363 87076
87076 14363 60663
29093 30250 55488
30250 29093 55488
55488 29093 30250
36672 102687 115718
115718 36672 102687
102687 36672 115718
86845 11110 11408
11110 11408 86845
11408 11110 86845
138220 128019 147142
128019 138220 147142
147142 128019 138220
90877 30070 86355
30070 86355 90877
86355 30070 90877
61397 39177 144593
39177 61397 144593
144593 39177 61397
10065 18873 64734
18873 10065 64734
64734 10065 18873
63691 79704 92373
92373 63691 79704
79704 63691 92373
130853 29572 92642
29572 92642 130853
92642 29572 130853
100703 31512 83911
31512 83911 100703
83911 31512 100703
133239 40763 41588
41588 40763 133239
40763 41588 133239
144138 67400 114054
67400 114054 144138
114054 67400 144138
29620 27990 102004
102004 27990 29620
27990 29620 102004
41544 10252 74194
10252 41544 74194
74194 10252 41544
139831 45077 100655
45077 100655 139831
100655 45077 139831
124701 5017 132819
5017 124701 132819
132819 5017 124701
24129 48857 105903
48857 24129 105903
105903 24129 48857
74204 33807 61276
33807 61276 74204
61276 33807 74204
144850 86974 92911
92911 86974 144850
86974 92911 144850
47982 133855 139094
133855 47982 139094
139094 47982 133855
93387 17478 124027
17478 93387 124027
124027 17478 93387
147963 140566 144055
144055 140566 147963
140566 144055 147963
24382 50321 147946
50321 24382 147946
147946 24382 50321
3684 111908 139360
139360 3684 111908
111908 3684 139360
136125 60349 146104
60349 136125 146104
146104 60349 136125
94566 31244 121370
121370 31244 94566
31244 94566 121370
41638 14230 84750
84750 14230 41638
14230 41638 84750
94000 88895 116325
116325 88895 94000
88895 94000 116325
108746 103619 104849
103619 104849 108746
104849 103619 108746
101814 82914 103974
82914 101814 103974
103974 82914 101814
122600 58175 105789
58175 105789 122600
105789 58175 122600
11734 96870 100098
96870 11734 100098
100098 11734 96870
128328 62837 123577
62837 123577 128328
123577 62837 128328
33575 32435 53129
53129 32435 33575
32435 33575 53129
57090 100712 143373
143373 57090 100712
100712 57090 143373
41715 29111 39428
39428 29111 41715
29111 39428 41715
50991 57902 118694
57902 50991 118694
118694 50991 57902
68755 110381 127361
127361 68755 110381
110381 68755 127361
32099 51951 94040
94040 32099 51951
51951 32099 94040
130183 12468 41283
12468 41283 130183
41283 12468 130183
7176 49882 70785
70785 7176 49882
49882 7176 70785
55688 30963 96200
96200 30963 55688
30963 55688 96200
89003 79940 139791
79940 89003 139791
139791 79940 89003
139586 52981 57515
57515 52981 139586
52981 57515 139586
139004 27230 57622
57622 27230 139004
27230 57622 139004
90567 107791 136860
136860 90567 107791
107791 90567 136860
101843 464 13272
464 13272 101843
13272 464 101843
140214 24123 97456
24123 97456 140214
97456 24123 140214
32954 77346 103874
77346 32954 103874
103874 32954 77346
137466 80004 131866
80004 131866 137466
131866 80004 137466
87796 113607 114734
113607 87796 114734
114734 87796 113607
114638 9912 82012
9912 82012 114638
82012 9912 114638
18288 12027 111738
111738 12027 18288
12027 18288 111738
37113 41156 42969
42969 37113 41156
41156 37113 42969
146563 5354 137016
137016 5354 146563
5354 137016 146563
23582 10505 36244
36244 10505 23582
10505 23582 36244
53755 107903 111644
107903 53755 111644
111644 53755 107903
15254 46608 127103
127103 15254 46608
46608 15254 127103
87396 22790 121324
121324 22790 87396
22790 87396 121324
10483 14999 67204
14999 10483 67204
67204 10483 14999
62585 19416 38313
19416 38313 62585
38313 19416 62585
18836 65580 101674
101674 18836 65580
65580 18836 101674
70918 36778 108802
108802 36778 70918
36778 70918 108802
24121 107584 113404
113404 24121 107584
107584 24121 113404
56308 18512 94553
18512 56308 94553
94553 18512 56308
117825 30999 135945
30999 117825 135945
135945 30999 117825
9070 87828 95500
95500 9070 87828
87828 9070 95500
16655 37404 38564
38564 16655 37404
37404 16655 38564
2134 16454 131098
16454 2134 131098
131098 2134 16454
86756 48723 139750
139750 48723 86756
48723 86756 139750
18415 14096 75409
14096 18415 75409
75409 14096 18415
47639 142013 148823
142013 47639 148823
148823 47639 142013
125371 68396 126838
126838 68396 125371
68396 125371 126838
7922 24995 147937
24995 7922 147937
147937 7922 24995
128481 24445 52253
52253 24445 128481
24445 52253 128481
107691 29184 109152
29184 107691 109152
109152 29184 107691
96616 52232 146246
52232 96616 146246
146246 52232 96616
17461 45219 94039
94039 17461 45219
45219 17461 94039
132380 29438 130052
130052 29438 132380
29438 130052 132380
119806 13008 52777
13008 52777 119806
52777 13008 119806
148337 34526 122879
122879 34526 148337
34526 122879 148337
138940 52348 82444
52348 82444 138940
82444 52348 138940
17172 11508 99574
11508 17172 99574
99574 11508 17172
55948 42489 85845
85845 42489 55948
42489 55948 85845
70079 59128 121996
59128 70079 121996
121996 59128 70079
130809 8539 37689
8539 37689 130809
37689 8539 130809
106595 61892 130145
61892 106595 130145
130145 61892 106595
92447 15043 116037
116037 15043 92447
15043 92447 116037
83423 108090 138041
138041 83423 108090
108090 83423 138041
6781 93820 122388
122388 6781 93820
93820 6781 122388
25209 60303 118907
118907 25209 60303
60303 25209 118907
120914 10435 81769
10435 81769 120914
81769 10435 120914
38083 3972 27772
27772 3972 38083
3972 27772 38083
72915 5465 123150
123150 5465 72915
5465 72915 123150
135639 63471 103846
103846 63471 135639
63471 103846 135639
89531 112436 133474
133474 89531 112436
112436 89531 133474
46838 38346 77421
77421 38346 46838
38346 46838 77421
33931 5232 132272
5232 33931 132272
132272 5232 33931
100928 86082 124216
86082 100928 124216
124216 86082 100928
48084 103434 135657
135657 48084 103434
103434 48084 135657
104574 33724 105481
105481 33724 104574
33724 104574 105481
46580 91971 93727
91971 46580 93727
93727 46580 91971
3188 91611 112213
112213 3188 91611
91611 3188 112213
64049 11282 82599
82599 11282 64049
11282 64049 82599
145816 11594 105910
105910 11594 145816
11594 105910 145816
115912 63765 131638
63765 115912 131638
131638 63765 115912
91202 57069 90964
90964 57069 91202
57069 90964 91202
123170 304 73179
304 73179 123170
73179 304 123170
130863 47063 113418
113418 47063 130863
47063 113418 130863
123600 14800 90492
90492 14800 123600
14800 90492 123600
63650 124209 139415
139415 63650 124209
124209 63650 139415
42566 33805 146240
33805 42566 146240
146240 33805 42566
7608 139956 148524
148524 7608 139956
139956 7608 148524
89261 88916 95940
95940 88916 89261
88916 89261 95940
138221 72761 99171
72761 99171 138221
99171 72761 138221
127397 66843 144681
66843 127397 144681
144681 66843 127397
85133 59551 62501
62501 59551 85133
59551 62501 85133
34522 83858 142058
83858 34522 142058
142058 34522 83858
48392 6740 23657
23657 6740 48392
6740 23657 48392
85354 86559 118650
86559 85354 118650
118650 85354 86559
72810 54736 69294
69294 54736 72810
54736 69294 72810
58292 42222 98114
98114 42222 58292
42222 58292 98114
112496 35437 61510
61510 35437 112496
35437 61510 112496
90164 31638 98517
31638 90164 98517
98517 31638 90164
109496 50656 53078
50656 53078 109496
53078 50656 109496
121821 48926 69724
48926 69724 121821
69724 48926 121821
25429 51844 110832
51844 25429 110832
110832 25429 51844
20856 37898 41534
41534 20856 37898
37898 20856 41534
43137 121241 147862
121241 43137 147862
147862 43137 121241
119813 43192 49674
43192 49674 119813
49674 43192 119813
109033 22967 85157
85157 22967 109033
22967 85157 109033
42827 24602 89494
24602 42827 89494
89494 24602 42827
137335 17722 65085
17722 65085 137335
65085 17722 137335
60294 48609 142155
48609 60294 142155
142155 48609 60294
132941 56688 126536
126536 56688 132941
56688 126536 132941
131780 927 138936
927 131780 138936
138936 927 131780
70717 85866 132277
132277 70717 85866
85866 70717 132277
4134 47576 147017
147017 4134 47576
47576 4134 147017
2403 49605 55807
49605 2403 55807
55807 2403 49605
6371 24263 32521
32521 6371 24263
24263 6371 32521
66158 39309 110510
39309 66158 110510
110510 39309 66158
106676 46061 145244
145244 46061 106676
46061 106676 145244
28294 42098 90213
90213 28294 42098
42098 28294 90213
112354 86643 123728
86643 112354 123728
123728 86643 112354
11732 89619 111367
89619 11732 111367
111367 11732 89619
135759 34280 122325
34280 122325 135759
122325 34280 135759
145572 5828 10327
5828 10327 145572
10327 5828 145572
103405 41382 68023
68023 41382 103405
41382 68023 103405
107366 59138 87166
59138 87166 107366
87166 59138 107366
29466 9693 128352
9693 29466 128352
128352 9693 29466
25327 92421 103751
92421 25327 103751
103751 25327 92421
10689 12849 100444
12849 10689 100444
100444 10689 12849
46506 103673 126989
126989 46506 103673
103673 46506 126989
71925 22198 93819
93819 22198 71925
22198 71925 93819
29475 37481 89885
89885 29475 37481
37481 29475 89885
129278 83066 134430
134430 83066 129278
83066 129278 134430
141476 67258 126506
67258 126506 141476
126506 67258 141476
67627 92067 94911
94911 67627 92067
92067 67627 94911
114048 71582 86884
71582 86884 114048
86884 71582 114048
11780 84039 124353
84039 11780 124353
124353 11780 84039
8426 4470 118822
118822 4470 8426
4470 8426 118822
63126 106114 121448
106114 63126 121448
121448 63126 106114
108075 93521 146725
93521 108075 146725
146725 93521 108075
99687 66593 103136
66593 99687 103136
103136 66593 99687
56734 96754 109904
109904 56734 96754
96754 56734 109904
120895 7372 19664
7372 19664 120895
19664 7372 120895
85055 58141 58833
58141 58833 85055
58833 58141 85055
108008 47486 52787
47486 52787 108008
52787 47486 108008
40340 2615 146724
2615 40340 146724
146724 2615 40340
14982 17925 132308
132308 14982 17925
17925 14982 132308
36793 26982 42701
26982 36793 42701
42701 26982 36793
69406 73881 82410
82410 69406 73881
73881 69406 82410
122094 78608 117431
117431 78608 122094
78608 117431 122094
105721 101713 137298
101713 105721 137298
137298 101713 105721
13523 30192 149721
149721 13523 30192
30192 13523 149721
62645 6076 16289
6076 16289 62645
16289 6076 62645
47858 50534 142866
50534 47858 142866
142866 47858 50534
108216 10763 84517
10763 84517 108216
84517 10763 108216
66252 44811 64656
64656 44811 66252
44811 64656 66252
70418 34987 92668
92668 34987 70418
34987 70418 92668
19682 51836 110722
110722 19682 51836
51836 19682 110722
117169 97911 111552
111552 97911 117169
97911 111552 117169
11751 10867 111579
111579 10867 11751
10867 11751 111579
14214 70089 144762
144762 14214 70089
70089 14214 144762
130520 28103 59713
28103 59713 130520
59713 28103 130520
105645 37332 120972
120972 37332 105645
37332 105645 120972
76939 2231 13139
2231 13139 76939
13139 2231 76939
47170 129385 142028
129385 47170 142028
142028 47170 129385
57597 25832 122412
25832 57597 122412
122412 25832 57597
77288 5586 33475
5586 33475 77288
33475 5586 77288
54467 82384 136360
82384 54467 136360
136360 54467 82384
25872 79067 130710
130710 25872 79067
79067 25872 130710
44355 2446 68217
2446 44355 68217
68217 2446 44355
49373 69278 92673
92673 49373 69278
69278 49373 92673
51343 18626 67565
18626 51343 67565
67565 18626 51343
9494 65936 75398
65936 9494 75398
75398 9494 65936
35851 45286 56280
56280 35851 45286
45286 35851 56280
63079 30358 83776
30358 63079 83776
83776 30358 63079
146448 41988 141481
141481 41988 146448
41988 141481 146448
7003 39926 101947
39926 7003 101947
101947 7003 39926
94697 126651 145664
126651 94697 145664
145664 94697 126651
122776 33319 128187
128187 33319 122776
33319 122776 128187
60095 47149 76457
76457 47149 60095
47149 60095 76457
80562 25425 130895
130895 25425 80562
25425 80562 130895
45984 41754 101593
101593 41754 45984
41754 45984 101593
40876 105073 127886
127886 40876 105073
105073 40876 127886
50836 18452 41318
18452 41318 50836
41318 18452 50836
68367 96947 99410
96947 68367 99410
99410 68367 96947
40725 30114 73710
73710 30114 40725
30114 40725 73710
26123 47395 109319
109319 26123 47395
47395 26123 109319
97678 71449 132456
71449 97678 132456
132456 71449 97678
12836 1348 149990
149990 1348 12836
1348 12836 149990
97138 98809 102434
98809 97138 102434
102434 97138 98809
108933 80661 87883
87883 80661 108933
80661 87883 108933
54278 112938 140208
112938 54278 140208
140208 54278 112938
50215 36414 90196
36414 50215 90196
90196 36414 50215
121492 66754 126127
66754 121492 126127
126127 66754 121492
123061 14428 63278
63278 14428 123061
14428 63278 123061
109802 104830 148843
104830 109802 148843
148843 104830 109802
51824 16731 60414
16731 51824 60414
60414 16731 51824
79680 71330 121051
71330 79680 121051
121051 71330 79680
37577 17265 25938
17265 25938 37577
25938 17265 37577
88730 24379 79338
79338 24379 88730
24379 79338 88730
89403 11265 77532
11265 77532 89403
77532 11265 89403
43268 71316 104006
71316 43268 104006
104006 43268 71316
74771 14907 76755
76755 14907 74771
14907 74771 76755
17840 19032 130053
130053 17840 19032
19032 17840 130053
107091 41658 133394
41658 107091 133394
133394 41658 107091
15508 61862 132382
61862 15508 132382
132382 15508 61862
91175 12287 79394
12287 79394 91175
79394 12287 91175
14879 31731 42141
31731 14879 42141
42141 14879 31731
28562 14819 119679
119679 14819 28562
14819 28562 119679
124477 134197 149714
149714 124477 134197
134197 124477 149714
49198 55509 119748
119748 49198 55509
55509 49198 119748
100419 45358 130711
45358 100419 130711
130711 45358 100419
102617 5957 70207
70207 5957 102617
5957 70207 102617
30471 64621 96736
64621 30471 96736
96736 30471 64621
106342 9236 36441
9236 36441 106342
36441 9236 106342
89339 16517 44063
44063 16517 89339
16517 44063 89339
33489 34613 149614
149614 33489 34613
34613 33489 149614
46262 82008 138824
138824 46262 82008
82008 46262 138824
11976 7352 45914
45914 7352 11976
7352 11976 45914
126340 8099 58021
58021 8099 126340
8099 58021 126340
16228 22142 90736
22142 16228 90736
90736 16228 22142
85177 26077 94768
94768 26077 85177
