9550 699 3170
699 3170 9550
3170 699 9550
2459 573 13884
13884 573 2459
573 2459 13884
13021 229 5625
5625 229 13021
229 5625 13021
11196 4881 8557
8557 4881 11196
4881 8557 11196
14454 1771 13405
1771 13405 14454
13405 1771 14454
14294 2965 8112
8112 2965 14294
2965 8112 14294
2648 9128 13541
9128 2648 13541
13541 2648 9128
3080 3827 4860
4860 3080 3827
3827 3080 4860
2961 10643 13839
13839 2961 10643
10643 2961 13839
4989 6268 14060
14060 4989 6268
6268 4989 14060
11633 6177 8107
6177 8107 11633
8107 6177 11633
8264 2192 13094
2192 8264 13094
13094 2192 8264
4025 1410 11265
11265 1410 4025
1410 4025 11265
3735 962 9845
962 3735 9845
9845 962 3735
8601 1361 7549
7549 1361 8601
1361 7549 8601
9164 10376 12066
12066 9164 10376
10376 9164 12066
2128 6519 9543
9543 2128 6519
6519 2128 9543
910 767 3808
3808 767 910
767 910 3808
11215 6030 7789
6030 7789 11215
7789 6030 11215
2462 7442 10728
10728 2462 7442
7442 2462 10728
2351 820 11253
820 2351 11253
11253 820 2351
6134 1992 4452
1992 4452 6134
4452 1992 6134
13112 2844 3575
2844 3575 13112
3575 2844 13112
4894 4046 11256
11256 4046 4894
4046 4894 11256
4963 4659 7676
7676 4659 4963
4659 4963 7676
3107 2178 7727
2178 3107 7727
7727 2178 3107
8698 2917 14186
14186 2917 8698
2917 8698 14186
13409 1527 14075
14075 1527 13409
1527 13409 14075
12343 6783 9218
9218 6783 12343
6783 9218 12343
10159 1878 13013
13013 1878 10159
1878 10159 13013
5886 2211 8952
8952 2211 5886
2211 5886 8952
7795 690 6353
690 6353 7795
6353 690 7795
13693 6615 7614
6615 7614 13693
7614 6615 13693
6028 222 5063
222 5063 6028
5063 222 6028
9409 4744 13313
4744 9409 13313
13313 4744 9409
11916 756 2640
2640 756 11916
756 2640 11916
12093 5733 9935
9935 5733 12093
5733 9935 12093
4878 1745 2191
2191 1745 4878
1745 2191 4878
5159 2800 12156
2800 5159 12156
12156 2800 5159
11943 5445 14588
5445 11943 14588
14588 5445 11943
7449 2847 14522
14522 2847 7449
2847 7449 14522
798 6110 6327
6110 798 6327
6327 798 6110
5879 8474 13970
13970 5879 8474
8474 5879 13970
9022 2715 13035
2715 9022 13035
13035 2715 9022
1144 6867 14756
6867 1144 14756
14756 1144 6867
4974 2324 14177
2324 4974 14177
14177 2324 4974
6753 6469 13462
13462 6469 6753
6469 6753 13462
7531 10354 12872
12872 7531 10354
10354 7531 12872
613 5694 8652
5694 613 8652
8652 613 5694
4959 1526 2888
1526 2888 4959
2888 1526 4959
7490 852 3895
852 3895 7490
3895 852 7490
14016 8813 9879
9879 8813 14016
8813 9879 14016
12331 10235 13402
10235 12331 13402
13402 10235 12331
9243 432 5148
5148 432 9243
432 5148 9243
10637 4923 12994
12994 4923 10637
4923 10637 12994
6088 1673 5488
5488 1673 6088
1673 5488 6088
7365 748 10130
10130 748 7365
748 7365 10130
137 13574 14668
14668 137 13574
13574 137 14668
1187 1587 13246
13246 1187 1587
1587 1187 13246
10909 2175 12385
12385 2175 10909
2175 10909 12385
213 4817 8013
4817 213 8013
8013 213 4817
1939 5078 9855
9855 1939 5078
5078 1939 9855
3328 7267 7533
7267 3328 7533
7533 3328 7267
9554 10109 14832
14832 9554 10109
10109 9554 14832
12876 2813 6686
6686 2813 12876
2813 6686 12876
14868 1368 6301
1368 6301 14868
6301 1368 14868
12432 339 12094
339 12094 12432
12094 339 12432
12974 4540 7476
4540 7476 12974
7476 4540 12974
7576 6114 11835
11835 6114 7576
6114 7576 11835
14069 6581 8481
8481 6581 14069
6581 8481 14069
14093 14141 14545
14141 14093 14545
14545 14093 14141
12631 3791 4013
3791 4013 12631
4013 3791 12631
6307 10880 12829
10880 6307 12829
12829 6307 10880
8478 2309 3751
2309 3751 8478
3751 2309 8478
12586 10990 11758
10990 11758 12586
11758 10990 12586
1271 5413 9070
9070 1271 5413
5413 1271 9070
4550 8559 8895
8559 4550 8895
8895 4550 8559
14143 2104 7062
7062 2104 14143
2104 7062 14143
6721 3747 14430
14430 3747 6721
3747 6721 14430
4600 3848 12984
12984 3848 4600
3848 4600 12984
1484 2058 9642
2058 1484 9642
9642 1484 2058
4689 1102 12864
1102 4689 12864
12864 1102 4689
7606 8513 9162
9162 7606 8513
8513 7606 9162
817 10481 11867
10481 817 11867
11867 817 10481
120 8887 13592
8887 120 13592
13592 120 8887
9476 3081 14749
3081 9476 14749
14749 3081 9476
12821 780 11330
11330 780 12821
780 11330 12821
6227 8003 12587
12587 6227 8003
8003 6227 12587
6683 574 8208
574 6683 8208
8208 574 6683
6153 10081 11611
10081 6153 11611
11611 6153 10081
4812 383 6372
383 4812 6372
6372 383 4812
8007 6521 10139
10139 6521 8007
6521 8007 10139
9044 843 12856
843 9044 12856
12856 843 9044
14121 407 7708
7708 407 14121
407 7708 14121
867 2276 7370
2276 867 7370
7370 867 2276
6890 2814 5963
5963 2814 6890
2814 5963 6890
3428 2850 8219
8219 2850 3428
2850 3428 8219
4229 2767 5135
5135 2767 4229
2767 4229 5135
4629 5245 9507
9507 4629 5245
5245 4629 9507
9723 183 5686
183 5686 9723
5686 183 9723
14099 1538 4545
4545 1538 14099
1538 4545 14099
11212 9330 11932
9330 11212 11932
11932 9330 11212
13797 1475 9362
9362 1475 13797
1475 9362 13797
7972 14813 14969
14969 7972 14813
14813 7972 14969
11689 2120 11450
11450 2120 11689
2120 11450 11689
268 3404 14209
14209 268 3404
3404 268 14209
11278 810 2984
810 2984 11278
2984 810 11278
12636 623 12325
12325 623 12636
623 12325 12636
3247 144 9692
9692 144 3247
144 3247 9692
11683 5942 14881
5942 11683 14881
14881 5942 11683
13868 96 1536
1536 96 13868
96 1536 13868
6540 5317 12057
5317 6540 12057
12057 5317 6540
3047 11443 12930
11443 3047 12930
12930 3047 11443
13865 5465 6240
5465 6240 13865
6240 5465 13865
547 1241 13582
1241 547 13582
13582 547 1241
7456 4616 11305
11305 4616 7456
4616 7456 11305
743 710 10745
710 743 10745
10745 710 743
8307 13067 14487
14487 8307 13067
13067 8307 14487
6154 2086 13598
2086 6154 13598
13598 2086 6154
13946 1061 3425
1061 3425 13946
3425 1061 13946
11851 3787 10126
3787 10126 11851
10126 3787 11851
2585 4094 12851
12851 2585 4094
4094 2585 12851
13360 9818 14220
14220 9818 13360
9818 13360 14220
9464 4357 12169
4357 9464 12169
12169 4357 9464
9866 7569 10766
10766 7569 9866
7569 9866 10766
9071 6442 9482
9482 6442 9071
6442 9071 9482
68 11139 11259
11139 68 11259
11259 68 11139
5994 5780 7827
5780 5994 7827
7827 5780 5994
9194 2477 14519
2477 9194 14519
14519 2477 9194
10601 1112 9816
9816 1112 10601
1112 9816 10601
12604 1869 2071
2071 1869 12604
1869 2071 12604
12987 6618 6820
6618 6820 12987
6820 6618 12987
11309 12839 14504
14504 11309 12839
12839 11309 14504
2753 3655 6253
3655 2753 6253
6253 2753 3655
4340 8724 9158
8724 4340 9158
9158 4340 8724
3268 8290 10738
8290 3268 10738
10738 3268 8290
2765 7317 9563
9563 2765 7317
7317 2765 9563
9636 5221 11377
11377 5221 9636
5221 9636 11377
9825 3001 8411
8411 3001 9825
3001 8411 9825
13648 5546 6731
5546 6731 13648
6731 5546 13648
9116 7695 14208
7695 9116 14208
14208 7695 9116
11613 2087 5902
5902 2087 11613
2087 5902 11613
11910 2489 8121
8121 2489 11910
2489 8121 11910
4972 5257 5702
5257 4972 5702
5702 4972 5257
13211 5818 6818
6818 5818 13211
5818 6818 13211
306 4626 14378
14378 306 4626
4626 306 14378
10827 9579 13258
9579 10827 13258
13258 9579 10827
9972 7597 9679
7597 9679 9972
9679 7597 9972
13057 3426 3551
3551 3426 13057
3426 3551 13057
6113 3324 11609
11609 3324 6113
3324 6113 11609
1954 1744 6794
1744 1954 6794
6794 1744 1954
7500 8755 11250
8755 7500 11250
11250 7500 8755
7793 1889 12819
1889 7793 12819
12819 1889 7793
11166 2902 10432
2902 10432 11166
10432 2902 11166
1171 4869 14859
4869 1171 14859
14859 1171 4869
4733 3852 13214
3852 4733 13214
13214 3852 4733
9375 5023 6019
5023 6019 9375
6019 5023 9375
6817 553 13202
13202 553 6817
553 6817 13202
611 9382 12064
12064 611 9382
9382 611 12064
14735 2373 13102
2373 13102 14735
13102 2373 14735
10173 3141 9062
9062 3141 10173
3141 9062 10173
10254 2229 11082
2229 10254 11082
11082 2229 10254
6833 647 10281
10281 647 6833
647 6833 10281
14445 6990 11671
11671 6990 14445
6990 11671 14445
5660 1994 14924
14924 1994 5660
1994 5660 14924
4114 2629 13397
2629 4114 13397
13397 2629 4114
2988 2122 10223
10223 2122 2988
2122 2988 10223
2870 7115 8485
7115 2870 8485
8485 2870 7115
12562 2412 8632
8632 2412 12562
2412 8632 12562
3795 3587 5612
3587 3795 5612
5612 3587 3795
2139 8789 13018
13018 2139 8789
8789 2139 13018
4391 4625 12393
4625 4391 12393
12393 4391 4625
202 4667 12978
4667 202 12978
12978 202 4667
14839 10115 12937
12937 10115 14839
10115 12937 14839
9896 2500 6261
2500 6261 9896
6261 2500 9896
11631 2226 4255
4255 2226 11631
2226 4255 11631
9388 9725 14740
14740 9388 9725
9725 9388 14740
7032 8669 9477
8669 7032 9477
9477 7032 8669
2852 783 7039
7039 783 2852
783 2852 7039
286 12908 14052
12908 286 14052
14052 286 12908
6863 3546 9925
9925 3546 6863
3546 6863 9925
6687 4194 12779
4194 6687 12779
12779 4194 6687
12663 8050 10644
8050 10644 12663
10644 8050 12663
7780 12133 13419
12133 7780 13419
13419 7780 12133
8089 239 13054
239 8089 13054
13054 239 8089
2533 2432 7465
7465 2432 2533
2432 2533 7465
11706 7912 12283
12283 7912 11706
7912 11706 12283
6313 5126 5703
5126 5703 6313
5703 5126 6313
13447 1412 3518
3518 1412 13447
1412 3518 13447
13429 6908 14820
6908 13429 14820
14820 6908 13429
12649 1600 2410
2410 1600 12649
1600 2410 12649
4422 6303 12302
6303 4422 12302
12302 4422 6303
13376 6041 12975
12975 6041 13376
6041 12975 13376
4208 1244 8861
1244 4208 8861
8861 1244 4208
745 3612 11950
11950 745 3612
3612 745 11950
4258 5561 12296
12296 4258 5561
5561 4258 12296
14623 1035 8490
8490 1035 14623
1035 8490 14623
8396 34 6875
34 6875 8396
6875 34 8396
12139 815 11937
815 11937 12139
11937 815 12139
11848 2413 7262
2413 7262 11848
7262 2413 11848
5806 6286 12932
12932 5806 6286
6286 5806 12932
14288 7812 11380
7812 11380 14288
11380 7812 14288
3252 7007 8126
8126 3252 7007
7007 3252 8126
2575 8684 14171
8684 2575 14171
14171 2575 8684
6009 1596 9046
9046 1596 6009
1596 6009 9046
12940 6740 12311
6740 12311 12940
12311 6740 12940
5709 9813 12181
12181 5709 9813
9813 5709 12181
12378 2999 5967
5967 2999 12378
2999 5967 12378
13414 3667 4530
3667 4530 13414
4530 3667 13414
4136 2306 7685
2306 4136 7685
7685 2306 4136
13612 8734 12147
8734 12147 13612
12147 8734 13612
8082 4751 8622
8622 4751 8082
4751 8082 8622
2770 4028 6366
6366 2770 4028
4028 2770 6366
7585 11177 14425
11177 7585 14425
14425 7585 11177
5554 4533 8964
8964 4533 5554
4533 5554 8964
10051 3227 10742
10742 3227 10051
3227 10051 10742
6658 6341 10484
10484 6341 6658
6341 6658 10484
6210 1920 10068
10068 1920 6210
1920 6210 10068
13587 8073 13498
13498 8073 13587
8073 13498 13587
3850 3549 4911
3549 3850 4911
4911 3549 3850
860 4886 6121
4886 860 6121
6121 860 4886
2386 2473 11366
11366 2386 2473
2473 2386 11366
4236 2165 11733
11733 2165 4236
2165 4236 11733
2691 2014 11345
2014 2691 11345
11345 2014 2691
12528 6981 7229
7229 6981 12528
6981 7229 12528
8347 8075 11503
11503 8075 8347
8075 8347 11503
14105 1959 8985
1959 8985 14105
8985 1959 14105
11283 7605 8499
8499 7605 11283
7605 8499 11283
14027 3992 13520
13520 3992 14027
3992 13520 14027
7978 5030 5535
5030 5535 7978
5535 5030 7978
2349 904 10282
904 2349 10282
10282 904 2349
12150 6076 10038
10038 6076 12150
6076 10038 12150
205 3914 14646
3914 205 14646
14646 205 3914
3237 6942 12842
12842 3237 6942
6942 3237 12842
2817 10994 11917
11917 2817 10994
10994 2817 11917
12954 2950 13119
13119 2950 12954
2950 12954 13119
4992 208 12268
12268 208 4992
208 4992 12268
12883 4365 8573
8573 4365 12883
4365 8573 12883
10989 6299 12863
12863 6299 10989
6299 10989 12863
11000 6622 14410
6622 11000 14410
14410 6622 11000
8540 1875 8452
1875 8452 8540
8452 1875 8540
6742 9858 11936
9858 6742 11936
11936 6742 9858
13550 549 13168
13168 549 13550
549 13168 13550
9657 2708 9989
9989 2708 9657
2708 9657 9989
9991 423 10825
423 9991 10825
10825 423 9991
13404 2741 2837
2837 2741 13404
2741 2837 13404
14631 6873 9293
6873 9293 14631
9293 6873 14631
2912 9688 12224
12224 2912 9688
9688 2912 12224
5857 9438 10102
10102 5857 9438
9438 5857 10102
4318 1388 1942
1388 1942 4318
1942 1388 4318
11616 8161 10744
8161 10744 11616
10744 8161 11616
14848 8183 10206
8183 10206 14848
10206 8183 14848
9776 7933 8686
7933 8686 9776
8686 7933 9776
4004 1425 3313
3313 1425 4004
1425 3313 4004
1110 5573 6079
5573 1110 6079
6079 1110 5573
93 1003 7243
7243 93 1003
1003 93 7243
8331 12021 14774
12021 8331 14774
14774 8331 12021
11575 9405 11832
11832 9405 11575
9405 11575 11832
9111 231 7623
231 7623 9111
7623 231 9111
13058 6017 7063
6017 7063 13058
7063 6017 13058
6116 1185 2943
2943 1185 6116
1185 2943 6116
13182 2730 10783
10783 2730 13182
2730 10783 13182
3230 223 11187
11187 223 3230
223 3230 11187
8787 2230 13451
13451 2230 8787
2230 8787 13451
12567 14732 14814
14732 12567 14814
14814 12567 14732
9469 1454 8151
1454 8151 9469
8151 1454 9469
8120 1333 7830
7830 1333 8120
1333 7830 8120
13123 151 8414
8414 151 13123
151 8414 13123
12508 9634 11844
9634 11844 12508
11844 9634 12508
13352 3942 4082
3942 4082 13352
4082 3942 13352
2405 2161 8317
2161 2405 8317
8317 2161 2405
10060 9941 10049
9941 10049 10060
10049 9941 10060
12425 8839 13090
8839 12425 13090
13090 8839 12425
4181 7524 7776
7524 4181 7776
7776 4181 7524
12746 3312 7172
3312 7172 12746
7172 3312 12746
2538 1386 1945
1386 1945 2538
1945 1386 2538
13959 116 13743
116 13743 13959
13743 116 13959
14359 13901 14575
13901 14359 14575
14575 13901 14359
11231 8025 11918
11918 8025 11231
8025 11231 11918
7909 28 10707
10707 28 7909
28 7909 10707
13154 11281 13319
11281 13154 13319
13319 11281 13154
3825 2150 8720
2150 3825 8720
8720 2150 3825
10277 1111 1658
1111 1658 10277
1658 1111 10277
7293 1224 12144
1224 7293 12144
12144 1224 7293
7017 13937 14007
14007 7017 13937
13937 7017 14007
3748 939 5959
939 3748 5959
5959 939 3748
7274 9696 9763
9763 7274 9696
9696 7274 9763
3847 2618 11701
11701 2618 3847
2618 3847 11701
3071 5908 11989
11989 3071 5908
5908 3071 11989
10042 2117 2530
2117 2530 10042
2530 2117 10042
1803 2334 12641
2334 1803 12641
12641 1803 2334
12267 12585 14401
14401 12267 12585
12585 12267 14401
2711 51 1953
51 1953 2711
1953 51 2711
10662 7472 13808
7472 10662 13808
13808 7472 10662
5467 4634 12733
12733 4634 5467
4634 5467 12733
13316 2504 9700
9700 2504 13316
2504 9700 13316
846 2316 10751
10751 846 2316
2316 846 10751
12810 2317 7609
2317 7609 12810
7609 2317 12810
14980 5261 8460
5261 8460 14980
8460 5261 14980
786 4399 13838
4399 786 13838
13838 786 4399
1033 2037 12447
2037 1033 12447
12447 1033 2037
1796 2232 2424
2232 1796 2424
2424 1796 2232
14137 3140 5652
3140 5652 14137
5652 3140 14137
14831 5869 10638
10638 5869 14831
5869 10638 14831
12373 3446 9235
9235 3446 12373
3446 9235 12373
13977 2181 7756
2181 7756 13977
7756 2181 13977
13807 1634 10713
10713 1634 13807
1634 10713 13807
11072 5345 12579
5345 11072 12579
12579 5345 11072
1753 7896 13296
7896 1753 13296
13296 1753 7896
6098 5101 13525
13525 5101 6098
5101 6098 13525
10763 10723 12461
12461 10723 10763
10723 10763 12461
483 7445 8783
7445 483 8783
8783 483 7445
6142 5428 12838
12838 5428 6142
5428 6142 12838
14927 75 9260
75 9260 14927
9260 75 14927
3201 4033 11351
4033 3201 11351
11351 3201 4033
7510 8525 9710
9710 7510 8525
8525 7510 9710
1245 10028 14055
14055 1245 10028
10028 1245 14055
13521 1010 8788
8788 1010 13521
1010 8788 13521
10071 9145 12548
9145 10071 12548
12548 9145 10071
5553 7215 11660
7215 5553 11660
11660 5553 7215
1582 4146 10696
10696 1582 4146
4146 1582 10696
13948 241 12359
241 12359 13948
12359 241 13948
3712 5244 6554
5244 3712 6554
6554 3712 5244
14338 5303 11421
11421 5303 14338
5303 11421 14338
6397 3354 4748
3354 4748 6397
4748 3354 6397
2125 4321 4464
4321 2125 4464
4464 2125 4321
4981 11427 13190
11427 4981 13190
13190 4981 11427
12695 637 11483
11483 637 12695
637 11483 12695
14349 4426 10941
10941 4426 14349
4426 10941 14349
10922 4411 6714
4411 6714 10922
6714 4411 10922
2644 8170 12668
8170 2644 12668
12668 2644 8170
5464 3514 7746
3514 5464 7746
7746 3514 5464
2983 3681 5091
3681 2983 5091
5091 2983 3681
4222 1046 8615
8615 1046 4222
1046 4222 8615
3322 1115 13066
13066 1115 3322
1115 3322 13066
9061 11527 12737
11527 9061 12737
12737 9061 11527
9131 5622 6746
6746 5622 9131
5622 6746 9131
7758 1847 7610
1847 7610 7758
7610 1847 7758
7949 1210 12051
1210 7949 12051
12051 1210 7949
467 7177 8001
8001 467 7177
7177 467 8001
2311 8118 11847
11847 2311 8118
8118 2311 11847
2151 521 8381
521 2151 8381
8381 521 2151
11662 2283 2763
2283 2763 11662
2763 2283 11662
7296 6118 14511
6118 7296 14511
14511 6118 7296
8009 5407 9954
5407 8009 9954
9954 5407 8009
14368 10903 13171
10903 13171 14368
13171 10903 14368
6725 1635 14417
1635 6725 14417
14417 1635 6725
13356 1255 10477
1255 10477 13356
10477 1255 13356
10204 778 1806
778 1806 10204
1806 778 10204
4955 9667 13231
9667 4955 13231
13231 4955 9667
13161 7674 12969
7674 12969 13161
12969 7674 13161
1653 2922 6835
6835 1653 2922
2922 1653 6835
14533 1117 8069
1117 8069 14533
8069 1117 14533
689 7371 14484
7371 689 14484
14484 689 7371
176 13545 14743
14743 176 13545
13545 176 14743
6457 7426 12263
12263 6457 7426
7426 6457 12263
2954 3039 13744
3039 2954 13744
13744 2954 3039
9921 12255 12523
12523 9921 12255
12255 9921 12523
7952 2807 10112
2807 7952 10112
10112 2807 7952
12705 556 9433
556 9433 12705
9433 556 12705
9058 13578 13798
13578 9058 13798
13798 9058 13578
10266 1355 8708
1355 8708 10266
8708 1355 10266
13028 2871 3412
3412 2871 13028
2871 3412 13028
5116 4912 9352
9352 4912 5116
4912 5116 9352
4171 1054 10450
1054 4171 10450
10450 1054 4171
10296 3156 14968
14968 3156 10296
3156 10296 14968
10217 5408 14595
5408 10217 14595
14595 5408 10217
11243 5190 9930
9930 5190 11243
5190 9930 11243
1521 811 10165
811 1521 10165
10165 811 1521
6933 1787 10186
10186 1787 6933
1787 6933 10186
9514 11777 12279
11777 9514 12279
12279 9514 11777
1841 12295 13442
13442 1841 12295
12295 1841 13442
10230 4678 5851
5851 4678 10230
4678 5851 10230
7557 5836 8259
5836 7557 8259
8259 5836 7557
1193 2654 12264
2654 1193 12264
12264 1193 2654
334 5031 9983
9983 334 5031
5031 334 9983
6733 4612 14757
4612 6733 14757
14757 4612 6733
14382 253 3014
3014 253 14382
253 3014 14382
4856 435 9751
9751 435 4856
435 4856 9751
4252 1955 10527
10527 1955 4252
1955 4252 10527
12544 851 4020
4020 851 12544
851 4020 12544
10232 5559 13432
5559 10232 13432
13432 5559 10232
4223 5933 14449
5933 4223 14449
14449 4223 5933
10799 1784 6207
1784 6207 10799
6207 1784 10799
12912 5275 7556
7556 5275 12912
5275 7556 12912
3553 5080 8429
8429 3553 5080
5080 3553 8429
4435 5885 11242
5885 4435 11242
11242 4435 5885
11059 10114 10672
10672 10114 11059
10114 10672 11059
14265 5914 8847
8847 5914 14265
5914 8847 14265
11699 8731 11629
8731 11629 11699
11629 8731 11699
305 13753 14301
13753 305 14301
14301 305 13753
9299 857 4115
4115 857 9299
857 4115 9299
1204 1598 12457
12457 1204 1598
1598 1204 12457
13129 6843 14048
6843 13129 14048
14048 6843 13129
9079 4877 12476
12476 4877 9079
4877 9079 12476
13850 5308 9208
9208 5308 13850
5308 9208 13850
12830 1186 2003
1186 2003 12830
2003 1186 12830
1471 5567 9305
9305 1471 5567
5567 1471 9305
3699 3576 10023
10023 3576 3699
3576 3699 10023
14596 1630 6716
6716 1630 14596
1630 6716 14596
10350 8093 12314
12314 8093 10350
8093 10350 12314
11843 199 2717
199 2717 11843
2717 199 11843
4604 1849 12566
12566 1849 4604
1849 4604 12566
8920 1641 2392
1641 2392 8920
2392 1641 8920
11933 300 4007
300 4007 11933
4007 300 11933
13400 12027 14870
12027 13400 14870
14870 12027 13400
2294 5066 13974
13974 2294 5066
5066 2294 13974
2979 10103 14574
14574 2979 10103
10103 2979 14574
11465 5360 7033
7033 5360 11465
5360 7033 11465
13951 8327 11786
8327 11786 13951
11786 8327 13951
12673 4057 14520
14520 4057 12673
4057 12673 14520
14555 3356 7911
3356 7911 14555
7911 3356 14555
11850 4952 6528
4952 6528 11850
6528 4952 11850
39 9494 9953
9953 39 9494
9494 39 9953
2904 4538 7383
4538 2904 7383
7383 2904 4538
5896 5507 12665
12665 5507 5896
5507 5896 12665
8780 3033 12698
12698 3033 8780
3033 8780 12698
681 233 13461
233 681 13461
13461 233 681
4089 10927 14692
14692 4089 10927
10927 4089 14692
13984 724 1622
724 1622 13984
1622 724 13984
12827 4421 8800
4421 8800 12827
8800 4421 12827
1004 1973 8579
8579 1004 1973
1973 1004 8579
8427 2605 5188
2605 5188 8427
5188 2605 8427
3287 2899 4808
4808 2899 3287
2899 3287 4808
12065 4242 5514
5514 4242 12065
4242 5514 12065
7968 10864 14327
10864 7968 14327
14327 7968 10864
8852 5640 9294
9294 5640 8852
5640 8852 9294
2825 156 3393
156 2825 3393
3393 156 2825
4557 6149 12330
12330 4557 6149
6149 4557 12330
11446 6839 11026
11026 6839 11446
6839 11026 11446
9839 5412 11414
5412 9839 11414
11414 5412 9839
6191 2755 6413
2755 6191 6413
6413 2755 6191
10365 9219 10740
9219 10365 10740
10740 9219 10365
11625 4736 11264
4736 11264 11625
11264 4736 11625
9289 6862 9781
6862 9289 9781
9781 6862 9289
9230 5684 13584
5684 9230 13584
13584 5684 9230
3139 757 9301
757 3139 9301
9301 757 3139
3661 267 5533
5533 267 3661
267 3661 5533
14365 1563 6583
1563 6583 14365
6583 1563 14365
6498 1502 4133
1502 4133 6498
4133 1502 6498
4564 9727 10451
10451 4564 9727
9727 4564 10451
3040 2548 3262
3262 2548 3040
2548 3040 3262
14981 5366 9432
9432 5366 14981
5366 9432 14981
8193 7694 7897
7694 7897 8193
7897 7694 8193
2709 3177 10537
3177 2709 10537
10537 2709 3177
12035 4371 14201
4371 12035 14201
14201 4371 12035
3380 7625 9412
7625 3380 9412
9412 3380 7625
10120 6651 14051
14051 6651 10120
6651 10120 14051
12421 1322 5328
5328 1322 12421
1322 5328 12421
5826 847 4217
4217 847 5826
847 4217 5826
4138 1124 3542
3542 1124 4138
1124 3542 4138
13311 4764 10993
10993 4764 13311
4764 10993 13311
1550 3766 14081
3766 1550 14081
14081 1550 3766
1874 12539 13589
13589 1874 12539
12539 1874 13589
704 2496 3675
3675 704 2496
2496 704 3675
9742 1907 11520
1907 9742 11520
11520 1907 9742
12868 10303 14577
10303 12868 14577
14577 10303 12868
10559 5361 8241
8241 5361 10559
5361 8241 10559
3314 9872 11416
11416 3314 9872
9872 3314 11416
716 2762 3592
3592 716 2762
2762 716 3592
107 2023 8391
2023 107 8391
8391 107 2023
3264 7626 12657
12657 3264 7626
7626 3264 12657
13919 3683 3984
3984 3683 13919
3683 3984 13919
6516 3608 9456
3608 6516 9456
9456 3608 6516
6274 3671 5422
5422 3671 6274
3671 5422 6274
7398 7891 9885
9885 7398 7891
7891 7398 9885
8276 2869 9575
9575 2869 8276
2869 8276 9575
10015 2941 6659
6659 2941 10015
2941 6659 10015
11915 4723 12097
12097 4723 11915
4723 11915 12097
8683 5233 6323
5233 6323 8683
6323 5233 8683
8618 6412 13087
6412 8618 13087
13087 6412 8618
6362 529 8033
529 6362 8033
8033 529 6362
5219 11004 14891
14891 5219 11004
11004 5219 14891
1766 7737 9666
7737 1766 9666
9666 1766 7737
6326 11053 12416
12416 6326 11053
11053 6326 12416
13871 7095 9275
7095 9275 13871
9275 7095 13871
754 4965 11067
4965 754 11067
11067 754 4965
1352 3582 5440
3582 1352 5440
5440 1352 3582
76 5404 14264
14264 76 5404
5404 76 14264
1233 470 10593
10593 470 1233
470 1233 10593
1109 7681 10972
10972 1109 7681
7681 1109 10972
5748 4144 5226
4144 5226 5748
5226 4144 5748
7728 3327 12475
3327 7728 12475
12475 3327 7728
1534 1044 10959
10959 1044 1534
1044 1534 10959
14267 7539 13950
7539 13950 14267
13950 7539 14267
2205 10119 14126
14126 2205 10119
10119 2205 14126
12493 7216 13653
7216 12493 13653
13653 7216 12493
9383 6273 7541
6273 7541 9383
7541 6273 9383
12450 3257 5301
5301 3257 12450
3257 5301 12450
7258 1090 13063
13063 1090 7258
1090 7258 13063
2774 11452 12825
11452 2774 12825
12825 2774 11452
9308 6977 14898
14898 6977 9308
6977 9308 14898
14297 12644 13044
13044 12644 14297
12644 13044 14297
7881 3938 5417
3938 5417 7881
5417 3938 7881
8459 11209 14200
14200 8459 11209
11209 8459 14200
14912 3041 6910
6910 3041 14912
3041 6910 14912
4482 389 9374
9374 389 4482
389 4482 9374
12503 7714 9952
7714 9952 12503
9952 7714 12503
13969 3329 14534
3329 13969 14534
14534 3329 13969
14662 2537 12473
2537 12473 14662
12473 2537 14662
7733 1249 7138
1249 7138 7733
7138 1249 7733
657 7548 9721
7548 657 9721
9721 657 7548
6664 4536 13916
4536 6664 13916
13916 4536 6664
4341 4112 13806
13806 4112 4341
4112 4341 13806
5770 5002 10724
10724 5002 5770
5002 5770 10724
7096 1621 9342
1621 7096 9342
9342 1621 7096
3058 7543 14935
7543 3058 14935
14935 3058 7543
13014 11468 13069
11468 13014 13069
13069 11468 13014
3243 1883 10430
10430 1883 3243
1883 3243 10430
6971 6693 8466
6693 6971 8466
8466 6693 6971
10618 10949 12485
10949 10618 12485
12485 10618 10949
1034 909 6479
909 1034 6479
6479 909 1034
4797 5547 8771
8771 4797 5547
5547 4797 8771
69 2980 10184
10184 69 2980
2980 69 10184
9840 4973 9627
9627 4973 9840
4973 9627 9840
9901 4496 6167
6167 4496 9901
4496 6167 9901
9244 12 9353
12 9244 9353
9353 12 9244
2197 5663 5669
5669 2197 5663
5663 2197 5669
9021 813 832
832 813 9021
813 832 9021
8415 5760 9030
9030 5760 8415
5760 8415 9030
9977 7673 9003
7673 9003 9977
9003 7673 9977
9185 747 2030
2030 747 9185
747 2030 9185
8018 7279 8167
7279 8018 8167
8167 7279 8018
10703 2963 3815
2963 3815 10703
3815 2963 10703
4980 9950 11119
11119 4980 9950
9950 4980 11119
1240 7652 10145
10145 1240 7652
7652 1240 10145
11905 2621 4574
4574 2621 11905
2621 4574 11905
6250 6722 13962
13962 6250 6722
6722 6250 13962
14499 5624 7717
7717 5624 14499
5624 7717 14499
640 2998 14257
14257 640 2998
2998 640 14257
10057 3493 4009
3493 4009 10057
4009 3493 10057
3127 5357 9831
9831 3127 5357
5357 3127 9831
4947 4322 9002
4322 4947 9002
9002 4322 4947
7904 3399 13460
13460 3399 7904
3399 7904 13460
10867 4499 7085
4499 7085 10867
7085 4499 10867
6789 77 5502
77 5502 6789
5502 77 6789
10018 2102 11839
11839 2102 10018
2102 10018 11839
834 2273 9198
2273 834 9198
9198 834 2273
3185 7058 8132
7058 3185 8132
8132 3185 7058
3174 737 3317
737 3174 3317
3317 737 3174
8237 9875 10362
10362 8237 9875
9875 8237 10362
7270 200 8287
8287 200 7270
200 7270 8287
8871 8445 11101
8445 8871 11101
11101 8445 8871
2188 3330 9639
9639 2188 3330
3330 2188 9639
3082 6591 13662
6591 3082 13662
13662 3082 6591
2588 5282 8623
8623 2588 5282
5282 2588 8623
7907 319 5487
319 5487 7907
5487 319 7907
5439 3305 14600
3305 5439 14600
14600 3305 5439
6513 3135 5626
3135 5626 6513
5626 3135 6513
10534 8713 13687
13687 8713 10534
8713 10534 13687
7807 1590 14431
1590 7807 14431
14431 1590 7807
2688 3160 12232
12232 2688 3160
3160 2688 12232
10585 5400 7863
5400 7863 10585
7863 5400 10585
4618 13079 14342
13079 4618 14342
14342 4618 13079
10054 2532 9264
2532 9264 10054
9264 2532 10054
9982 11587 13435
13435 9982 11587
11587 9982 13435
9265 12588 13886
13886 9265 12588
12588 9265 13886
5938 10291 12265
10291 5938 12265
12265 5938 10291
12882 14427 14622
14427 12882 14622
14622 12882 14427
7074 2094 11364
11364 2094 7074
2094 7074 11364
9585 6989 9172
9172 6989 9585
6989 9172 9585
12491 565 4707
4707 565 12491
565 4707 12491
12952 12966 14453
14453 12952 12966
12966 12952 14453
4118 2121 8893
2121 4118 8893
8893 2121 4118
9415 11473 14341
11473 9415 14341
14341 9415 11473
10098 1291 3159
1291 3159 10098
3159 1291 10098
12983 6069 7064
7064 6069 12983
6069 7064 12983
7239 4650 4937
4650 4937 7239
4937 4650 7239
14628 6647 13809
13809 6647 14628
6647 13809 14628
13611 2336 5093
2336 5093 13611
5093 2336 13611
5254 6087 7252
7252 5254 6087
6087 5254 7252
5410 6638 11857
6638 5410 11857
11857 5410 6638
7202 2916 3342
3342 2916 7202
2916 3342 7202
13561 9327 12904
9327 12904 13561
12904 9327 13561
13114 5969 10976
5969 10976 13114
10976 5969 13114
11612 5631 5670
5670 5631 11612
5631 5670 11612
3782 7359 12099
7359 3782 12099
12099 3782 7359
12245 532 9200
532 9200 12245
9200 532 12245
10357 981 8375
8375 981 10357
981 8375 10357
5243 1324 6997
6997 1324 5243
1324 5243 6997
3900 9668 10540
9668 3900 10540
10540 3900 9668
11498 4150 6955
6955 4150 11498
4150 6955 11498
8563 8020 13158
8020 8563 13158
13158 8020 8563
7767 5544 11853
5544 7767 11853
11853 5544 7767
5667 6145 14844
6145 5667 14844
14844 5667 6145
1483 4316 8931
8931 1483 4316
4316 1483 8931
3941 1773 3285
1773 3285 3941
3285 1773 3941
10116 6880 12689
12689 6880 10116
6880 10116 12689
14364 5001 7682
5001 7682 14364
7682 5001 14364
3233 1353 3442
3442 1353 3233
1353 3233 3442
5395 9510 9739
9510 5395 9739
9739 5395 9510
2251 9192 12672
9192 2251 12672
12672 2251 9192
12225 26 10932
10932 26 12225
26 10932 12225
5281 7347 10633
10633 5281 7347
7347 5281 10633
308 996 14409
996 308 14409
14409 308 996
9481 7713 13671
13671 7713 9481
7713 9481 13671
1553 10623 11667
10623 1553 11667
11667 1553 10623
11973 3654 13088
13088 3654 11973
3654 11973 13088
12656 4244 8626
8626 4244 12656
4244 8626 12656
11686 8695 9597
9597 8695 11686
8695 9597 11686
13476 4160 5259
5259 4160 13476
4160 5259 13476
4225 2924 14666
14666 2924 4225
2924 4225 14666
1050 1532 8015
1532 1050 8015
8015 1050 1532
4918 2234 9768
2234 4918 9768
9768 2234 4918
11859 8942 9077
8942 9077 11859
9077 8942 11859
14875 8932 11531
11531 8932 14875
8932 11531 14875
6006 2457 5956
2457 5956 6006
5956 2457 6006
1877 13657 14461
14461 1877 13657
13657 1877 14461
8294 9403 14952
14952 8294 9403
9403 8294 14952
14746 7879 8273
7879 8273 14746
8273 7879 14746
12791 9402 10940
9402 10940 12791
10940 9402 12791
2238 3834 11855
3834 2238 11855
11855 2238 3834
5866 6071 12140
12140 5866 6071
6071 5866 12140
3027 2710 7925
7925 2710 3027
2710 3027 7925
14488 3833 7458
3833 7458 14488
7458 3833 14488
3144 1114 13330
13330 1114 3144
1114 3144 13330
2180 8693 13070
13070 2180 8693
8693 2180 13070
12552 7921 13506
7921 12552 13506
13506 7921 12552
14436 1220 2568
2568 1220 14436
1220 2568 14436
9760 6293 12483
6293 9760 12483
12483 6293 9760
7644 326 13465
13465 326 7644
326 7644 13465
6276 1328 6484
6484 1328 6276
1328 6276 6484
3240 5070 13208
13208 3240 5070
5070 3240 13208
7844 6720 9878
9878 6720 7844
6720 7844 9878
5856 4637 7600
4637 5856 7600
7600 4637 5856
12875 6432 6642
6432 6642 12875
6642 6432 12875
9389 9168 10716
9168 9389 10716
10716 9168 9389
7843 3088 9392
9392 3088 7843
3088 7843 9392
7185 2445 14683
14683 2445 7185
2445 7185 14683
4183 1027 13659
1027 4183 13659
13659 1027 4183
8177 13228 13421
13421 8177 13228
13228 8177 13421
2196 10749 13205
10749 2196 13205
13205 2196 10749
14739 744 14270
744 14270 14739
14270 744 14739
11254 10221 11879
10221 11254 11879
11879 10221 11254
10320 5191 13899
5191 10320 13899
13899 5191 10320
645 58 8173
58 645 8173
8173 58 645
890 6636 14358
14358 890 6636
6636 890 14358
11486 3118 13436
3118 11486 13436
13436 3118 11486
5394 1129 5958
1129 5394 5958
5958 1129 5394
3321 1366 4753
1366 3321 4753
4753 1366 3321
10203 1488 13312
1488 10203 13312
13312 1488 10203
7164 2321 4508
4508 2321 7164
2321 4508 7164
10181 11090 12075
11090 10181 12075
12075 10181 11090
1476 437 3150
3150 437 1476
437 1476 3150
3148 9500 14695
9500 3148 14695
14695 3148 9500
363 2908 12769
2908 363 12769
12769 363 2908
2366 7021 8364
7021 2366 8364
8364 2366 7021
11100 8223 14648
14648 8223 11100
8223 11100 14648
2517 6674 8321
6674 2517 8321
8321 2517 6674
1906 6995 8694
8694 1906 6995
6995 1906 8694
13407 1964 5812
5812 1964 13407
1964 5812 13407
10177 2359 7000
7000 2359 10177
2359 7000 10177
14127 129 6727
6727 129 14127
129 6727 14127
6141 6319 13453
13453 6141 6319
6319 6141 13453
6451 4408 5932
4408 5932 6451
5932 4408 6451
11606 2274 14455
2274 11606 14455
14455 2274 11606
4490 878 5298
5298 878 4490
878 4490 5298
6058 97 6749
97 6058 6749
6749 97 6058
8491 4109 6186
4109 6186 8491
6186 4109 8491
8930 2506 6555
6555 2506 8930
2506 6555 8930
13374 6886 12318
12318 6886 13374
6886 12318 13374
13348 5038 6315
5038 6315 13348
6315 5038 13348
13941 4178 12979
4178 12979 13941
12979 4178 13941
11415 11226 13306
11226 11415 13306
13306 11226 11415
5481 8175 9306
8175 5481 9306
9306 5481 8175
13533 7194 9559
9559 7194 13533
7194 9559 13533
3601 3376 5341
5341 3376 3601
3376 3601 5341
10142 134 14073
14073 134 10142
134 10142 14073
8051 3665 5305
5305 3665 8051
3665 5305 8051
8593 3409 12710
3409 8593 12710
12710 3409 8593
12938 4777 9824
9824 4777 12938
4777 9824 12938
6499 4497 14074
14074 4497 6499
4497 6499 14074
2437 919 13880
13880 919 2437
919 2437 13880
10966 896 11986
11986 896 10966
896 10966 11986
2893 11763 12913
12913 2893 11763
11763 2893 12913
6787 11170 11610
11170 6787 11610
11610 6787 11170
8143 6968 10875
6968 8143 10875
10875 6968 8143
13934 3258 14477
3258 13934 14477
14477 3258 13934
7856 12936 14149
12936 7856 14149
14149 7856 12936
2562 11800 13508
11800 2562 13508
13508 2562 11800
11338 703 14660
14660 703 11338
703 11338 14660
6155 2991 7201
2991 6155 7201
7201 2991 6155
1105 5455 10928
5455 1105 10928
10928 1105 5455
11787 482 14900
14900 482 11787
482 11787 14900
12329 5157 8925
8925 5157 12329
5157 8925 12329
3405 8941 10625
8941 3405 10625
10625 3405 8941
13933 8249 13444
8249 13444 13933
13444 8249 13933
8733 5216 7104
7104 5216 8733
5216 7104 8733
7082 1096 3444
1096 3444 7082
3444 1096 7082
230 3021 6790
6790 230 3021
3021 230 6790
3005 4330 7439
7439 3005 4330
4330 3005 7439
12002 3734 12286
3734 12002 12286
12286 3734 12002
5668 10620 11794
10620 5668 11794
11794 5668 10620
5697 9656 12309
12309 5697 9656
9656 5697 12309
11519 3803 12038
3803 11519 12038
12038 3803 11519
12155 8674 11652
11652 8674 12155
8674 11652 12155
3334 2650 13669
13669 2650 3334
2650 3334 13669
5296 8957 12917
8957 5296 12917
12917 5296 8957
11105 2396 14850
14850 2396 11105
2396 11105 14850
13080 6859 13681
13681 6859 13080
6859 13080 13681
2880 7304 8494
8494 2880 7304
7304 2880 8494
9186 11098 13990
13990 9186 11098
11098 9186 13990
8651 634 2555
2555 634 8651
634 2555 8651
1106 6325 10264
10264 1106 6325
6325 1106 10264
8384 2257 11417
2257 8384 11417
11417 2257 8384
10123 10708 14486
10708 10123 14486
14486 10123 10708
8220 2451 9518
9518 2451 8220
2451 8220 9518
2079 1091 3419
3419 1091 2079
1091 2079 3419
6637 11362 11510
11510 6637 11362
11362 6637 11510
12124 7352 10274
7352 10274 12124
10274 7352 12124
7976 4621 8972
4621 7976 8972
8972 4621 7976
13740 271 5734
271 5734 13740
5734 271 13740
10705 9624 12037
9624 10705 12037
12037 9624 10705
4103 4436 7328
4436 4103 7328
7328 4103 4436
6771 11799 13812
11799 6771 13812
13812 6771 11799
12889 5874 13046
5874 12889 13046
13046 5874 12889
9072 5438 13856
5438 9072 13856
13856 5438 9072
8162 1541 4207
1541 4207 8162
4207 1541 8162
5045 579 10306
10306 579 5045
579 5045 10306
6411 2077 14507
14507 2077 6411
2077 6411 14507
8670 4501 6243
6243 4501 8670
4501 6243 8670
8650 2686 14347
2686 8650 14347
14347 2686 8650
4106 6751 7716
7716 4106 6751
6751 4106 7716
1983 5373 11012
5373 1983 11012
11012 1983 5373
8596 4185 14260
14260 4185 8596
4185 8596 14260
1332 368 2162
2162 368 1332
368 1332 2162
6080 6277 7310
6277 6080 7310
7310 6080 6277
1695 8428 12474
8428 1695 12474
12474 1695 8428
14418 2296 7580
2296 7580 14418
7580 2296 14418
1799 333 5162
333 1799 5162
5162 333 1799
1719 6578 11953
6578 1719 11953
11953 1719 6578
8318 4761 7016
4761 7016 8318
7016 4761 8318
1929 9720 13551
9720 1929 13551
13551 1929 9720
11493 1609 7913
7913 1609 11493
1609 7913 11493
14767 180 966
180 966 14767
966 180 14767
13466 9646 11585
11585 9646 13466
9646 11585 13466
8368 439 9650
9650 439 8368
439 8368 9650
278 3967 4006
4006 278 3967
3967 278 4006
12236 2467 13889
2467 12236 13889
13889 2467 12236
9142 3085 8641
8641 3085 9142
3085 8641 9142
8862 3770 14843
14843 3770 8862
3770 8862 14843
331 10100 10573
10573 331 10100
10100 331 10573
14861 7923 9729
7923 9729 14861
9729 7923 14861
11984 1444 9089
1444 9089 11984
9089 1444 11984
10245 11115 13084
13084 10245 11115
11115 10245 13084
7772 12626 14570
12626 7772 14570
14570 7772 12626
6934 2369 6094
2369 6094 6934
6094 2369 6934
14394 944 14469
14469 944 14394
944 14394 14469
4234 6029 7711
6029 4234 7711
7711 4234 6029
11274 3832 7529
3832 7529 11274
7529 3832 11274
11552 4290 12060
12060 4290 11552
4290 11552 12060
4513 6238 14306
14306 4513 6238
6238 4513 14306
3790 1730 8527
1730 3790 8527
8527 1730 3790
5064 5627 12203
5627 5064 12203
12203 5064 5627
12640 6044 10591
6044 10591 12640
10591 6044 12640
7637 13816 13965
13965 7637 13816
13816 7637 13965
5215 5719 6150
6150 5215 5719
5719 5215 6150
2935 3315 14500
14500 2935 3315
3315 2935 14500
8266 8621 8986
8986 8266 8621
8621 8266 8986
12789 4192 10013
4192 10013 12789
10013 4192 12789
1379 1073 2287
2287 1073 1379
1073 1379 2287
2758 1191 14763
1191 2758 14763
14763 1191 2758
6652 10445 11769
11769 6652 10445
10445 6652 11769
12732 162 2584
2584 162 12732
162 2584 12732
8667 9512 12019
9512 8667 12019
12019 8667 9512
1451 2115 6228
2115 1451 6228
6228 1451 2115
10983 9050 10024
10024 9050 10983
9050 10024 10983
10892 1396 2264
1396 2264 10892
2264 1396 10892
9189 3348 10462
3348 9189 10462
10462 3348 9189
1063 768 7211
768 1063 7211
7211 768 1063
4260 3668 6707
3668 4260 6707
6707 3668 4260
10436 839 5117
5117 839 10436
839 5117 10436
10250 13281 13477
13281 10250 13477
13477 10250 13281
5988 9815 14556
9815 5988 14556
14556 5988 9815
5759 4941 10294
4941 5759 10294
10294 4941 5759
11220 4323 9641
4323 9641 11220
9641 4323 11220
1524 4113 4347
4347 1524 4113
4113 1524 4347
12704 5614 12426
12426 5614 12704
5614 12426 12704
1637 4296 4760
4296 1637 4760
4760 1637 4296
4368 6628 12088
6628 4368 12088
12088 4368 6628
4891 9486 10525
9486 4891 10525
10525 4891 9486
8825 4951 6055
6055 4951 8825
4951 6055 8825
11225 4583 11182
11182 4583 11225
4583 11182 11225
13163 3349 6649
3349 6649 13163
6649 3349 13163
7704 838 13780
838 7704 13780
13780 838 7704
2779 4874 7592
4874 2779 7592
7592 2779 4874
167 4514 10793
10793 167 4514
4514 167 10793
6446 9974 10134
9974 6446 10134
10134 6446 9974
4849 600 11390
11390 600 4849
600 4849 11390
11860 4582 14481
14481 4582 11860
4582 11860 14481
3567 5214 13847
5214 3567 13847
13847 3567 5214
3908 527 8056
527 3908 8056
8056 527 3908
10832 3925 5268
3925 5268 10832
5268 3925 10832
3939 9976 10768
9976 3939 10768
10768 3939 9976
13973 3558 8603
3558 8603 13973
8603 3558 13973
514 4456 6096
4456 514 6096
6096 514 4456
14248 5182 8756
5182 8756 14248
8756 5182 14248
1079 5444 7337
7337 1079 5444
5444 1079 7337
9794 4656 6545
6545 4656 9794
4656 6545 9794
2497 3869 12610
3869 2497 12610
12610 2497 3869
3022 9287 9364
9364 3022 9287
9287 3022 9364
2204 3764 9351
9351 2204 3764
3764 2204 9351
13424 2853 9870
9870 2853 13424
2853 9870 13424
2808 6492 9882
6492 2808 9882
9882 2808 6492
1624 7372 11600
7372 1624 11600
11600 1624 7372
12435 8732 11597
11597 8732 12435
8732 11597 12435
8254 1677 6755
1677 6755 8254
6755 1677 8254
9714 7595 10853
10853 7595 9714
7595 9714 10853
4515 9790 13719
9790 4515 13719
13719 4515 9790
2639 3226 14799
3226 2639 14799
14799 2639 3226
7787 2587 4768
4768 2587 7787
2587 4768 7787
11771 6691 12293
12293 6691 11771
6691 11771 12293
5095 4781 12805
12805 4781 5095
4781 5095 12805
3708 3038 12811
12811 3038 3708
3038 3708 12811
9544 11866 13734
11866 9544 13734
13734 9544 11866
14070 3031 10493
10493 3031 14070
3031 10493 14070
402 9789 10224
9789 402 10224
10224 402 9789
13204 882 8752
882 8752 13204
8752 882 13204
10455 194 13304
194 10455 13304
13304 194 10455
4895 9538 14918
9538 4895 14918
14918 4895 9538
289 10616 12153
10616 289 12153
12153 289 10616
4924 6393 13906
13906 4924 6393
6393 4924 13906
7145 6626 8492
8492 6626 7145
6626 7145 8492
8846 577 12419
577 8846 12419
12419 577 8846
13195 8184 11432
11432 8184 13195
8184 11432 13195
2804 1350 1997
1350 1997 2804
1997 1350 2804
1670 4367 4905
4367 1670 4905
4905 1670 4367
7825 7973 12434
12434 7825 7973
7973 7825 12434
11883 12195 14754
14754 11883 12195
12195 11883 14754
6090 6670 9408
6670 6090 9408
9408 6090 6670
13341 12454 12989
12989 12454 13341
12454 12989 13341
11036 3432 13558
3432 11036 13558
13558 3432 11036
4688 7823 10440
7823 4688 10440
10440 4688 7823
14134 7388 14634
7388 14134 14634
14634 7388 14134
7068 4035 4946
4035 4946 7068
4946 4035 7068
13804 453 5381
453 5381 13804
5381 453 13804
12741 5952 10035
10035 5952 12741
5952 10035 12741
3997 47 13307
47 3997 13307
13307 47 3997
8697 7147 8793
8793 7147 8697
7147 8697 8793
8302 4343 12616
4343 8302 12616
12616 4343 8302
13305 2773 12696
2773 12696 13305
12696 2773 13305
172 884 9680
9680 172 884
884 172 9680
7982 2289 4212
4212 2289 7982
2289 4212 7982
10364 4816 6398
4816 6398 10364
6398 4816 10364
11155 12074 13921
13921 11155 12074
