63727 33265 102129
102129 33265 63727
33265 63727 102129
84019 45244 84133
45244 84019 84133
84133 45244 84019
53478 60102 74979
74979 53478 60102
60102 53478 74979
140068 107901 118213
107901 118213 140068
118213 107901 140068
128843 61614 83149
83149 61614 128843
61614 83149 128843
131907 4196 59439
4196 59439 131907
59439 4196 131907
115228 26856 139957
139957 26856 115228
26856 115228 139957
88895 33691 84511
33691 84511 88895
84511 33691 88895
89989 53990 69116
69116 53990 89989
53990 69116 89989
101391 62476 140104
140104 62476 101391
62476 101391 140104
52266 984 63368
984 52266 63368
63368 984 52266
106735 125807 129447
129447 106735 125807
125807 106735 129447
122931 97309 113975
97309 113975 122931
113975 97309 122931
96662 81509 93804
93804 81509 96662
81509 93804 96662
52587 26908 147036
147036 26908 52587
26908 52587 147036
131572 39724 90011
90011 39724 131572
39724 90011 131572
122139 431 141719
141719 431 122139
431 122139 141719
19811 39132 67029
67029 19811 39132
39132 19811 67029
124553 65631 130447
130447 65631 124553
65631 124553 130447
32222 31864 33386
31864 32222 33386
33386 31864 32222
1786 25205 85071
85071 1786 25205
25205 1786 85071
10574 78848 102390
102390 10574 78848
78848 10574 102390
20792 11805 76109
76109 11805 20792
11805 20792 76109
29134 33713 36838
36838 29134 33713
33713 29134 36838
113935 14874 67957
67957 14874 113935
14874 67957 113935
7394 94083 130226
130226 7394 94083
94083 7394 130226
60851 55463 140584
140584 55463 60851
55463 60851 140584
82518 34129 116847
116847 34129 82518
34129 82518 116847
6859 23890 142942
142942 6859 23890
23890 6859 142942
59905 14350 78071
14350 59905 78071
78071 14350 59905
122912 11152 91840
91840 11152 122912
11152 91840 122912
68470 15224 79394
79394 15224 68470
15224 68470 79394
56886 50005 100982
50005 56886 100982
100982 50005 56886
27498 51992 72053
51992 27498 72053
72053 27498 51992
9359 64632 148346
64632 9359 148346
148346 9359 64632
11383 3408 140121
140121 3408 11383
3408 11383 140121
82618 22473 80604
80604 22473 82618
22473 80604 82618
77291 1352 105234
105234 1352 77291
1352 77291 105234
33600 60870 94584
60870 33600 94584
94584 33600 60870
3734 65736 131558
65736 3734 131558
131558 3734 65736
41180 24803 86546
24803 41180 86546
86546 24803 41180
133951 96644 127972
96644 127972 133951
127972 96644 133951
108909 10904 121779
121779 10904 108909
10904 108909 121779
60855 89887 148753
89887 60855 148753
148753 60855 89887
8030 50108 56824
50108 8030 56824
56824 8030 50108
56551 51022 135996
135996 51022 56551
51022 56551 135996
11272 38402 145635
145635 11272 38402
38402 11272 145635
132493 1084 116555
1084 116555 132493
116555 1084 132493
32889 29858 128360
128360 29858 32889
29858 32889 128360
102938 69940 107255
69940 102938 107255
107255 69940 102938
100234 6833 120264
6833 100234 120264
120264 6833 100234
91101 1356 41803
41803 1356 91101
1356 41803 91101
2069 69061 132690
69061 2069 132690
132690 2069 69061
4813 49602 54750
49602 4813 54750
54750 4813 49602
123004 16390 20460
16390 20460 123004
20460 16390 123004
97509 13998 103608
103608 13998 97509
13998 97509 103608
134598 38223 58767
38223 58767 134598
58767 38223 134598
38997 70061 97460
70061 38997 97460
97460 38997 70061
130436 38566 133736
38566 130436 133736
133736 38566 130436
49691 105089 116721
116721 49691 105089
105089 49691 116721
91443 94472 121698
121698 91443 94472
94472 91443 121698
52125 9884 11513
9884 11513 52125
11513 9884 52125
113496 9718 47698
47698 9718 113496
9718 47698 113496
44785 15066 78212
15066 44785 78212
78212 15066 44785
41682 89476 127262
89476 41682 127262
127262 41682 89476
113248 18451 93394
93394 18451 113248
18451 93394 113248
67514 100152 112368
112368 67514 100152
100152 67514 112368
30199 555 18951
555 18951 30199
18951 555 30199
42778 33972 143111
33972 42778 143111
143111 33972 42778
56675 22183 135617
135617 22183 56675
22183 56675 135617
99327 30736 46095
46095 30736 99327
30736 46095 99327
83794 55821 146520
146520 55821 83794
55821 83794 146520
76213 58376 74881
74881 58376 76213
58376 74881 76213
144145 93014 126160
126160 93014 144145
93014 126160 144145
130805 98931 121338
98931 121338 130805
121338 98931 130805
91729 15075 137422
137422 15075 91729
15075 91729 137422
85889 58715 69686
58715 69686 85889
69686 58715 85889
12930 123 133022
123 12930 133022
133022 123 12930
9193 48042 134356
134356 9193 48042
48042 9193 134356
89274 7776 141351
141351 7776 89274
7776 89274 141351
99915 73039 132520
132520 73039 99915
73039 99915 132520
137072 107835 147429
107835 137072 147429
147429 107835 137072
17384 25637 49475
49475 17384 25637
25637 17384 49475
54067 46958 79461
79461 46958 54067
46958 54067 79461
66028 66123 148260
148260 66028 66123
66123 66028 148260
67528 107226 109172
107226 67528 109172
109172 67528 107226
93556 27988 82081
82081 27988 93556
27988 82081 93556
14366 26857 44730
44730 14366 26857
26857 14366 44730
66625 99591 134499
134499 66625 99591
99591 66625 134499
22911 128179 142522
142522 22911 128179
128179 22911 142522
108478 65709 123642
123642 65709 108478
65709 108478 123642
47593 46414 67076
46414 47593 67076
67076 46414 47593
76334 116747 148710
148710 76334 116747
116747 76334 148710
8334 93773 144691
144691 8334 93773
93773 8334 144691
87693 27473 103009
27473 87693 103009
103009 27473 87693
5064 64302 107190
107190 5064 64302
64302 5064 107190
50097 102302 149768
102302 50097 149768
149768 50097 102302
54332 77409 141255
77409 54332 141255
141255 54332 77409
126683 72636 98993
98993 72636 126683
72636 98993 126683
55703 47667 105179
105179 47667 55703
47667 55703 105179
112547 109136 127536
109136 112547 127536
127536 109136 112547
86169 115973 122416
115973 86169 122416
122416 86169 115973
108602 88343 112468
88343 108602 112468
112468 88343 108602
4801 47791 103661
47791 4801 103661
103661 4801 47791
86518 1855 52046
1855 52046 86518
52046 1855 86518
7346 32093 90019
32093 7346 90019
90019 7346 32093
55443 15244 44055
15244 44055 55443
44055 15244 55443
37826 23945 127794
23945 37826 127794
127794 23945 37826
84832 50655 106010
106010 50655 84832
50655 84832 106010
138823 73275 137956
137956 73275 138823
73275 137956 138823
112626 89337 111169
111169 89337 112626
89337 111169 112626
9950 97289 139595
97289 9950 139595
139595 9950 97289
58329 115142 139571
139571 58329 115142
115142 58329 139571
143088 6545 136274
136274 6545 143088
6545 136274 143088
4745 4882 77446
77446 4745 4882
4882 4745 77446
26945 88502 145136
88502 26945 145136
145136 26945 88502
100752 67674 129868
129868 67674 100752
67674 100752 129868
110205 36190 36653
36190 36653 110205
36653 36190 110205
92369 48919 63791
63791 48919 92369
48919 63791 92369
47742 103150 129347
103150 47742 129347
129347 47742 103150
23787 7219 17582
7219 17582 23787
17582 7219 23787
87378 81732 135657
135657 81732 87378
81732 87378 135657
84228 103042 140670
103042 84228 140670
140670 84228 103042
108067 61254 79992
79992 61254 108067
61254 79992 108067
2205 8858 125138
125138 2205 8858
8858 2205 125138
91213 68420 145369
68420 91213 145369
145369 68420 91213
94119 73338 115427
73338 94119 115427
115427 73338 94119
88320 142761 144752
144752 88320 142761
142761 88320 144752
41060 4227 136741
136741 4227 41060
4227 41060 136741
110066 100008 101281
101281 100008 110066
100008 101281 110066
43834 34144 81389
81389 34144 43834
34144 43834 81389
40451 14396 72087
14396 40451 72087
72087 14396 40451
141922 41042 75598
41042 75598 141922
75598 41042 141922
80197 19190 86051
19190 80197 86051
86051 19190 80197
62118 12968 31556
12968 31556 62118
31556 12968 62118
147380 9605 133451
133451 9605 147380
9605 133451 147380
102914 62928 116141
62928 102914 116141
116141 62928 102914
69426 18363 56970
18363 56970 69426
56970 18363 69426
72292 33321 149070
149070 33321 72292
33321 72292 149070
12361 20738 28141
20738 12361 28141
28141 12361 20738
63775 105233 115071
105233 63775 115071
115071 63775 105233
142193 63147 121519
63147 121519 142193
121519 63147 142193
14249 21105 149014
149014 14249 21105
21105 14249 149014
116275 101302 105770
101302 105770 116275
105770 101302 116275
91665 42192 149235
42192 91665 149235
149235 42192 91665
8496 13381 91686
91686 8496 13381
13381 8496 91686
132062 23055 143769
143769 23055 132062
23055 132062 143769
48271 90236 134009
90236 48271 134009
134009 48271 90236
4276 140597 148659
148659 4276 140597
140597 4276 148659
53997 1167 36660
1167 36660 53997
36660 1167 53997
43157 79678 87487
79678 43157 87487
87487 43157 79678
119082 41418 44492
41418 44492 119082
44492 41418 119082
34847 50270 71737
50270 34847 71737
71737 34847 50270
65799 106843 113118
113118 65799 106843
106843 65799 113118
119732 77311 120523
77311 119732 120523
120523 77311 119732
106317 38545 137627
38545 106317 137627
137627 38545 106317
45038 109546 111211
111211 45038 109546
109546 45038 111211
41912 35709 123197
35709 41912 123197
123197 35709 41912
63411 64954 106202
64954 63411 106202
106202 63411 64954
8784 7060 49268
7060 8784 49268
49268 7060 8784
42907 22387 121929
22387 42907 121929
121929 22387 42907
91782 127177 133100
127177 91782 133100
133100 91782 127177
59775 30723 123363
123363 30723 59775
30723 59775 123363
115955 10106 68154
68154 10106 115955
10106 68154 115955
61749 21509 50722
50722 21509 61749
21509 50722 61749
97394 5994 100748
100748 5994 97394
5994 97394 100748
113742 80472 98088
80472 98088 113742
98088 80472 113742
49349 17265 58533
58533 17265 49349
17265 49349 58533
5777 40846 50624
50624 5777 40846
40846 5777 50624
127684 119663 122398
122398 119663 127684
119663 122398 127684
111842 118484 141585
118484 111842 141585
141585 111842 118484
88534 32700 33087
32700 33087 88534
33087 32700 88534
131599 105528 149739
149739 105528 131599
105528 131599 149739
33685 120754 126977
126977 33685 120754
120754 33685 126977
25744 37808 85380
85380 25744 37808
37808 25744 85380
137081 41799 104165
104165 41799 137081
41799 104165 137081
56728 6768 127033
6768 56728 127033
127033 6768 56728
130454 23195 53112
53112 23195 130454
23195 53112 130454
135687 123089 136623
136623 123089 135687
123089 135687 136623
85210 37804 87526
87526 37804 85210
37804 85210 87526
10789 110628 122943
110628 10789 122943
122943 10789 110628
81619 32874 129678
32874 81619 129678
129678 32874 81619
82505 39595 130852
39595 82505 130852
130852 39595 82505
6516 126096 135359
126096 6516 135359
135359 6516 126096
57900 39118 47934
39118 47934 57900
47934 39118 57900
48832 15468 136322
136322 15468 48832
15468 48832 136322
125577 5277 149313
5277 125577 149313
149313 5277 125577
29707 32052 129133
32052 29707 129133
129133 29707 32052
71853 32264 123322
123322 32264 71853
32264 71853 123322
132790 28003 90673
28003 90673 132790
90673 28003 132790
60539 43277 65837
43277 60539 65837
65837 43277 60539
106656 62059 114127
114127 62059 106656
62059 106656 114127
101983 7915 98615
7915 98615 101983
98615 7915 101983
21249 57189 73567
57189 21249 73567
73567 21249 57189
26344 34566 95843
95843 26344 34566
34566 26344 95843
49425 80700 81568
80700 49425 81568
81568 49425 80700
113239 73243 125054
125054 73243 113239
73243 113239 125054
14992 6120 124520
6120 14992 124520
124520 6120 14992
68547 20780 145098
20780 68547 145098
145098 20780 68547
10056 117411 120682
117411 10056 120682
120682 10056 117411
103694 98281 123702
123702 98281 103694
98281 103694 123702
37186 101270 108849
101270 37186 108849
108849 37186 101270
76680 133665 135962
135962 76680 133665
133665 76680 135962
79236 13635 56826
56826 13635 79236
13635 56826 79236
146304 117704 129321
117704 129321 146304
129321 117704 146304
80423 29173 73795
29173 73795 80423
73795 29173 80423
8773 44831 136402
136402 8773 44831
44831 8773 136402
98698 73206 107141
107141 73206 98698
73206 98698 107141
4666 71053 129391
71053 4666 129391
129391 4666 71053
102265 30308 32262
30308 32262 102265
32262 30308 102265
109197 9907 77153
77153 9907 109197
9907 77153 109197
5884 68452 106486
68452 5884 106486
106486 5884 68452
96728 31526 134537
134537 31526 96728
31526 96728 134537
16254 5356 114476
114476 5356 16254
5356 16254 114476
46806 80010 141856
80010 46806 141856
141856 46806 80010
20362 17774 47321
17774 20362 47321
47321 17774 20362
90512 14840 25607
25607 14840 90512
14840 25607 90512
25740 31424 72439
72439 25740 31424
31424 25740 72439
78327 2153 14522
14522 2153 78327
2153 14522 78327
64368 33563 106375
106375 33563 64368
33563 64368 106375
95462 33274 66179
33274 66179 95462
66179 33274 95462
25662 118604 130708
118604 25662 130708
130708 25662 118604
84606 24969 113723
113723 24969 84606
24969 84606 113723
136356 114231 122195
122195 114231 136356
114231 122195 136356
30792 124216 136094
136094 30792 124216
124216 30792 136094
85395 14940 38282
38282 14940 85395
14940 38282 85395
55258 82853 91870
91870 55258 82853
82853 55258 91870
100735 51182 143027
51182 100735 143027
143027 51182 100735
21924 15739 129839
15739 21924 129839
129839 15739 21924
123524 11482 58152
58152 11482 123524
11482 58152 123524
113502 44057 67409
67409 44057 113502
44057 67409 113502
26296 83382 88228
83382 26296 88228
88228 26296 83382
12343 113394 139456
139456 12343 113394
113394 12343 139456
147531 17587 126123
17587 126123 147531
126123 17587 147531
145476 76638 143770
76638 143770 145476
143770 76638 145476
44927 80611 95758
95758 44927 80611
80611 44927 95758
121481 4587 84090
84090 4587 121481
4587 84090 121481
107267 39995 141302
39995 107267 141302
141302 39995 107267
80750 21210 89123
21210 80750 89123
89123 21210 80750
91478 49211 132724
49211 91478 132724
132724 49211 91478
12795 55706 126149
55706 12795 126149
126149 12795 55706
59168 73006 143781
143781 59168 73006
73006 59168 143781
25819 32021 104473
32021 25819 104473
104473 25819 32021
79429 54512 92134
92134 54512 79429
54512 79429 92134
28499 23858 35744
23858 28499 35744
35744 23858 28499
143326 34759 147102
34759 143326 147102
147102 34759 143326
116284 90283 101624
90283 101624 116284
101624 90283 116284
56845 1728 60205
1728 56845 60205
60205 1728 56845
134238 18582 47134
47134 18582 134238
18582 47134 134238
60305 62848 121552
121552 60305 62848
62848 60305 121552
107724 55972 103255
55972 103255 107724
103255 55972 107724
86268 32363 102020
32363 86268 102020
102020 32363 86268
109424 46893 123897
46893 109424 123897
123897 46893 109424
111850 19216 102405
102405 19216 111850
19216 102405 111850
41105 59958 126756
59958 41105 126756
126756 41105 59958
10905 84676 108747
108747 10905 84676
84676 10905 108747
25011 12048 109500
109500 12048 25011
12048 25011 109500
46057 31415 82730
31415 46057 82730
82730 31415 46057
146959 128395 135825
135825 128395 146959
128395 135825 146959
114532 14897 77050
14897 77050 114532
77050 14897 114532
32002 41818 51517
51517 32002 41818
41818 32002 51517
87426 79936 127342
127342 79936 87426
79936 87426 127342
107994 133883 147832
147832 107994 133883
133883 107994 147832
43020 35240 86412
35240 43020 86412
86412 35240 43020
8876 14587 106684
106684 8876 14587
14587 8876 106684
134363 24155 85855
24155 85855 134363
85855 24155 134363
56399 40119 92631
92631 40119 56399
40119 56399 92631
12121 113151 149542
113151 12121 149542
149542 12121 113151
135091 34119 123412
123412 34119 135091
34119 123412 135091
10820 44746 94414
94414 10820 44746
44746 10820 94414
141485 119562 148436
148436 119562 141485
119562 141485 148436
118846 22734 147570
22734 118846 147570
147570 22734 118846
18807 116514 130995
116514 18807 130995
130995 18807 116514
6883 81672 93712
81672 6883 93712
93712 6883 81672
97635 57590 72302
57590 72302 97635
72302 57590 97635
132356 36834 66094
36834 66094 132356
66094 36834 132356
7138 5703 40532
5703 7138 40532
40532 5703 7138
109948 24211 148701
148701 24211 109948
24211 109948 148701
100923 78718 105553
105553 78718 100923
78718 100923 105553
124936 97498 135053
135053 97498 124936
97498 124936 135053
134096 83228 83806
83806 83228 134096
83228 83806 134096
144815 8527 93003
93003 8527 144815
8527 93003 144815
134082 13153 102992
102992 13153 134082
13153 102992 134082
63050 77229 146706
77229 63050 146706
146706 63050 77229
21157 25284 44551
44551 21157 25284
25284 21157 44551
30732 32139 139435
32139 30732 139435
139435 30732 32139
108094 12990 92282
12990 92282 108094
92282 12990 108094
133872 2292 127543
127543 2292 133872
2292 127543 133872
75643 80882 114789
114789 75643 80882
80882 75643 114789
97740 25862 55462
25862 55462 97740
55462 25862 97740
136187 52156 76586
76586 52156 136187
52156 76586 136187
149874 21686 142239
142239 21686 149874
21686 142239 149874
20929 96153 137541
137541 20929 96153
96153 20929 137541
149684 1887 45503
1887 45503 149684
45503 1887 149684
149615 91214 121513
91214 121513 149615
121513 91214 149615
83169 17272 61178
61178 17272 83169
17272 61178 83169
22498 19201 123884
19201 22498 123884
123884 19201 22498
128490 40872 42487
42487 40872 128490
40872 42487 128490
78992 45872 53926
53926 45872 78992
45872 53926 78992
69837 72565 82791
82791 69837 72565
72565 69837 82791
73525 36321 64950
36321 64950 73525
64950 36321 73525
32996 42672 86157
42672 32996 86157
86157 32996 42672
51402 81907 110382
110382 51402 81907
81907 51402 110382
46395 11764 100095
100095 11764 46395
11764 46395 100095
115576 6909 89283
89283 6909 115576
6909 89283 115576
3210 37393 139605
37393 3210 139605
139605 3210 37393
11449 85800 119948
119948 11449 85800
85800 11449 119948
95863 50107 90918
50107 90918 95863
90918 50107 95863
45852 48695 104311
104311 45852 48695
48695 45852 104311
17749 101676 131337
101676 17749 131337
131337 17749 101676
75688 24933 149392
24933 75688 149392
149392 24933 75688
7022 19070 46854
46854 7022 19070
19070 7022 46854
81207 94905 130315
130315 81207 94905
94905 81207 130315
127580 66166 131231
131231 66166 127580
66166 127580 131231
25935 18786 20162
20162 18786 25935
18786 20162 25935
28380 111129 122615
111129 28380 122615
122615 28380 111129
8119 55779 133248
133248 8119 55779
55779 8119 133248
113477 65753 92967
65753 92967 113477
92967 65753 113477
55242 29835 100148
29835 55242 100148
100148 29835 55242
79162 91753 123734
91753 79162 123734
123734 79162 91753
124149 14962 87639
87639 14962 124149
14962 87639 124149
95392 15669 70889
70889 15669 95392
15669 70889 95392
141995 10230 21169
10230 21169 141995
21169 10230 141995
106360 62580 98751
98751 62580 106360
62580 98751 106360
30393 8944 121976
121976 8944 30393
8944 30393 121976
67752 13117 25674
25674 13117 67752
13117 25674 67752
109058 65479 111401
65479 109058 111401
111401 65479 109058
122601 48550 59677
48550 59677 122601
59677 48550 122601
42480 30611 54914
30611 42480 54914
54914 30611 42480
42712 101771 131922
101771 42712 131922
131922 42712 101771
60548 32519 115369
115369 32519 60548
32519 60548 115369
142705 7969 101141
7969 101141 142705
101141 7969 142705
21404 40127 139669
40127 21404 139669
139669 21404 40127
147404 34170 120641
34170 120641 147404
120641 34170 147404
7875 49719 141660
49719 7875 141660
141660 7875 49719
121739 97741 129884
129884 97741 121739
97741 121739 129884
139053 24535 69675
69675 24535 139053
24535 69675 139053
41205 29038 49767
29038 41205 49767
49767 29038 41205
82883 73654 119202
119202 73654 82883
73654 82883 119202
124688 25376 64175
64175 25376 124688
25376 64175 124688
31513 65222 136106
65222 31513 136106
136106 31513 65222
64139 65382 76682
65382 64139 76682
76682 64139 65382
122145 2980 44286
2980 44286 122145
44286 2980 122145
85979 14556 88469
14556 85979 88469
88469 14556 85979
137565 65265 81525
81525 65265 137565
65265 81525 137565
25544 105925 111798
105925 25544 111798
111798 25544 105925
64541 34511 39506
34511 39506 64541
39506 34511 64541
68118 50464 65584
65584 50464 68118
50464 65584 68118
80256 32661 47841
32661 47841 80256
47841 32661 80256
84819 6623 90225
90225 6623 84819
6623 84819 90225
35346 24730 29489
29489 24730 35346
24730 29489 35346
81561 79945 95894
79945 81561 95894
95894 79945 81561
74834 70156 89669
89669 70156 74834
70156 74834 89669
98143 31653 79487
79487 31653 98143
31653 79487 98143
46210 138412 139246
138412 46210 139246
139246 46210 138412
39821 14337 146952
146952 14337 39821
14337 39821 146952
145027 48099 61772
48099 61772 145027
61772 48099 145027
21617 49999 81536
81536 21617 49999
49999 21617 81536
130148 53938 136927
136927 53938 130148
53938 130148 136927
40455 99578 108812
108812 40455 99578
99578 40455 108812
107192 41458 106413
41458 106413 107192
106413 41458 107192
135127 35495 77902
77902 35495 135127
35495 77902 135127
87553 65809 88386
65809 87553 88386
88386 65809 87553
114488 44745 138206
138206 44745 114488
44745 114488 138206
142422 33696 92092
92092 33696 142422
33696 92092 142422
107268 26129 98194
98194 26129 107268
26129 98194 107268
57987 123058 148279
148279 57987 123058
123058 57987 148279
60706 106637 140957
140957 60706 106637
106637 60706 140957
17036 77732 132705
132705 17036 77732
77732 17036 132705
88377 16249 81891
81891 16249 88377
16249 81891 88377
39634 76667 143222
143222 39634 76667
76667 39634 143222
47580 45674 130032
130032 45674 47580
45674 47580 130032
17999 5033 78595
78595 5033 17999
5033 17999 78595
18557 142890 143790
143790 18557 142890
142890 18557 143790
34616 35223 104050
35223 34616 104050
104050 34616 35223
138817 128576 133382
133382 128576 138817
128576 133382 138817
7413 512 57141
57141 512 7413
512 7413 57141
127335 51934 93152
93152 51934 127335
51934 93152 127335
11179 21648 105691
105691 11179 21648
21648 11179 105691
136553 25612 127565
25612 127565 136553
127565 25612 136553
84502 60264 125641
125641 60264 84502
60264 84502 125641
57966 23006 46341
23006 46341 57966
46341 23006 57966
29837 120892 130441
130441 29837 120892
120892 29837 130441
136947 47462 103366
47462 103366 136947
103366 47462 136947
88723 19944 77375
77375 19944 88723
19944 77375 88723
72165 4752 71141
71141 4752 72165
4752 71141 72165
20976 80212 90289
90289 20976 80212
80212 20976 90289
82797 59460 89730
89730 59460 82797
59460 82797 89730
117080 133669 148958
148958 117080 133669
133669 117080 148958
3862 90947 118247
118247 3862 90947
90947 3862 118247
94367 17025 135796
17025 94367 135796
135796 17025 94367
53405 38137 133378
133378 38137 53405
38137 53405 133378
49421 45302 102045
45302 49421 102045
102045 45302 49421
72711 41442 75151
41442 72711 75151
75151 41442 72711
21749 9242 48395
9242 21749 48395
48395 9242 21749
37553 40638 121385
121385 37553 40638
40638 37553 121385
16791 73011 129132
73011 16791 129132
129132 16791 73011
75833 3624 17469
17469 3624 75833
3624 17469 75833
147271 133477 142290
142290 133477 147271
133477 142290 147271
27874 68586 105056
105056 27874 68586
68586 27874 105056
91287 15403 144276
144276 15403 91287
15403 91287 144276
103644 29988 100124
100124 29988 103644
29988 100124 103644
17919 6894 21653
21653 6894 17919
6894 17919 21653
73217 60837 133352
133352 60837 73217
60837 73217 133352
98787 121937 134452
134452 98787 121937
121937 98787 134452
45787 126477 144612
144612 45787 126477
126477 45787 144612
1022 20613 147660
147660 1022 20613
20613 1022 147660
147464 24994 93897
93897 24994 147464
24994 93897 147464
115262 65495 107820
65495 107820 115262
107820 65495 115262
2990 6583 21670
21670 2990 6583
6583 2990 21670
68935 128582 147738
128582 68935 147738
147738 68935 128582
24649 44196 45967
45967 24649 44196
44196 24649 45967
57622 9212 37664
9212 37664 57622
37664 9212 57622
97084 73584 142932
142932 73584 97084
73584 97084 142932
117356 10804 108140
108140 10804 117356
10804 108140 117356
115522 1665 83699
1665 83699 115522
83699 1665 115522
8737 123804 124432
124432 8737 123804
123804 8737 124432
34284 16026 106024
106024 16026 34284
16026 34284 106024
52406 47543 135020
135020 47543 52406
47543 52406 135020
123881 26536 41255
26536 41255 123881
41255 26536 123881
49825 10538 128332
10538 49825 128332
128332 10538 49825
139424 26037 124181
26037 124181 139424
124181 26037 139424
109098 50032 92159
92159 50032 109098
50032 92159 109098
21649 54079 92896
92896 21649 54079
54079 21649 92896
101447 114466 138411
114466 101447 138411
138411 101447 114466
23609 88885 138753
88885 23609 138753
138753 23609 88885
20944 60617 81822
60617 20944 81822
81822 20944 60617
146122 29843 42782
29843 42782 146122
42782 29843 146122
120856 69717 144576
144576 69717 120856
69717 120856 144576
39013 43881 120104
120104 39013 43881
43881 39013 120104
13768 20049 126273
20049 13768 126273
126273 13768 20049
44760 93663 106982
93663 44760 106982
106982 44760 93663
128064 90598 135780
90598 128064 135780
135780 90598 128064
95817 14110 17303
14110 17303 95817
17303 14110 95817
50495 54618 133595
54618 50495 133595
133595 50495 54618
66815 103564 112953
103564 66815 112953
112953 66815 103564
1617 7639 81818
7639 1617 81818
81818 1617 7639
77605 114812 118669
114812 77605 118669
118669 77605 114812
139919 57676 73745
73745 57676 139919
57676 73745 139919
49788 49884 137016
49884 49788 137016
137016 49788 49884
31956 25219 90985
25219 31956 90985
90985 25219 31956
119728 3378 80207
3378 80207 119728
80207 3378 119728
27041 60561 130596
60561 27041 130596
130596 27041 60561
78087 35760 46943
46943 35760 78087
35760 46943 78087
66186 84307 122210
122210 66186 84307
84307 66186 122210
121077 41992 59165
41992 59165 121077
59165 41992 121077
39579 23082 48546
23082 39579 48546
48546 23082 39579
141413 70177 89030
70177 89030 141413
89030 70177 141413
81766 113735 136611
136611 81766 113735
113735 81766 136611
35986 47256 52186
52186 35986 47256
47256 35986 52186
96866 91281 97387
91281 96866 97387
97387 91281 96866
116180 2444 123809
2444 116180 123809
123809 2444 116180
41643 623 10723
10723 623 41643
623 10723 41643
52212 9908 16661
9908 16661 52212
16661 9908 52212
38944 14546 116076
116076 14546 38944
14546 38944 116076
40562 2726 42894
2726 40562 42894
42894 2726 40562
116202 10127 121504
121504 10127 116202
10127 116202 121504
69781 89385 149187
149187 69781 89385
89385 69781 149187
2070 19373 98956
19373 2070 98956
98956 2070 19373
84414 71180 107170
107170 71180 84414
71180 84414 107170
73695 53173 94078
53173 73695 94078
94078 53173 73695
123265 49332 108440
49332 108440 123265
108440 49332 123265
39284 31590 35816
35816 31590 39284
31590 35816 39284
39414 133379 134439
134439 39414 133379
133379 39414 134439
102467 17561 148324
17561 102467 148324
148324 17561 102467
56293 36343 146479
146479 36343 56293
36343 56293 146479
47068 63426 72244
63426 47068 72244
72244 47068 63426
97264 156 39737
39737 156 97264
156 39737 97264
82335 87661 102160
87661 82335 102160
102160 82335 87661
72105 3776 68038
68038 3776 72105
3776 68038 72105
104040 5493 110982
110982 5493 104040
5493 104040 110982
96131 85823 127759
127759 85823 96131
85823 96131 127759
106770 15720 78775
15720 78775 106770
78775 15720 106770
135672 27271 147424
147424 27271 135672
27271 135672 147424
27545 103417 138926
103417 27545 138926
138926 27545 103417
18311 64644 135400
64644 18311 135400
135400 18311 64644
81356 96680 129364
96680 81356 129364
129364 81356 96680
64870 9577 132115
132115 9577 64870
9577 64870 132115
80411 13854 57975
57975 13854 80411
13854 57975 80411
133468 90724 96729
90724 96729 133468
96729 90724 133468
13841 35870 99486
35870 13841 99486
99486 13841 35870
12963 83502 121345
83502 12963 121345
121345 12963 83502
96382 34563 78007
34563 78007 96382
78007 34563 96382
63863 14974 132032
14974 63863 132032
132032 14974 63863
104081 85253 105003
85253 104081 105003
105003 85253 104081
65898 51136 115119
51136 65898 115119
115119 51136 65898
89727 41593 63420
41593 63420 89727
63420 41593 89727
61373 35318 122731
122731 35318 61373
35318 61373 122731
104394 40608 118822
118822 40608 104394
40608 104394 118822
3790 5808 117175
5808 3790 117175
117175 3790 5808
139097 56143 91352
56143 91352 139097
91352 56143 139097
87635 29735 39069
39069 29735 87635
29735 39069 87635
81457 4306 116518
116518 4306 81457
4306 81457 116518
26983 14969 74193
14969 26983 74193
74193 14969 26983
57434 91315 148667
91315 57434 148667
148667 57434 91315
38892 71580 103929
103929 38892 71580
71580 38892 103929
29002 15314 145832
15314 29002 145832
145832 15314 29002
133077 38837 95686
38837 95686 133077
95686 38837 133077
73669 79472 142244
142244 73669 79472
79472 73669 142244
16365 11312 45843
45843 11312 16365
11312 16365 45843
71714 29507 58167
58167 29507 71714
29507 58167 71714
146991 97015 100265
100265 97015 146991
97015 100265 146991
148456 19173 23196
23196 19173 148456
19173 23196 148456
36645 98829 139810
139810 36645 98829
98829 36645 139810
26845 23304 122376
23304 26845 122376
122376 23304 26845
117821 75726 76209
76209 75726 117821
75726 76209 117821
66101 76094 78120
76094 66101 78120
78120 66101 76094
16583 18609 144070
18609 16583 144070
144070 16583 18609
62895 3968 109056
109056 3968 62895
3968 62895 109056
7675 67201 140270
140270 7675 67201
67201 7675 140270
121461 50014 97906
50014 97906 121461
97906 50014 121461
60499 94434 114082
94434 60499 114082
114082 60499 94434
4932 66308 112102
112102 4932 66308
66308 4932 112102
42165 11096 16337
11096 16337 42165
16337 11096 42165
9812 35326 139768
35326 9812 139768
139768 9812 35326
81782 18424 78792
78792 18424 81782
18424 78792 81782
87719 66250 136153
66250 87719 136153
136153 66250 87719
106354 16243 103943
103943 16243 106354
16243 103943 106354
144969 23073 40247
40247 23073 144969
23073 40247 144969
54003 17845 34679
34679 17845 54003
17845 34679 54003
141963 33455 51429
33455 51429 141963
51429 33455 141963
20814 34400 124533
34400 20814 124533
124533 20814 34400
104957 36680 134417
134417 36680 104957
36680 104957 134417
86931 32310 116103
32310 86931 116103
116103 32310 86931
141769 50141 137245
137245 50141 141769
50141 137245 141769
118992 25132 87046
87046 25132 118992
25132 87046 118992
18418 67587 133307
67587 18418 133307
133307 18418 67587
101755 71848 136037
71848 101755 136037
136037 71848 101755
106411 6192 22355
22355 6192 106411
6192 22355 106411
56100 18976 75336
18976 56100 75336
75336 18976 56100
125149 1423 97188
97188 1423 125149
1423 97188 125149
67931 14612 71683
14612 67931 71683
71683 14612 67931
95947 5340 97005
5340 95947 97005
97005 5340 95947
55092 3755 58089
3755 55092 58089
58089 3755 55092
146716 57917 147933
147933 57917 146716
57917 146716 147933
148883 76906 99761
99761 76906 148883
76906 99761 148883
72346 13236 148587
13236 72346 148587
148587 13236 72346
101510 86563 143368
143368 86563 101510
86563 101510 143368
54647 74619 92781
92781 54647 74619
74619 54647 92781
71491 65246 105460
105460 65246 71491
65246 71491 105460
71728 43249 101023
43249 71728 101023
101023 43249 71728
24422 50008 66600
66600 24422 50008
50008 24422 66600
146326 81038 127799
127799 81038 146326
81038 127799 146326
107308 58991 96398
58991 96398 107308
96398 58991 107308
145668 76485 149310
76485 145668 149310
149310 76485 145668
34554 30007 125421
125421 30007 34554
30007 34554 125421
60274 6726 126490
6726 60274 126490
126490 6726 60274
67723 46471 126080
46471 67723 126080
126080 46471 67723
64800 4446 58964
58964 4446 64800
4446 58964 64800
22817 81258 136113
136113 22817 81258
81258 22817 136113
146450 75470 145487
75470 145487 146450
145487 75470 146450
39375 88911 145986
88911 39375 145986
145986 39375 88911
112768 96274 118666
96274 112768 118666
118666 96274 112768
95142 83940 97033
83940 95142 97033
97033 83940 95142
83534 75676 89747
89747 75676 83534
75676 83534 89747
11810 8072 145551
145551 8072 11810
8072 11810 145551
24506 1691 69835
69835 1691 24506
1691 24506 69835
97228 123002 123835
123002 97228 123835
123835 97228 123002
122677 58907 86070
86070 58907 122677
58907 86070 122677
80229 20061 117331
20061 80229 117331
117331 20061 80229
101864 120337 123312
123312 101864 120337
120337 101864 123312
133490 59410 140417
59410 133490 140417
140417 59410 133490
69554 45176 56775
45176 56775 69554
56775 45176 69554
12314 8690 37331
37331 8690 12314
8690 12314 37331
97504 4233 65149
4233 65149 97504
65149 4233 97504
50006 49312 129211
129211 49312 50006
49312 50006 129211
24486 81107 89937
81107 24486 89937
89937 24486 81107
55017 45303 88804
88804 45303 55017
45303 55017 88804
88545 23977 83348
83348 23977 88545
23977 83348 88545
28970 67942 82286
67942 28970 82286
82286 28970 67942
39320 70741 85734
85734 39320 70741
70741 39320 85734
60815 140873 141698
140873 60815 141698
141698 60815 140873
50717 17672 50101
50101 17672 50717
17672 50101 50717
123428 93026 108370
108370 93026 123428
93026 108370 123428
29054 64241 79605
64241 29054 79605
79605 29054 64241
48823 79695 117997
79695 48823 117997
117997 48823 79695
16067 18962 52294
18962 16067 52294
52294 16067 18962
61041 101418 129863
101418 61041 129863
129863 61041 101418
16370 38263 39829
39829 16370 38263
38263 16370 39829
80242 19746 116131
116131 19746 80242
19746 80242 116131
79698 80255 125006
125006 79698 80255
80255 79698 125006
63710 93479 141321
141321 63710 93479
93479 63710 141321
9081 62217 104363
62217 9081 104363
104363 9081 62217
101163 25719 74019
74019 25719 101163
25719 74019 101163
149016 33920 114653
114653 33920 149016
33920 114653 149016
94468 80769 147763
80769 94468 147763
147763 80769 94468
99437 80595 118059
80595 99437 118059
118059 80595 99437
123257 64336 136943
64336 123257 136943
136943 64336 123257
17606 8855 69626
69626 8855 17606
8855 17606 69626
121796 101101 125700
101101 121796 125700
125700 101101 121796
79770 4397 75777
75777 4397 79770
4397 75777 79770
75046 17441 79295
79295 17441 75046
17441 75046 79295
90097 108337 108668
108668 90097 108337
108337 90097 108668
117420 65904 95889
95889 65904 117420
65904 95889 117420
104669 67096 79659
67096 79659 104669
79659 67096 104669
64651 37026 119659
37026 64651 119659
119659 37026 64651
100117 10558 101114
10558 100117 101114
101114 10558 100117
28842 51661 91898
51661 28842 91898
91898 28842 51661
139596 15666 71833
15666 71833 139596
71833 15666 139596
141739 74258 119542
74258 119542 141739
119542 74258 141739
110694 32327 118796
118796 32327 110694
32327 110694 118796
93657 15875 76662
15875 76662 93657
76662 15875 93657
124722 32485 107854
107854 32485 124722
32485 107854 124722
15051 82610 101067
82610 15051 101067
101067 15051 82610
82406 89343 125211
125211 82406 89343
89343 82406 125211
128501 67605 137509
137509 67605 128501
67605 128501 137509
143381 94485 142003
94485 142003 143381
142003 94485 143381
48462 6252 122378
122378 6252 48462
6252 48462 122378
24071 25338 59948
25338 24071 59948
59948 24071 25338
126812 32162 59949
59949 32162 126812
32162 59949 126812
53460 77585 114622
114622 53460 77585
77585 53460 114622
50706 92931 128989
128989 50706 92931
92931 50706 128989
141344 50410 72854
50410 72854 141344
72854 50410 141344
45636 114721 148579
114721 45636 148579
148579 45636 114721
87645 15813 46534
46534 15813 87645
15813 46534 87645
135665 63300 133066
63300 133066 135665
133066 63300 135665
89608 1738 8728
8728 1738 89608
1738 8728 89608
135700 3952 143230
143230 3952 135700
3952 135700 143230
61921 52976 52980
52980 52976 61921
52976 52980 61921
105829 71649 119167
119167 71649 105829
71649 105829 119167
80545 40480 122319
122319 40480 80545
40480 80545 122319
3448 22666 103649
103649 3448 22666
22666 3448 103649
91708 42472 69515
69515 42472 91708
42472 69515 91708
38926 195 52094
52094 195 38926
195 38926 52094
124602 117257 126318
117257 124602 126318
126318 117257 124602
41886 8532 99416
99416 8532 41886
8532 41886 99416
136522 110169 113154
110169 113154 136522
113154 110169 136522
111818 65056 134772
134772 65056 111818
65056 111818 134772
79176 77731 146262
146262 77731 79176
77731 79176 146262
67744 18235 108393
18235 67744 108393
108393 18235 67744
1089 112411 117225
112411 1089 117225
117225 1089 112411
130195 28375 29001
28375 29001 130195
29001 28375 130195
124502 61158 88307
88307 61158 124502
61158 88307 124502
69255 97781 129571
129571 69255 97781
97781 69255 129571
145593 31972 40742
31972 40742 145593
40742 31972 145593
43899 1334 116097
116097 1334 43899
1334 43899 116097
17761 69536 72403
72403 17761 69536
69536 17761 72403
74078 22169 142526
142526 22169 74078
22169 74078 142526
58248 135015 149668
149668 58248 135015
135015 58248 149668
148365 23069 77486
23069 77486 148365
77486 23069 148365
11522 15776 47115
15776 11522 47115
47115 11522 15776
84715 63975 75006
75006 63975 84715
63975 75006 84715
61503 3381 18202
3381 18202 61503
18202 3381 61503
124261 28024 132231
132231 28024 124261
28024 124261 132231
88596 98239 122976
98239 88596 122976
122976 88596 98239
16072 52092 71872
71872 16072 52092
52092 16072 71872
65783 107439 142527
107439 65783 142527
142527 65783 107439
90778 102401 133228
133228 90778 102401
102401 90778 133228
24848 13871 40307
40307 13871 24848
13871 24848 40307
103221 123261 141121
123261 103221 141121
141121 103221 123261
36368 116926 139413
116926 36368 139413
139413 36368 116926
56075 101359 102250
102250 56075 101359
101359 56075 102250
70466 53702 133263
133263 53702 70466
53702 70466 133263
146662 5345 90085
90085 5345 146662
5345 90085 146662
116274 22155 140344
22155 116274 140344
140344 22155 116274
101673 100011 105585
100011 101673 105585
105585 100011 101673
132204 18858 114961
114961 18858 132204
18858 114961 132204
34689 9593 84531
84531 9593 34689
9593 34689 84531
120526 10775 146134
10775 120526 146134
146134 10775 120526
133328 48726 94942
94942 48726 133328
48726 94942 133328
62444 3476 7315
7315 3476 62444
3476 7315 62444
68011 91567 142971
91567 68011 142971
142971 68011 91567
145957 25294 46369
25294 46369 145957
46369 25294 145957
4135 33371 82142
82142 4135 33371
33371 4135 82142
2221 72416 97131
97131 2221 72416
72416 2221 97131
89496 44757 140219
44757 89496 140219
140219 44757 89496
9010 31680 56337
56337 9010 31680
31680 9010 56337
35699 44686 82077
44686 35699 82077
82077 35699 44686
38734 48698 97475
97475 38734 48698
48698 38734 97475
46694 74163 111599
111599 46694 74163
74163 46694 111599
48487 53008 102920
53008 48487 102920
102920 48487 53008
26652 110795 123338
110795 26652 123338
123338 26652 110795
88724 54482 130223
54482 88724 130223
130223 54482 88724
30578 25311 62947
25311 30578 62947
62947 25311 30578
77299 4118 20881
20881 4118 77299
4118 20881 77299
115199 35200 41432
41432 35200 115199
35200 41432 115199
126291 56941 142087
142087 56941 126291
56941 126291 142087
47332 123278 137719
123278 47332 137719
137719 47332 123278
64771 78975 111898
78975 64771 111898
111898 64771 78975
105440 10227 144091
10227 105440 144091
144091 10227 105440
79702 4951 73176
4951 73176 79702
73176 4951 79702
145554 99145 115972
99145 115972 145554
115972 99145 145554
67163 31585 66974
31585 66974 67163
66974 31585 67163
89893 101297 113829
113829 89893 101297
101297 89893 113829
78092 487 62097
62097 487 78092
487 62097 78092
147599 39985 86223
86223 39985 147599
39985 86223 147599
92286 20084 67894
20084 67894 92286
67894 20084 92286
104617 27090 48448
27090 48448 104617
48448 27090 104617
49369 19753 42348
42348 19753 49369
19753 42348 49369
147032 81267 91682
81267 91682 147032
91682 81267 147032
68126 86467 133738
133738 68126 86467
86467 68126 133738
109148 19434 83330
19434 83330 109148
83330 19434 109148
25945 34995 95507
34995 25945 95507
95507 25945 34995
44898 135767 144268
144268 44898 135767
135767 44898 144268
88133 31210 95977
95977 31210 88133
31210 88133 95977
137113 12564 67768
12564 67768 137113
67768 12564 137113
18071 65248 141206
141206 18071 65248
65248 18071 141206
91987 48966 94496
48966 91987 94496
94496 48966 91987
109406 17883 100370
100370 17883 109406
17883 100370 109406
43063 59054 116296
116296 43063 59054
59054 43063 116296
104754 80802 110089
80802 104754 110089
110089 80802 104754
143081 12238 41478
12238 41478 143081
41478 12238 143081
126739 73290 134654
134654 73290 126739
73290 126739 134654
89085 74987 91948
74987 89085 91948
91948 74987 89085
14788 32098 130339
130339 14788 32098
32098 14788 130339
149118 71140 149013
71140 149013 149118
149013 71140 149118
105505 64803 113061
113061 64803 105505
64803 105505 113061
130670 99224 117093
117093 99224 130670
99224 117093 130670
73141 54554 68560
68560 54554 73141
54554 68560 73141
