140098 66651 145590
66651 140098 145590
145590 66651 140098
44101 104122 139015
139015 44101 104122
104122 44101 139015
52412 75029 149496
149496 52412 75029
75029 52412 149496
93786 26827 35691
35691 26827 93786
26827 35691 93786
107896 64036 95969
95969 64036 107896
64036 95969 107896
106294 40299 137230
40299 106294 137230
137230 40299 106294
73137 39552 147208
147208 39552 73137
39552 73137 147208
94067 89964 113056
113056 89964 94067
89964 94067 113056
42485 62519 87995
87995 42485 62519
62519 42485 87995
99273 23855 35765
35765 23855 99273
23855 35765 99273
141952 84266 92640
92640 84266 141952
84266 92640 141952
116851 19853 94767
94767 19853 116851
19853 94767 116851
103787 76359 79406
79406 76359 103787
76359 79406 103787
105917 89913 125924
89913 105917 125924
125924 89913 105917
55853 109858 130401
109858 55853 130401
130401 55853 109858
28883 82680 93815
82680 28883 93815
93815 28883 82680
119837 125009 130397
130397 119837 125009
125009 119837 130397
122526 53434 144410
53434 122526 144410
144410 53434 122526
142331 54259 126070
126070 54259 142331
54259 126070 142331
43431 9466 82953
9466 43431 82953
82953 9466 43431
48095 33178 109799
109799 33178 48095
33178 48095 109799
147616 17468 145625
145625 17468 147616
17468 145625 147616
35910 101223 106677
106677 35910 101223
101223 35910 106677
56846 121266 127608
121266 56846 127608
127608 56846 121266
133306 41189 142378
41189 133306 142378
142378 41189 133306
8178 136932 142571
136932 8178 142571
142571 8178 136932
134410 54276 102729
54276 102729 134410
102729 54276 134410
94824 25527 69061
69061 25527 94824
25527 69061 94824
41869 95080 112204
95080 41869 112204
112204 41869 95080
126679 101455 144335
101455 126679 144335
144335 101455 126679
696 30281 92665
92665 696 30281
30281 696 92665
112423 77250 99681
99681 77250 112423
77250 99681 112423
3890 7320 44719
7320 3890 44719
44719 3890 7320
129259 99885 113089
113089 99885 129259
99885 113089 129259
95282 24125 146852
146852 24125 95282
24125 95282 146852
104874 449 60925
60925 449 104874
449 60925 104874
77126 47745 112532
47745 77126 112532
112532 47745 77126
56726 84905 115189
84905 56726 115189
115189 56726 84905
140181 19337 61867
61867 19337 140181
19337 61867 140181
25996 50356 146235
50356 25996 146235
146235 25996 50356
3771 92785 129488
129488 3771 92785
92785 3771 129488
76451 39095 85363
85363 39095 76451
39095 76451 85363
53030 19135 28186
19135 28186 53030
28186 19135 53030
76669 23537 102440
102440 23537 76669
23537 76669 102440
74169 35291 122662
35291 74169 122662
122662 35291 74169
42834 25381 102899
102899 25381 42834
25381 42834 102899
144303 92185 128165
128165 92185 144303
92185 128165 144303
102435 16001 79611
79611 16001 102435
16001 79611 102435
7674 11057 33459
33459 7674 11057
11057 7674 33459
144865 90082 113301
90082 113301 144865
113301 90082 144865
139215 122640 132996
122640 132996 139215
132996 122640 139215
91736 40417 45734
40417 45734 91736
45734 40417 91736
123025 30411 109141
109141 30411 123025
30411 109141 123025
84605 134134 134395
134395 84605 134134
134134 84605 134395
75336 43598 107158
43598 75336 107158
107158 43598 75336
14933 92370 106424
92370 14933 106424
106424 14933 92370
57113 50586 76310
76310 50586 57113
50586 57113 76310
134771 23399 117789
117789 23399 134771
23399 117789 134771
140150 96065 99382
96065 99382 140150
99382 96065 140150
126434 39633 73463
73463 39633 126434
39633 73463 126434
146974 44864 70056
44864 70056 146974
70056 44864 146974
97677 55219 111962
111962 55219 97677
55219 97677 111962
100348 31277 93390
31277 93390 100348
93390 31277 100348
115316 90434 126135
126135 90434 115316
90434 115316 126135
86569 20391 51580
20391 51580 86569
51580 20391 86569
33267 51642 92027
51642 33267 92027
92027 33267 51642
34652 13707 90823
90823 13707 34652
13707 34652 90823
65764 3641 49640
3641 49640 65764
49640 3641 65764
24213 6750 131200
131200 6750 24213
6750 24213 131200
130383 105729 141056
141056 105729 130383
105729 130383 141056
148910 72998 95642
72998 95642 148910
95642 72998 148910
95922 44241 118372
118372 44241 95922
44241 95922 118372
131453 70599 89010
70599 89010 131453
89010 70599 131453
18363 54934 66586
54934 18363 66586
66586 18363 54934
10935 13405 144387
144387 10935 13405
13405 10935 144387
29282 90472 104750
104750 29282 90472
90472 29282 104750
50010 16748 120743
120743 16748 50010
16748 50010 120743
121895 32630 35160
32630 35160 121895
35160 32630 121895
42297 78620 100647
100647 42297 78620
78620 42297 100647
77560 129303 143829
143829 77560 129303
129303 77560 143829
75081 93520 131479
93520 75081 131479
131479 75081 93520
73334 9917 145670
145670 9917 73334
9917 73334 145670
127481 7481 89311
89311 7481 127481
7481 89311 127481
102714 54414 54568
54568 54414 102714
54414 54568 102714
51920 15494 118345
118345 15494 51920
15494 51920 118345
60107 62623 75195
75195 60107 62623
62623 60107 75195
92498 9549 73215
73215 9549 92498
9549 73215 92498
100696 4587 21387
21387 4587 100696
4587 21387 100696
119329 12180 136320
136320 12180 119329
12180 119329 136320
114204 25196 70884
25196 70884 114204
70884 25196 114204
124405 96398 112194
96398 112194 124405
112194 96398 124405
81557 8079 122315
122315 8079 81557
8079 81557 122315
28700 107272 146860
107272 28700 146860
146860 28700 107272
92244 7228 50084
7228 50084 92244
50084 7228 92244
32997 80280 83605
83605 32997 80280
80280 32997 83605
37865 41379 128233
41379 37865 128233
128233 37865 41379
40732 53793 126587
126587 40732 53793
53793 40732 126587
147523 22799 105171
22799 105171 147523
105171 22799 147523
122912 70248 94795
70248 94795 122912
94795 70248 122912
92225 9336 128829
128829 9336 92225
9336 92225 128829
87466 17076 121231
17076 87466 121231
121231 17076 87466
49072 33310 130461
33310 49072 130461
130461 33310 49072
15269 134678 135030
134678 15269 135030
135030 15269 134678
850 26637 144386
144386 850 26637
26637 850 144386
62006 133067 142828
133067 62006 142828
142828 62006 133067
68614 69332 111046
111046 68614 69332
69332 68614 111046
117317 31177 43727
31177 43727 117317
43727 31177 117317
138369 45664 135932
45664 135932 138369
135932 45664 138369
99418 57019 112098
57019 99418 112098
112098 57019 99418
106207 28844 81439
81439 28844 106207
28844 81439 106207
49223 13842 66081
66081 13842 49223
13842 49223 66081
8752 38535 148813
148813 8752 38535
38535 8752 148813
90144 100130 100306
100130 90144 100306
100306 90144 100130
145157 20909 23547
20909 23547 145157
23547 20909 145157
35149 96477 146808
146808 35149 96477
96477 35149 146808
17225 596 34155
34155 596 17225
596 17225 34155
88534 58353 79493
58353 79493 88534
79493 58353 88534
31522 29010 41539
29010 31522 41539
41539 29010 31522
4712 66060 112922
66060 4712 112922
112922 4712 66060
110202 46714 82958
46714 82958 110202
82958 46714 110202
13712 52436 104559
104559 13712 52436
52436 13712 104559
18325 21795 40912
21795 18325 40912
40912 18325 21795
78535 11399 98184
11399 78535 98184
98184 11399 78535
106665 128408 137794
137794 106665 128408
128408 106665 137794
115384 22096 148049
22096 115384 148049
148049 22096 115384
19757 45167 69239
45167 19757 69239
69239 19757 45167
81518 57120 121197
57120 81518 121197
121197 57120 81518
104659 100842 108551
100842 104659 108551
108551 100842 104659
101313 30861 132803
132803 30861 101313
30861 101313 132803
116570 21738 34912
21738 34912 116570
34912 21738 116570
12821 56882 60979
60979 12821 56882
56882 12821 60979
53492 70797 134319
134319 53492 70797
70797 53492 134319
143184 60895 72394
60895 72394 143184
72394 60895 143184
135776 14594 66738
66738 14594 135776
14594 66738 135776
133003 56054 126322
56054 126322 133003
126322 56054 133003
43117 116366 144066
116366 43117 144066
144066 43117 116366
139279 34372 100905
34372 100905 139279
100905 34372 139279
74298 14471 46365
46365 14471 74298
14471 46365 74298
107496 3800 57045
3800 57045 107496
57045 3800 107496
113358 49197 55381
49197 55381 113358
55381 49197 113358
40153 16501 135570
16501 40153 135570
135570 16501 40153
52765 96031 116425
96031 52765 116425
116425 52765 96031
14473 54066 86022
86022 14473 54066
54066 14473 86022
135925 26056 131402
26056 131402 135925
131402 26056 135925
53694 41696 75924
41696 53694 75924
75924 41696 53694
67497 65718 132072
132072 65718 67497
65718 67497 132072
133958 56535 69972
69972 56535 133958
56535 69972 133958
35384 23153 121434
23153 35384 121434
121434 23153 35384
16599 36219 55345
36219 16599 55345
55345 16599 36219
35490 3371 89881
89881 3371 35490
3371 35490 89881
119924 94461 116250
116250 94461 119924
94461 116250 119924
24412 78439 89504
89504 24412 78439
78439 24412 89504
111808 143643 145192
143643 111808 145192
145192 111808 143643
87665 87464 140002
87464 87665 140002
140002 87464 87665
137000 65250 145808
65250 137000 145808
145808 65250 137000
3184 79432 91552
91552 3184 79432
79432 3184 91552
47126 19375 132601
19375 47126 132601
132601 19375 47126
114109 56276 101232
101232 56276 114109
56276 101232 114109
76285 43917 47177
47177 43917 76285
43917 47177 76285
8348 42244 68061
42244 8348 68061
68061 8348 42244
44398 119269 137413
137413 44398 119269
119269 44398 137413
68312 87404 103581
87404 68312 103581
103581 68312 87404
29153 33234 55983
33234 29153 55983
55983 29153 33234
6474 143274 149240
143274 6474 149240
149240 6474 143274
53768 28481 67016
67016 28481 53768
28481 53768 67016
131017 45193 104650
45193 104650 131017
104650 45193 131017
88546 63597 68264
68264 63597 88546
63597 68264 88546
61155 34933 81325
81325 34933 61155
34933 61155 81325
130404 4274 44141
44141 4274 130404
4274 44141 130404
61965 43499 89208
43499 61965 89208
89208 43499 61965
74571 15628 138893
15628 74571 138893
138893 15628 74571
120033 24337 60651
24337 60651 120033
60651 24337 120033
129131 43591 104727
104727 43591 129131
43591 104727 129131
143727 103255 143312
143312 103255 143727
103255 143312 143727
34940 16071 107003
107003 16071 34940
16071 34940 107003
110435 13599 65206
13599 65206 110435
65206 13599 110435
111664 126802 146575
126802 111664 146575
146575 111664 126802
148122 61502 82702
61502 82702 148122
82702 61502 148122
92656 78454 140385
140385 78454 92656
78454 92656 140385
110287 50698 119101
119101 50698 110287
50698 110287 119101
4077 90617 127266
90617 4077 127266
127266 4077 90617
101884 84297 102093
84297 101884 102093
102093 84297 101884
78812 51999 149067
149067 51999 78812
51999 78812 149067
88388 48819 126408
126408 48819 88388
48819 88388 126408
49324 82318 92617
82318 49324 92617
92617 49324 82318
105220 86312 120298
86312 105220 120298
120298 86312 105220
114704 23189 100788
100788 23189 114704
23189 100788 114704
120413 48879 69279
69279 48879 120413
48879 69279 120413
129087 90907 111537
111537 90907 129087
90907 111537 129087
82539 27104 149257
27104 82539 149257
149257 27104 82539
126528 16057 92625
16057 92625 126528
92625 16057 126528
56688 4415 14461
14461 4415 56688
4415 14461 56688
142810 24496 57358
57358 24496 142810
24496 57358 142810
62249 42256 70250
42256 62249 70250
70250 42256 62249
113492 9385 9416
9385 9416 113492
9416 9385 113492
10330 111371 124401
124401 10330 111371
111371 10330 124401
54938 33346 101986
33346 54938 101986
101986 33346 54938
52798 11793 116181
116181 11793 52798
11793 52798 116181
25505 26109 109903
109903 25505 26109
26109 25505 109903
98661 39904 40490
39904 40490 98661
40490 39904 98661
95166 94878 149487
149487 94878 95166
94878 95166 149487
1536 91821 100261
100261 1536 91821
91821 1536 100261
111827 5914 145094
145094 5914 111827
5914 111827 145094
86426 91609 143259
91609 86426 143259
143259 86426 91609
9918 5752 111076
5752 9918 111076
111076 5752 9918
6486 24275 100621
24275 6486 100621
100621 6486 24275
34062 32124 149828
149828 32124 34062
32124 34062 149828
105807 61801 74626
74626 61801 105807
61801 74626 105807
74954 70065 102638
102638 70065 74954
70065 74954 102638
95559 19780 127632
19780 95559 127632
127632 19780 95559
137681 108652 129272
108652 129272 137681
129272 108652 137681
85668 113910 116438
116438 85668 113910
113910 85668 116438
72168 42421 149454
42421 72168 149454
149454 42421 72168
52038 31214 126481
126481 31214 52038
31214 52038 126481
9722 53367 141440
53367 9722 141440
141440 9722 53367
129106 19254 52954
52954 19254 129106
19254 52954 129106
38919 87261 125035
125035 38919 87261
87261 38919 125035
84370 25564 83307
83307 25564 84370
25564 83307 84370
137852 120560 130743
130743 120560 137852
120560 130743 137852
129094 6984 26254
26254 6984 129094
6984 26254 129094
54860 43438 128818
43438 54860 128818
128818 43438 54860
96874 54447 113082
113082 54447 96874
54447 96874 113082
127314 62479 141337
62479 127314 141337
141337 62479 127314
57758 13210 24753
24753 13210 57758
13210 24753 57758
40535 114653 139071
114653 40535 139071
139071 40535 114653
145436 29089 131940
29089 131940 145436
131940 29089 145436
122240 64420 86356
64420 86356 122240
86356 64420 122240
29757 59416 146660
59416 29757 146660
146660 29757 59416
38181 18196 111553
18196 38181 111553
111553 18196 38181
136632 29561 50947
50947 29561 136632
29561 50947 136632
138184 60861 76346
60861 76346 138184
76346 60861 138184
61405 10816 64619
10816 61405 64619
64619 10816 61405
38018 35124 96435
96435 35124 38018
35124 38018 96435
17413 11786 128239
128239 11786 17413
11786 17413 128239
146812 2029 13453
2029 13453 146812
13453 2029 146812
37681 95250 108451
95250 37681 108451
108451 37681 95250
23961 1198 28201
1198 23961 28201
28201 1198 23961
58271 55455 128970
128970 55455 58271
55455 58271 128970
108459 89813 148988
148988 89813 108459
89813 108459 148988
105319 13638 149250
149250 13638 105319
13638 105319 149250
133436 21578 110957
21578 110957 133436
110957 21578 133436
112692 66474 76764
76764 66474 112692
66474 76764 112692
126564 46611 138758
138758 46611 126564
46611 126564 138758
65249 68592 92777
68592 65249 92777
92777 65249 68592
101011 75160 98569
98569 75160 101011
75160 98569 101011
77612 43822 130009
130009 43822 77612
43822 77612 130009
145438 116113 135791
116113 135791 145438
135791 116113 145438
59355 36011 93329
93329 36011 59355
36011 59355 93329
32239 4700 36815
4700 32239 36815
36815 4700 32239
106723 58486 73936
58486 73936 106723
73936 58486 106723
51898 91026 144133
91026 51898 144133
144133 51898 91026
32494 54608 69794
69794 32494 54608
54608 32494 69794
138623 26612 121346
121346 26612 138623
26612 121346 138623
48986 31884 81522
31884 48986 81522
81522 31884 48986
28441 115257 147726
147726 28441 115257
115257 28441 147726
24553 36873 147392
36873 24553 147392
147392 24553 36873
116215 5262 110116
5262 110116 116215
110116 5262 116215
80060 35284 111171
111171 35284 80060
35284 80060 111171
135782 74636 141173
141173 74636 135782
74636 135782 141173
101263 44490 55144
55144 44490 101263
44490 55144 101263
47272 50303 138713
50303 47272 138713
138713 47272 50303
34717 57688 106370
57688 34717 106370
106370 34717 57688
108974 36576 73875
73875 36576 108974
36576 73875 108974
26105 104611 149843
104611 26105 149843
149843 26105 104611
127401 7141 104121
7141 104121 127401
104121 7141 127401
32532 35094 45262
35094 32532 45262
45262 32532 35094
130232 95049 110243
110243 95049 130232
95049 110243 130232
77474 2960 32170
2960 32170 77474
32170 2960 77474
76867 87830 144373
144373 76867 87830
87830 76867 144373
10699 35354 144846
144846 10699 35354
35354 10699 144846
128193 54852 96061
96061 54852 128193
54852 96061 128193
52640 1503 12600
1503 12600 52640
12600 1503 52640
83611 117319 129115
117319 83611 129115
129115 83611 117319
66445 59542 64269
64269 59542 66445
59542 64269 66445
1994 46146 60681
60681 1994 46146
46146 1994 60681
51874 62081 95276
95276 51874 62081
62081 51874 95276
15437 69700 79877
69700 15437 79877
79877 15437 69700
60370 54901 86917
54901 60370 86917
86917 54901 60370
97471 24923 132438
24923 97471 132438
132438 24923 97471
75323 55716 138770
55716 75323 138770
138770 55716 75323
141286 24708 53701
24708 53701 141286
53701 24708 141286
148750 8760 76107
8760 76107 148750
76107 8760 148750
98053 69000 87357
69000 87357 98053
87357 69000 98053
27338 24325 73794
24325 27338 73794
73794 24325 27338
140884 51066 86942
86942 51066 140884
51066 86942 140884
77036 39216 112613
112613 39216 77036
39216 77036 112613
110099 5807 23624
23624 5807 110099
5807 23624 110099
100462 91335 114919
114919 91335 100462
91335 100462 114919
7523 98556 144507
144507 7523 98556
98556 7523 144507
89707 56901 66632
66632 56901 89707
56901 66632 89707
97328 17996 44959
44959 17996 97328
17996 44959 97328
36112 99165 100458
99165 36112 100458
100458 36112 99165
88663 110293 137148
110293 88663 137148
137148 88663 110293
17293 47470 78500
47470 17293 78500
78500 17293 47470
22891 4719 63479
4719 22891 63479
63479 4719 22891
111130 43308 85421
43308 85421 111130
85421 43308 111130
18095 77738 133419
133419 18095 77738
77738 18095 133419
89829 370 990
370 990 89829
990 370 89829
134995 46971 98055
46971 98055 134995
98055 46971 134995
23371 9629 125379
9629 23371 125379
125379 9629 23371
25436 102698 124188
102698 25436 124188
124188 25436 102698
75463 124226 145230
145230 75463 124226
124226 75463 145230
87695 117817 132248
117817 87695 132248
132248 87695 117817
58572 30677 39085
30677 39085 58572
39085 30677 58572
38691 81678 83739
83739 38691 81678
81678 38691 83739
7777 16283 66488
66488 7777 16283
16283 7777 66488
32662 119242 135425
119242 32662 135425
135425 32662 119242
146958 24419 52490
24419 52490 146958
52490 24419 146958
112250 39917 87037
39917 87037 112250
87037 39917 112250
35847 29722 72942
72942 29722 35847
29722 35847 72942
94409 9172 89205
89205 9172 94409
9172 89205 94409
39896 65123 129604
65123 39896 129604
129604 39896 65123
27588 80365 129383
129383 27588 80365
80365 27588 129383
63101 2135 31622
2135 31622 63101
31622 2135 63101
98712 55982 82995
55982 82995 98712
82995 55982 98712
58061 26800 110303
110303 26800 58061
26800 58061 110303
112862 28087 78838
28087 78838 112862
78838 28087 112862
113872 81987 100237
81987 100237 113872
100237 81987 113872
43997 22801 131933
131933 22801 43997
22801 43997 131933
95219 42157 93800
42157 93800 95219
93800 42157 95219
117109 139253 147643
147643 117109 139253
139253 117109 147643
25627 19976 72917
72917 19976 25627
19976 25627 72917
46083 36391 125167
36391 46083 125167
125167 36391 46083
15142 15118 42016
42016 15118 15142
15118 15142 42016
79451 5598 133846
133846 5598 79451
5598 79451 133846
54043 17282 75748
17282 54043 75748
75748 17282 54043
2834 50777 149146
50777 2834 149146
149146 2834 50777
115433 35427 114096
114096 35427 115433
35427 114096 115433
87885 71156 138813
71156 87885 138813
138813 71156 87885
50903 25231 121455
25231 50903 121455
121455 25231 50903
78602 36196 40058
40058 36196 78602
36196 40058 78602
13715 28886 44264
44264 13715 28886
28886 13715 44264
1737 22270 55328
22270 1737 55328
55328 1737 22270
49665 89285 124433
124433 49665 89285
89285 49665 124433
142188 64319 87856
64319 87856 142188
87856 64319 142188
81763 30937 95393
30937 81763 95393
95393 30937 81763
112224 2906 113267
2906 112224 113267
113267 2906 112224
138517 74739 147570
147570 74739 138517
74739 138517 147570
132992 74575 145708
145708 74575 132992
74575 132992 145708
126984 24396 26137
26137 24396 126984
24396 26137 126984
58815 33322 142486
142486 33322 58815
33322 58815 142486
138674 30975 68214
68214 30975 138674
30975 68214 138674
71736 86056 136275
86056 71736 136275
136275 71736 86056
74409 109607 127890
109607 74409 127890
127890 74409 109607
27923 24612 44149
24612 27923 44149
44149 24612 27923
117990 33583 51233
33583 51233 117990
51233 33583 117990
3594 4321 145810
4321 3594 145810
145810 3594 4321
21678 28499 121290
28499 21678 121290
121290 21678 28499
112835 118613 141188
118613 112835 141188
141188 112835 118613
6645 2978 132165
132165 2978 6645
2978 6645 132165
1105 77305 119475
119475 1105 77305
77305 1105 119475
59058 87437 110485
110485 59058 87437
87437 59058 110485
121205 59202 63868
59202 63868 121205
63868 59202 121205
81222 78074 137350
78074 81222 137350
137350 78074 81222
137697 51851 113495
113495 51851 137697
51851 113495 137697
43682 62210 134155
134155 43682 62210
62210 43682 134155
76269 104164 142548
104164 76269 142548
142548 76269 104164
123452 2271 22762
22762 2271 123452
2271 22762 123452
36151 68257 121931
121931 36151 68257
68257 36151 121931
136856 40053 131588
40053 131588 136856
131588 40053 136856
93358 40952 65560
40952 65560 93358
65560 40952 93358
15717 16681 19316
19316 15717 16681
16681 15717 19316
126925 86437 119981
119981 86437 126925
86437 119981 126925
16818 28137 127515
28137 16818 127515
127515 16818 28137
135544 68643 95996
68643 95996 135544
95996 68643 135544
134002 22734 69434
69434 22734 134002
22734 69434 134002
68882 60485 88143
88143 60485 68882
60485 68882 88143
9695 69166 110968
110968 9695 69166
69166 9695 110968
105997 104325 105985
104325 105985 105997
105985 104325 105997
77097 28358 134772
134772 28358 77097
28358 77097 134772
115491 38320 115639
38320 115491 115639
115639 38320 115491
114796 88897 133791
133791 88897 114796
88897 114796 133791
65765 6232 55543
6232 55543 65765
55543 6232 65765
58951 5726 135153
5726 58951 135153
135153 5726 58951
149751 20846 126399
20846 126399 149751
126399 20846 149751
16238 1389 142713
1389 16238 142713
142713 1389 16238
16922 26975 145874
145874 16922 26975
26975 16922 145874
92605 9538 16265
16265 9538 92605
9538 16265 92605
79170 3305 122801
3305 79170 122801
122801 3305 79170
101274 18318 68333
68333 18318 101274
18318 68333 101274
102334 77294 112796
77294 102334 112796
112796 77294 102334
29398 26848 61795
61795 26848 29398
26848 29398 61795
42352 12510 50234
12510 42352 50234
50234 12510 42352
24090 5773 123386
123386 5773 24090
5773 24090 123386
41995 4047 70223
70223 4047 41995
4047 41995 70223
106816 94314 132677
94314 106816 132677
132677 94314 106816
117670 8724 148079
8724 117670 148079
148079 8724 117670
35030 30827 102345
102345 30827 35030
30827 35030 102345
142222 20763 66889
20763 66889 142222
66889 20763 142222
33579 24334 109132
109132 24334 33579
24334 33579 109132
50157 32905 69235
32905 50157 69235
69235 32905 50157
119640 45554 51622
45554 51622 119640
51622 45554 119640
27975 74875 115421
115421 27975 74875
74875 27975 115421
90091 54204 54811
54204 54811 90091
54811 54204 90091
38033 355 104930
355 38033 104930
104930 355 38033
53661 59547 67471
67471 53661 59547
59547 53661 67471
146825 21000 61742
21000 61742 146825
61742 21000 146825
142786 13784 36054
36054 13784 142786
13784 36054 142786
133608 17427 32804
32804 17427 133608
17427 32804 133608
48567 22653 125341
22653 48567 125341
125341 22653 48567
35086 52715 122778
122778 35086 52715
52715 35086 122778
122923 10955 85946
85946 10955 122923
10955 85946 122923
41028 43343 129789
129789 41028 43343
43343 41028 129789
44658 2100 81049
81049 2100 44658
2100 44658 81049
61693 23576 98370
23576 61693 98370
98370 23576 61693
100762 56727 102943
102943 56727 100762
56727 100762 102943
48707 57026 94280
57026 48707 94280
94280 48707 57026
74783 59359 143120
143120 59359 74783
59359 74783 143120
41754 122067 138522
122067 41754 138522
138522 41754 122067
135378 2927 25145
2927 25145 135378
25145 2927 135378
34187 115319 143218
143218 34187 115319
115319 34187 143218
80092 50915 51490
50915 51490 80092
51490 50915 80092
8031 67704 147740
147740 8031 67704
67704 8031 147740
130941 59253 107118
107118 59253 130941
59253 107118 130941
48516 62227 80848
62227 48516 80848
80848 48516 62227
129365 32791 70310
70310 32791 129365
32791 70310 129365
99611 141822 146397
146397 99611 141822
141822 99611 146397
6940 120087 140987
120087 6940 140987
140987 6940 120087
46013 92061 147053
92061 46013 147053
147053 46013 92061
134301 86796 119988
86796 119988 134301
119988 86796 134301
91066 85875 89312
85875 89312 91066
89312 85875 91066
12313 109690 122261
109690 12313 122261
122261 12313 109690
39783 16360 142287
142287 16360 39783
16360 39783 142287
43564 43990 60911
43990 43564 60911
60911 43564 43990
123888 5612 92882
92882 5612 123888
5612 92882 123888
21600 82285 107287
107287 21600 82285
82285 21600 107287
99118 44660 70126
44660 70126 99118
70126 44660 99118
73112 103539 104655
103539 73112 104655
104655 73112 103539
29227 28667 110513
110513 28667 29227
28667 29227 110513
129650 118581 142809
142809 118581 129650
118581 129650 142809
79414 19490 120216
120216 19490 79414
19490 79414 120216
5138 80514 101402
80514 5138 101402
101402 5138 80514
145759 5233 89978
89978 5233 145759
5233 89978 145759
19475 43924 145872
145872 19475 43924
43924 19475 145872
82319 7631 135716
135716 7631 82319
7631 82319 135716
91701 71100 87849
71100 87849 91701
87849 71100 91701
76590 63227 78972
78972 63227 76590
63227 76590 78972
89151 9299 54074
9299 54074 89151
54074 9299 89151
56814 7085 108285
108285 7085 56814
7085 56814 108285
17343 96052 121619
121619 17343 96052
96052 17343 121619
10333 36461 98872
36461 10333 98872
98872 10333 36461
142482 61822 92484
61822 92484 142482
92484 61822 142482
26739 139051 144213
139051 26739 144213
144213 26739 139051
40826 74619 80106
80106 40826 74619
74619 40826 80106
143268 43796 79397
79397 43796 143268
43796 79397 143268
96281 82716 114116
82716 96281 114116
114116 82716 96281
40757 65808 79909
65808 40757 79909
79909 40757 65808
124674 76044 92112
92112 76044 124674
76044 92112 124674
76796 44544 48728
44544 48728 76796
48728 44544 76796
127001 17479 134138
17479 127001 134138
134138 17479 127001
149091 14015 97568
14015 97568 149091
97568 14015 149091
44829 108845 123150
123150 44829 108845
108845 44829 123150
58254 80474 121712
80474 58254 121712
121712 58254 80474
108524 21963 126699
21963 108524 126699
126699 21963 108524
64620 39518 76654
39518 64620 76654
76654 39518 64620
135122 8825 72065
8825 72065 135122
72065 8825 135122
117326 104191 139036
104191 117326 139036
139036 104191 117326
103969 31311 98163
98163 31311 103969
31311 98163 103969
43310 43775 142025
43775 43310 142025
142025 43310 43775
65223 1039 147262
147262 1039 65223
1039 65223 147262
41025 75471 128937
75471 41025 128937
128937 41025 75471
63482 33723 63617
63617 33723 63482
33723 63482 63617
92340 60850 92991
92991 60850 92340
60850 92340 92991
90730 432 32663
432 32663 90730
32663 432 90730
36982 55588 89898
55588 36982 89898
89898 36982 55588
4447 32450 121881
121881 4447 32450
32450 4447 121881
127681 21173 88728
21173 88728 127681
88728 21173 127681
116035 43042 146236
146236 43042 116035
43042 116035 146236
103679 87944 129380
129380 87944 103679
87944 103679 129380
85996 8811 88519
8811 85996 88519
88519 8811 85996
19884 46063 148885
46063 19884 148885
148885 19884 46063
43583 17584 131631
17584 43583 131631
131631 17584 43583
82386 39617 92174
92174 39617 82386
39617 82386 92174
106096 138942 148382
148382 106096 138942
138942 106096 148382
103919 77689 119367
77689 103919 119367
119367 77689 103919
9862 106277 119212
119212 9862 106277
106277 9862 119212
148651 47757 48257
47757 48257 148651
48257 47757 148651
55011 29188 77211
77211 29188 55011
29188 55011 77211
39980 64562 116719
64562 39980 116719
116719 39980 64562
137558 32202 74257
32202 74257 137558
74257 32202 137558
148172 14300 132745
132745 14300 148172
14300 132745 148172
104517 121070 140989
140989 104517 121070
121070 104517 140989
103264 46113 59332
46113 59332 103264
59332 46113 103264
103593 48938 51536
48938 51536 103593
51536 48938 103593
40027 69103 103613
69103 40027 103613
103613 40027 69103
67490 16020 119880
16020 67490 119880
119880 16020 67490
79754 98050 140436
140436 79754 98050
98050 79754 140436
88354 2173 66057
66057 2173 88354
2173 66057 88354
145072 100993 115542
100993 115542 145072
115542 100993 145072
63508 46247 116567
116567 46247 63508
46247 63508 116567
57407 38518 66771
66771 38518 57407
38518 57407 66771
51654 46548 56810
56810 46548 51654
46548 51654 56810
93350 53673 65763
65763 53673 93350
53673 65763 93350
65258 27283 105260
27283 65258 105260
105260 27283 65258
139352 33718 85386
33718 85386 139352
85386 33718 139352
135468 13278 141982
141982 13278 135468
13278 135468 141982
146461 11023 44772
44772 11023 146461
11023 44772 146461
99373 26159 143685
26159 99373 143685
143685 26159 99373
74085 105964 142520
105964 74085 142520
142520 74085 105964
18771 1539 90904
1539 18771 90904
90904 1539 18771
136311 137613 140163
137613 136311 140163
140163 136311 137613
79375 56908 96344
56908 79375 96344
96344 56908 79375
54017 788 5564
5564 788 54017
788 5564 54017
124828 41260 117395
117395 41260 124828
41260 117395 124828
91554 58026 145875
58026 91554 145875
145875 58026 91554
89840 80411 98986
98986 80411 89840
80411 89840 98986
110577 50790 69446
69446 50790 110577
50790 69446 110577
101404 42225 140332
42225 101404 140332
140332 42225 101404
37606 14121 143189
143189 14121 37606
14121 37606 143189
147381 11371 61732
61732 11371 147381
11371 61732 147381
91886 20292 106441
106441 20292 91886
20292 91886 106441
85443 96543 125656
125656 85443 96543
96543 85443 125656
119312 40534 56118
56118 40534 119312
40534 56118 119312
120410 13378 102582
13378 102582 120410
102582 13378 120410
118614 52403 109156
109156 52403 118614
52403 109156 118614
117244 88126 135346
88126 117244 135346
135346 88126 117244
26439 58133 87763
58133 26439 87763
87763 26439 58133
40310 39941 130673
130673 39941 40310
39941 40310 130673
15670 111237 135657
135657 15670 111237
111237 15670 135657
20748 24289 148131
148131 20748 24289
24289 20748 148131
149190 72263 138805
72263 138805 149190
138805 72263 149190
69300 51576 58598
58598 51576 69300
51576 58598 69300
112887 45911 88959
45911 88959 112887
88959 45911 112887
105710 40090 109297
40090 105710 109297
109297 40090 105710
39173 31031 90101
31031 39173 90101
90101 31031 39173
53516 63145 64945
63145 53516 64945
64945 53516 63145
87694 11857 42271
11857 42271 87694
42271 11857 87694
111811 28527 78020
78020 28527 111811
28527 78020 111811
46471 84475 141890
141890 46471 84475
84475 46471 141890
144157 49318 50519
50519 49318 144157
49318 50519 144157
82194 49253 105724
49253 82194 105724
105724 49253 82194
119406 18217 48510
18217 48510 119406
48510 18217 119406
113219 8373 132506
8373 113219 132506
132506 8373 113219
111833 77034 114927
114927 77034 111833
77034 111833 114927
36095 62333 70422
70422 36095 62333
62333 36095 70422
15906 103275 105662
105662 15906 103275
103275 15906 105662
113280 22884 32589
22884 32589 113280
32589 22884 113280
34947 5814 93852
5814 34947 93852
93852 5814 34947
147969 40456 59046
40456 59046 147969
59046 40456 147969
96666 4760 144897
144897 4760 96666
4760 96666 144897
144553 113145 128429
128429 113145 144553
113145 128429 144553
2441 58025 144301
58025 2441 144301
144301 2441 58025
65588 45026 136543
136543 45026 65588
45026 65588 136543
86855 15318 100319
100319 15318 86855
15318 86855 100319
56381 42417 132045
132045 42417 56381
42417 56381 132045
26720 136087 145958
145958 26720 136087
136087 26720 145958
69878 34932 73578
73578 34932 69878
34932 69878 73578
132076 48377 111436
48377 111436 132076
111436 48377 132076
149982 23111 47198
23111 47198 149982
47198 23111 149982
98984 33731 124762
124762 33731 98984
33731 98984 124762
102835 2588 96568
2588 96568 102835
96568 2588 102835
109254 101103 133372
101103 109254 133372
133372 101103 109254
93063 39875 52497
39875 52497 93063
52497 39875 93063
4118 63176 85157
85157 4118 63176
63176 4118 85157
46557 103778 121974
103778 46557 121974
121974 46557 103778
29288 25826 78167
25826 29288 78167
78167 25826 29288
24276 86448 131254
131254 24276 86448
86448 24276 131254
983 86971 87800
86971 983 87800
87800 983 86971
64509 62627 63155
62627 63155 64509
63155 62627 64509
147952 87865 135293
87865 135293 147952
135293 87865 147952
125777 103789 107166
103789 107166 125777
107166 103789 125777
137620 25422 48232
25422 48232 137620
48232 25422 137620
93115 92049 140688
140688 92049 93115
92049 93115 140688
96128 130633 141915
141915 96128 130633
130633 96128 141915
126276 52452 122597
122597 52452 126276
52452 122597 126276
75317 78995 116458
116458 75317 78995
78995 75317 116458
133193 73404 123199
123199 73404 133193
73404 123199 133193
62859 13214 32779
13214 32779 62859
32779 13214 62859
68967 73152 129324
129324 68967 73152
73152 68967 129324
65706 13613 64899
13613 64899 65706
64899 13613 65706
31304 17783 89093
17783 31304 89093
89093 17783 31304
128269 7254 41374
41374 7254 128269
7254 41374 128269
20765 21908 145962
21908 20765 145962
145962 20765 21908
82882 18287 122702
18287 82882 122702
122702 18287 82882
41825 57313 96541
57313 41825 96541
96541 41825 57313
31638 52453 84411
52453 31638 84411
84411 31638 52453
118907 10871 128065
10871 118907 128065
128065 10871 118907
51950 103340 103725
103340 51950 103725
103725 51950 103340
100134 29217 47481
47481 29217 100134
29217 47481 100134
30287 11143 43726
43726 11143 30287
11143 30287 43726
48251 75387 100141
100141 48251 75387
75387 48251 100141
17227 35390 54077
54077 17227 35390
35390 17227 54077
44948 30364 94982
94982 30364 44948
30364 44948 94982
14275 55118 71607
71607 14275 55118
55118 14275 71607
135785 60654 137432
60654 135785 137432
137432 60654 135785
89704 9880 111979
9880 89704 111979
111979 9880 89704
48294 2121 101578
101578 2121 48294
2121 48294 101578
97488 142262 145373
145373 97488 142262
142262 97488 145373
30134 28535 110167
28535 30134 110167
110167 28535 30134
125877 5716 51894
5716 51894 125877
51894 5716 125877
130905 17068 138034
17068 130905 138034
138034 17068 130905
67709 24550 100329
24550 67709 100329
100329 24550 67709
14119 57403 71701
57403 14119 71701
71701 14119 57403
34216 126312 131011
126312 34216 131011
131011 34216 126312
44406 25766 57620
57620 25766 44406
25766 44406 57620
14075 23129 72966
23129 14075 72966
72966 14075 23129
85550 7274 121701
121701 7274 85550
7274 85550 121701
106682 62532 80333
80333 62532 106682
62532 80333 106682
96616 109557 144393
109557 96616 144393
144393 96616 109557
10344 51666 83544
51666 10344 83544
83544 10344 51666
35215 2430 116406
116406 2430 35215
2430 35215 116406
91658 27406 106055
106055 27406 91658
27406 91658 106055
90838 18679 82983
82983 18679 90838
18679 82983 90838
19412 50706 103805
50706 19412 103805
103805 19412 50706
19584 26493 139123
26493 19584 139123
139123 19584 26493
133156 7860 127658
127658 7860 133156
7860 127658 133156
28139 12172 97017
97017 12172 28139
12172 28139 97017
15712 4656 121702
4656 15712 121702
121702 4656 15712
72566 75633 147131
75633 72566 147131
147131 72566 75633
132912 7337 85046
85046 7337 132912
7337 85046 132912
70435 21590 72584
72584 21590 70435
21590 70435 72584
133550 38984 131059
131059 38984 133550
38984 131059 133550
87424 31636 127169
31636 87424 127169
127169 31636 87424
80390 38264 113376
113376 38264 80390
38264 80390 113376
131225 66428 111124
66428 111124 131225
111124 66428 131225
24525 19393 40349
19393 24525 40349
40349 19393 24525
12040 9159 108552
9159 12040 108552
108552 9159 12040
123446 93244 119670
93244 119670 123446
119670 93244 123446
18642 18158 39408
18158 18642 39408
39408 18158 18642
71406 119387 148197
119387 71406 148197
148197 71406 119387
42859 11766 84123
11766 42859 84123
84123 11766 42859
77259 76677 126704
76677 77259 126704
126704 76677 77259
31579 45287 79355
45287 31579 79355
79355 31579 45287
140715 26271 63565
26271 63565 140715
63565 26271 140715
118360 16542 55019
55019 16542 118360
16542 55019 118360
109224 54681 109998
54681 109224 109998
109998 54681 109224
143656 29185 104868
29185 104868 143656
104868 29185 143656
121832 46300 70983
70983 46300 121832
46300 70983 121832
81092 23101 58980
58980 23101 81092
23101 58980 81092
87307 70371 92765
70371 87307 92765
92765 70371 87307
39994 48495 124947
124947 39994 48495
48495 39994 124947
112174 32413 48030
32413 48030 112174
48030 32413 112174
122481 36118 129538
36118 122481 129538
129538 36118 122481
128440 81547 81745
81745 81547 128440
81547 81745 128440
1768 73011 124386
73011 1768 124386
124386 1768 73011
32212 25536 68281
25536 32212 68281
68281 25536 32212
116102 29877 107227
107227 29877 116102
29877 107227 116102
11234 9769 128634
128634 9769 11234
9769 11234 128634
3657 60253 93225
93225 3657 60253
60253 3657 93225
101767 136827 149720
136827 101767 149720
149720 101767 136827
58067 62919 65140
65140 58067 62919
62919 58067 65140
101164 117440 132216
117440 101164 132216
132216 101164 117440
91610 17209 24320
17209 24320 91610
24320 17209 91610
62059 35618 95389
35618 62059 95389
95389 35618 62059
17665 18531 76014
18531 17665 76014
76014 17665 18531
139382 110928 125581
125581 110928 139382
110928 125581 139382
64574 20768 81408
20768 64574 81408
81408 20768 64574
148563 95387 100982
95387 100982 148563
100982 95387 148563
24502 6579 40869
6579 24502 40869
40869 6579 24502
114580 27569 99774
27569 99774 114580
99774 27569 114580
117365 24973 27182
27182 24973 117365
24973 27182 117365
81607 85862 144970
85862 81607 144970
144970 81607 85862
112157 8727 138351
8727 112157 138351
138351 8727 112157
67239 78792 111207
111207 67239 78792
78792 67239 111207
144675 96362 131375
96362 131375 144675
131375 96362 144675
19056 74374 118875
74374 19056 118875
118875 19056 74374
92987 108525 120375
120375 92987 108525
108525 92987 120375
64147 34787 149808
149808 34787 64147
34787 64147 149808
76725 73616 103047
103047 73616 76725
73616 76725 103047
117987 72402 120038
72402 117987 120038
120038 72402 117987
8441 81035 115633
115633 8441 81035
81035 8441 115633
142782 4923 135421
4923 135421 142782
135421 4923 142782
70035 60099 67693
60099 67693 70035
67693 60099 70035
138278 43278 60467
43278 60467 138278
60467 43278 138278
101358 23017 40973
40973 23017 101358
23017 40973 101358
30958 4596 105553
4596 30958 105553
105553 4596 30958
108479 92109 115301
115301 92109 108479
92109 108479 115301
109313 15310 21217
15310 21217 109313
21217 15310 109313
54290 44463 77257
77257 44463 54290
44463 54290 77257
97391 40077 101947
40077 97391 101947
101947 40077 97391
117256 5654 116292
5654 116292 117256
116292 5654 117256
127038 46911 74491
46911 74491 127038
74491 46911 127038
118840 76805 80000
76805 80000 118840
80000 76805 118840
103369 31098 126876
31098 103369 126876
126876 31098 103369
17372 105079 148755
105079 17372 148755
148755 17372 105079
34233 21991 148771
148771 21991 34233
21991 34233 148771
75773 22605 83926
22605 75773 83926
83926 22605 75773
89641 57014 128666
57014 89641 128666
128666 57014 89641
26750 33004 37545
33004 26750 37545
37545 26750 33004
68426 59919 141731
59919 68426 141731
141731 59919 68426
130315 28004 145939
145939 28004 130315
28004 130315 145939
133993 116500 126816
126816 116500 133993
116500 126816 133993
52854 11717 121970
11717 52854 121970
121970 11717 52854
28298 29477 88254
88254 28298 29477
29477 28298 88254
115759 13563 78624
13563 78624 115759
78624 13563 115759
40279 56328 82448
56328 40279 82448
82448 40279 56328
43769 84190 87962
87962 43769 84190
84190 43769 87962
95222 51264 142801
142801 51264 95222
51264 95222 142801
82647 49057 59424
49057 59424 82647
59424 49057 82647
37750 73344 110950
110950 37750 73344
73344 37750 110950
92025 108510 118349
108510 92025 118349
118349 92025 108510
6801 16614 119386
119386 6801 16614
16614 6801 119386
45710 69843 87059
69843 45710 87059
87059 45710 69843
77477 34601 72844
34601 72844 77477
72844 34601 77477
112338 59371 142944
59371 112338 142944
142944 59371 112338
109822 62904 80732
80732 62904 109822
62904 80732 109822
135720 26998 117057
117057 26998 135720
26998 117057 135720
141884 48185 131730
48185 131730 141884
131730 48185 141884
9632 18501 45880
18501 9632 45880
45880 9632 18501
16470 21157 92727
21157 16470 92727
92727 16470 21157
1789 119713 139610
139610 1789 119713
119713 1789 139610
112463 67916 70185
70185 67916 112463
67916 70185 112463
106238 75883 142436
142436 75883 106238
75883 106238 142436
81993 7959 69918
69918 7959 81993
7959 69918 81993
112480 80115 123606
80115 112480 123606
123606 80115 112480
106933 34511 135856
135856 34511 106933
34511 106933 135856
1061 2116 110118
110118 1061 2116
2116 1061 110118
41917 9454 46501
