884 608 1399
608 884 1399
1399 608 884
1124 178 1354
178 1124 1354
1354 178 1124
851 1000 1067
1067 851 1000
1000 851 1067
691 1106 1497
1106 691 1497
1497 691 1106
1136 733 1028
733 1028 1136
1028 733 1136
813 523 1228
1228 523 813
523 813 1228
738 982 1084
982 738 1084
1084 738 982
1022 68 1425
68 1022 1425
1425 68 1022
1023 251 1357
251 1023 1357
1357 251 1023
1190 230 1069
230 1069 1190
1069 230 1190
711 596 872
872 596 711
596 711 872
23 772 1353
1353 23 772
772 23 1353
1429 889 1078
1078 889 1429
889 1078 1429
1046 858 1439
1439 858 1046
858 1046 1439
150 675 1185
1185 150 675
675 150 1185
1383 147 785
785 147 1383
147 785 1383
1386 581 1308
1308 581 1386
581 1308 1386
422 760 1144
760 422 1144
1144 422 760
74 1230 1287
1287 74 1230
1230 74 1287
1037 800 924
924 800 1037
800 924 1037
636 970 1474
970 636 1474
1474 636 970
484 315 421
315 421 484
421 315 484
1492 809 816
816 809 1492
809 816 1492
585 758 827
758 585 827
827 585 758
417 29 1441
1441 29 417
29 417 1441
1436 117 1188
1188 117 1436
117 1188 1436
10 135 948
948 10 135
135 10 948
1414 802 1158
1158 802 1414
802 1158 1414
956 593 923
593 923 956
923 593 956
1195 125 1296
125 1195 1296
1296 125 1195
1430 173 1182
173 1182 1430
1182 173 1430
325 1012 1087
1087 325 1012
1012 325 1087
808 62 1161
62 808 1161
1161 62 808
342 697 824
824 342 697
697 342 824
631 605 1101
605 631 1101
1101 605 631
667 467 646
646 467 667
467 646 667
418 433 580
433 418 580
580 418 433
1229 287 946
946 287 1229
287 946 1229
797 368 706
706 368 797
368 706 797
1275 79 94
94 79 1275
79 94 1275
881 536 563
536 563 881
563 536 881
327 1130 1438
1438 327 1130
1130 327 1438
1207 1072 1293
1072 1207 1293
1293 1072 1207
295 574 1065
1065 295 574
574 295 1065
910 1061 1128
1061 910 1128
1128 910 1061
1165 647 1183
647 1165 1183
1183 647 1165
459 202 1175
202 459 1175
1175 202 459
999 717 749
717 749 999
749 717 999
1080 953 1226
1226 953 1080
953 1080 1226
452 1027 1075
1075 452 1027
1027 452 1075
736 588 635
588 635 736
635 588 736
1478 161 1406
161 1406 1478
1406 161 1478
77 308 1231
1231 77 308
308 77 1231
141 958 1405
1405 141 958
958 141 1405
951 148 522
522 148 951
148 522 951
156 1380 1382
1382 156 1380
1380 156 1382
310 448 1262
448 310 1262
1262 310 448
1310 516 627
627 516 1310
516 627 1310
833 241 1402
241 833 1402
1402 241 833
123 1254 1391
1254 123 1391
1391 123 1254
699 212 571
571 212 699
212 571 699
328 82 253
82 253 328
253 82 328
1052 237 1050
237 1050 1052
1050 237 1052
1043 191 1123
191 1043 1123
1123 191 1043
34 339 849
339 34 849
849 34 339
919 97 457
457 97 919
97 457 919
501 1007 1453
1453 501 1007
1007 501 1453
1145 175 1465
175 1145 1465
1465 175 1145
502 279 1149
279 502 1149
1149 279 502
1157 238 1017
1017 238 1157
238 1017 1157
67 122 766
766 67 122
122 67 766
90 59 950
950 59 90
59 90 950
499 546 829
829 499 546
546 499 829
497 183 1329
1329 183 497
183 497 1329
862 411 1071
411 862 1071
1071 411 862
245 38 106
38 106 245
106 38 245
390 817 854
854 390 817
817 390 854
179 193 882
193 179 882
882 179 193
939 775 1166
1166 775 939
775 939 1166
1345 440 1442
440 1345 1442
1442 440 1345
1217 259 852
852 259 1217
259 852 1217
623 1036 1281
1281 623 1036
1036 623 1281
284 424 1152
1152 284 424
424 284 1152
1499 344 1208
1208 344 1499
344 1208 1499
843 406 1138
1138 406 843
406 843 1138
1343 795 1427
795 1343 1427
1427 795 1343
1356 37 1422
37 1356 1422
1422 37 1356
728 466 768
768 466 728
466 728 768
1019 75 786
786 75 1019
75 786 1019
169 569 603
603 169 569
569 169 603
1463 246 998
998 246 1463
246 998 1463
814 388 742
742 388 814
388 742 814
1267 498 1014
1014 498 1267
498 1014 1267
594 669 866
669 594 866
866 594 669
311 949 1375
1375 311 949
949 311 1375
984 30 442
30 442 984
442 30 984
648 13 875
875 13 648
13 648 875
1475 532 639
532 639 1475
639 532 1475
1133 481 1253
1253 481 1133
481 1133 1253
1013 17 446
446 17 1013
17 446 1013
410 389 1194
1194 389 410
389 410 1194
215 102 1283
102 215 1283
1283 102 215
154 704 1325
704 154 1325
1325 154 704
727 589 754
589 727 754
754 589 727
266 655 960
960 266 655
655 266 960
565 394 528
394 528 565
528 394 565
703 732 1196
732 703 1196
1196 703 732
513 7 774
7 513 774
774 7 513
520 343 780
780 343 520
343 520 780
681 614 737
614 681 737
737 614 681
807 1198 1342
1198 807 1342
1342 807 1198
537 103 1002
103 537 1002
1002 103 537
534 4 1104
1104 4 534
4 534 1104
746 752 1423
752 746 1423
1423 746 752
1201 99 955
955 99 1201
99 955 1201
1303 720 804
720 804 1303
804 720 1303
741 19 777
777 19 741
19 741 777
285 261 1079
261 285 1079
1079 261 285
643 409 1222
1222 409 643
409 643 1222
1131 16 1388
16 1131 1388
1388 16 1131
1263 844 1428
844 1263 1428
1428 844 1263
1122 665 887
887 665 1122
665 887 1122
121 20 1174
20 121 1174
1174 20 121
190 1484 1496
1496 190 1484
1484 190 1496
427 730 1243
730 427 1243
1243 427 730
425 347 414
347 414 425
414 347 425
1408 885 1025
1025 885 1408
885 1025 1408
718 1091 1192
1192 718 1091
1091 718 1192
2 376 604
376 2 604
604 2 376
1269 1055 1331
1331 1055 1269
1055 1269 1331
899 44 637
637 44 899
44 637 899
429 981 1349
981 429 1349
1349 429 981
177 360 983
983 177 360
360 177 983
283 204 610
204 283 610
610 204 283
45 184 1466
184 45 1466
1466 45 184
1073 729 1276
729 1073 1276
1276 729 1073
423 395 1150
395 423 1150
1150 395 423
613 113 474
113 474 613
474 113 613
1473 1323 1443
1443 1323 1473
1323 1443 1473
461 750 1042
750 461 1042
1042 461 750
1361 234 997
234 997 1361
997 234 1361
139 558 1489
558 139 1489
1489 139 558
538 864 906
906 538 864
864 538 906
784 391 1219
391 784 1219
1219 391 784
1125 244 618
618 244 1125
244 618 1125
349 676 1259
676 349 1259
1259 349 676
197 1187 1358
1187 197 1358
1358 197 1187
1191 1147 1238
1147 1191 1238
1238 1147 1191
511 436 1444
436 511 1444
1444 436 511
247 50 373
50 247 373
373 50 247
1049 1237 1271
1237 1049 1271
1271 1049 1237
658 630 1011
630 658 1011
1011 630 658
1235 383 1016
1016 383 1235
383 1016 1235
611 400 748
748 400 611
400 611 748
664 504 1468
1468 504 664
504 664 1468
51 260 828
260 51 828
828 51 260
491 298 1151
1151 298 491
298 491 1151
1493 108 1451
108 1451 1493
1451 108 1493
40 27 1360
27 40 1360
1360 27 40
22 199 358
358 22 199
199 22 358
1272 256 294
256 294 1272
294 256 1272
56 269 361
269 56 361
361 56 269
155 492 1315
492 155 1315
1315 155 492
846 1313 1341
1313 846 1341
1341 846 1313
1385 1031 1355
1355 1031 1385
1031 1355 1385
957 186 938
938 186 957
186 938 957
1307 584 901
584 901 1307
901 584 1307
196 449 765
765 196 449
449 196 765
870 218 329
218 329 870
329 218 870
1457 544 1184
1184 544 1457
544 1184 1457
1346 1177 1344
1177 1344 1346
1344 1177 1346
475 111 1291
1291 111 475
111 475 1291
312 48 879
879 48 312
48 312 879
208 138 653
138 208 653
653 138 208
351 101 1351
1351 101 351
101 351 1351
1464 182 793
182 793 1464
793 182 1464
213 488 548
548 213 488
488 213 548
1255 95 891
95 891 1255
891 95 1255
216 337 1421
1421 216 337
337 216 1421
1257 420 1109
1109 420 1257
420 1109 1257
36 31 55
55 31 36
31 36 55
1265 188 1285
1285 188 1265
188 1265 1285
300 404 933
933 300 404
404 300 933
573 633 1294
1294 573 633
633 573 1294
1018 1378 1454
1454 1018 1378
1378 1018 1454
493 826 1244
826 493 1244
1244 493 826
698 579 708
708 579 698
579 698 708
942 366 659
366 659 942
659 366 942
543 621 1038
621 543 1038
1038 543 621
1076 818 1066
818 1066 1076
1066 818 1076
318 1167 1371
1167 318 1371
1371 318 1167
477 270 1113
1113 270 477
270 477 1113
1164 848 1083
848 1083 1164
1083 848 1164
715 54 271
271 54 715
54 271 715
966 929 1057
929 966 1057
1057 929 966
747 282 419
282 419 747
419 282 747
505 403 1381
403 505 1381
1381 403 505
88 973 1247
973 88 1247
1247 88 973
902 837 991
837 902 991
991 837 902
1336 1431 1490
1490 1336 1431
1431 1336 1490
790 757 835
835 757 790
757 790 835
1118 330 1058
1058 330 1118
330 1058 1118
314 91 1420
91 314 1420
1420 91 314
662 32 595
595 32 662
32 595 662
206 641 1081
641 206 1081
1081 206 641
41 1317 1434
1317 41 1434
1434 41 1317
972 562 838
562 838 972
838 562 972
845 228 724
228 724 845
724 228 845
900 578 1035
578 900 1035
1035 578 900
239 709 805
805 239 709
709 239 805
540 72 787
72 540 787
787 72 540
1172 735 1060
735 1060 1172
1060 735 1172
1256 274 1032
274 1032 1256
1032 274 1256
416 203 980
203 416 980
980 203 416
1411 460 1410
1410 460 1411
460 1410 1411
904 296 937
937 296 904
296 904 937
568 46 1062
1062 46 568
46 568 1062
494 1001 1396
1001 494 1396
1396 494 1001
1181 781 1086
1086 781 1181
781 1086 1181
542 680 1242
680 542 1242
1242 542 680
1260 575 874
575 874 1260
874 575 1260
1302 152 443
152 443 1302
443 152 1302
530 822 1415
822 530 1415
1415 530 822
624 119 927
119 624 927
927 119 624
1041 632 1495
632 1041 1495
1495 632 1041
1295 1206 1289
1289 1206 1295
1206 1289 1295
379 517 710
517 379 710
710 379 517
1135 324 1053
324 1053 1135
1053 324 1135
761 1316 1339
1339 761 1316
1316 761 1339
1126 133 834
133 834 1126
834 133 1126
1332 695 1397
695 1332 1397
1397 695 1332
439 447 1462
447 439 1462
1462 439 447
176 989 1418
1418 176 989
989 176 1418
1179 235 783
783 235 1179
235 783 1179
702 968 1370
1370 702 968
968 702 1370
819 920 1288
920 819 1288
1288 819 920
721 426 1210
426 721 1210
1210 426 721
321 86 1209
1209 86 321
86 321 1209
70 773 1068
773 70 1068
1068 70 773
769 994 1021
1021 769 994
994 769 1021
1278 609 1363
1363 609 1278
609 1278 1363
1327 345 652
345 652 1327
652 345 1327
479 619 839
619 479 839
839 479 619
25 214 1284
214 25 1284
1284 25 214
1365 435 576
435 576 1365
576 435 1365
217 928 965
965 217 928
928 217 965
1082 290 1155
290 1082 1155
1155 290 1082
743 944 1051
944 743 1051
1051 743 944
1249 762 1477
1477 762 1249
762 1249 1477
1197 1159 1348
1348 1159 1197
1159 1197 1348
812 363 977
977 363 812
363 812 977
582 352 1364
1364 352 582
352 582 1364
1277 1337 1340
1337 1277 1340
1340 1277 1337
278 76 1409
1409 76 278
76 278 1409
225 770 1433
770 225 1433
1433 225 770
397 157 348
157 348 397
348 157 397
472 39 454
454 39 472
39 454 472
153 5 1103
1103 5 153
5 153 1103
1335 258 689
258 689 1335
689 258 1335
1063 120 907
120 907 1063
907 120 1063
1054 78 198
198 78 1054
78 198 1054
132 1211 1368
1368 132 1211
1211 132 1368
1132 539 638
638 539 1132
539 638 1132
93 701 1189
701 93 1189
1189 93 701
947 151 471
471 151 947
151 471 947
1089 272 868
272 868 1089
868 272 1089
903 445 1445
1445 445 903
445 903 1445
127 740 990
990 127 740
740 127 990
590 1095 1437
1095 590 1437
1437 590 1095
398 861 1472
861 398 1472
1472 398 861
1300 281 969
969 281 1300
281 969 1300
510 712 1491
712 510 1491
1491 510 712
126 115 264
115 126 264
264 115 126
405 654 798
798 405 654
654 405 798
455 657 880
880 455 657
657 455 880
825 873 1320
1320 825 873
873 825 1320
220 1142 1440
1440 220 1142
1142 220 1440
52 158 350
158 52 350
350 52 158
250 961 1498
1498 250 961
961 250 1498
934 836 1328
836 934 1328
1328 836 934
840 53 911
53 840 911
911 53 840
567 1369 1435
1369 567 1435
1435 567 1369
512 11 181
181 11 512
11 181 512
1024 597 745
745 597 1024
597 745 1024
869 303 317
303 317 869
317 303 869
1129 583 1225
1225 583 1129
583 1129 1225
1367 6 1096
1096 6 1367
6 1096 1367
165 280 1274
1274 165 280
280 165 1274
136 371 1450
1450 136 371
371 136 1450
931 35 1486
35 931 1486
1486 35 931
564 1003 1432
1432 564 1003
1003 564 1432
1488 109 688
688 109 1488
109 688 1488
1282 782 1290
782 1282 1290
1290 782 1282
1202 682 1213
1213 682 1202
682 1202 1213
487 464 1264
1264 464 487
464 487 1264
1314 666 971
971 666 1314
666 971 1314
841 1215 1487
1215 841 1487
1487 841 1215
83 265 617
265 83 617
617 83 265
1481 85 401
401 85 1481
85 401 1481
1098 1100 1127
1100 1098 1127
1127 1098 1100
650 359 995
359 650 995
995 359 650
952 195 913
913 195 952
195 913 952
286 734 831
831 286 734
734 286 831
227 599 1245
599 227 1245
1245 227 599
685 524 661
524 661 685
661 524 685
620 331 935
331 620 935
935 331 620
519 168 1306
1306 168 519
168 519 1306
719 66 1455
66 719 1455
1455 66 719
1412 356 550
356 550 1412
550 356 1412
1311 909 1004
1004 909 1311
909 1004 1311
1419 723 1458
1458 723 1419
723 1419 1458
372 301 307
301 307 372
307 301 372
1252 172 1279
172 1252 1279
1279 172 1252
304 71 674
71 304 674
674 71 304
1204 690 1008
1008 690 1204
690 1008 1204
319 847 1044
847 319 1044
1044 319 847
1199 159 863
863 159 1199
159 863 1199
714 533 1040
1040 533 714
533 714 1040
428 207 476
476 207 428
207 428 476
450 686 1416
686 450 1416
1416 450 686
1203 1404 1424
1404 1203 1424
1424 1203 1404
441 518 1426
1426 441 518
518 441 1426
886 1322 1469
1469 886 1322
1322 886 1469
606 470 878
878 470 606
470 606 878
865 788 1459
788 865 1459
1459 788 865
696 3 288
288 3 696
3 288 696
130 114 431
431 114 130
114 130 431
326 485 612
612 326 485
485 326 612
116 268 1162
268 116 1162
1162 116 268
792 210 1059
1059 210 792
210 792 1059
778 200 1039
1039 200 778
200 778 1039
180 507 954
507 180 954
954 180 507
415 1168 1395
1395 415 1168
1168 415 1395
1193 335 1407
335 1193 1407
1407 335 1193
140 273 622
273 140 622
622 140 273
340 384 1326
1326 340 384
384 340 1326
515 572 945
945 515 572
572 515 945
1212 897 1330
1330 897 1212
897 1212 1330
1120 1270 1483
1483 1120 1270
1270 1120 1483
979 145 806
145 806 979
806 145 979
174 469 799
469 174 799
799 174 469
996 221 332
221 332 996
332 221 996
672 529 713
713 529 672
529 672 713
63 716 1479
716 63 1479
1479 63 716
142 577 1056
577 142 1056
1056 142 577
1092 8 796
796 8 1092
8 796 1092
396 936 1107
1107 396 936
936 396 1107
640 1115 1398
1115 640 1398
1398 640 1115
791 164 1102
1102 164 791
164 791 1102
823 1205 1338
1205 823 1338
1338 823 1205
731 240 1374
240 731 1374
1374 240 731
357 374 670
670 357 374
374 357 670
28 233 1110
1110 28 233
233 28 1110
896 629 975
975 629 896
629 896 975
1301 223 1305
223 1301 1305
1305 223 1301
1015 1347 1470
1470 1015 1347
1347 1015 1470
57 559 1227
1227 57 559
559 57 1227
1318 1148 1384
1384 1148 1318
1148 1318 1384
859 134 794
134 794 859
794 134 859
842 432 962
962 432 842
432 842 962
89 171 1009
171 89 1009
1009 89 171
553 663 1176
1176 553 663
663 553 1176
561 894 1105
1105 561 894
894 561 1105
254 601 725
725 254 601
601 254 725
705 480 853
480 705 853
853 480 705
1250 465 850
850 465 1250
465 850 1250
1298 915 1268
915 1268 1298
1268 915 1298
1140 291 739
739 291 1140
291 739 1140
1467 316 615
316 615 1467
615 316 1467
362 974 1447
1447 362 974
974 362 1447
263 305 1232
305 263 1232
1232 263 305
925 189 1178
1178 189 925
189 925 1178
98 988 1236
1236 98 988
988 98 1236
628 694 1029
1029 628 694
694 628 1029
205 323 438
323 205 438
438 205 323
1299 333 1333
333 1299 1333
1333 333 1299
496 84 1108
84 496 1108
1108 84 496
15 249 912
249 15 912
912 15 249
525 248 771
771 248 525
248 525 771
92 26 1324
26 92 1324
1324 26 92
566 81 129
81 129 566
129 81 566
509 767 789
789 509 767
767 509 789
365 393 1214
393 365 1214
1214 365 393
1480 671 1471
671 1471 1480
1471 671 1480
779 334 1461
1461 334 779
334 779 1461
993 407 508
407 508 993
508 407 993
678 21 1334
1334 21 678
21 678 1334
1500 987 1280
1280 987 1500
987 1280 1500
855 201 830
830 201 855
201 830 855
131 535 867
867 131 535
535 131 867
876 898 1286
898 876 1286
1286 876 898
1373 276 959
959 276 1373
276 959 1373
905 600 1359
600 905 1359
1359 600 905
143 65 124
65 124 143
124 65 143
1093 162 1248
1248 162 1093
162 1093 1248
978 12 430
12 430 978
430 12 978
1134 908 1362
908 1134 1362
1362 908 1134
146 257 1141
1141 146 257
257 146 1141
226 821 1366
1366 226 821
821 226 1366
336 679 1070
1070 336 679
679 336 1070
166 255 1321
255 166 1321
1321 166 255
320 110 645
645 110 320
110 320 645
673 456 1020
456 673 1020
1020 456 673
660 354 1169
354 660 1169
1169 354 660
437 964 1160
1160 437 964
964 437 1160
463 1111 1449
1111 463 1449
1449 463 1111
289 392 531
531 289 392
392 289 531
1352 187 722
187 722 1352
722 187 1352
1241 42 557
557 42 1241
42 557 1241
170 1047 1394
1047 170 1394
1394 170 1047
1456 753 1239
753 1239 1456
1239 753 1456
434 651 1392
1392 434 651
651 434 1392
1309 803 856
803 856 1309
856 803 1309
112 555 1137
555 112 1137
1137 112 555
602 386 560
560 386 602
386 560 602
552 118 1200
118 552 1200
1200 118 552
277 591 1006
1006 277 591
591 277 1006
1379 192 922
192 922 1379
922 192 1379
236 1048 1494
1494 236 1048
1048 236 1494
668 547 1319
547 668 1319
1319 547 668
1010 9 292
9 292 1010
292 9 1010
222 128 224
128 222 224
224 128 222
341 1139 1246
1139 341 1246
1246 341 1139
1390 163 634
634 163 1390
163 634 1390
992 916 1153
916 992 1153
1153 916 992
1085 408 683
683 408 1085
408 683 1085
545 231 1273
1273 231 545
231 545 1273
890 313 1088
313 890 1088
1088 313 890
1180 700 1154
1154 700 1180
700 1154 1180
1400 570 693
693 570 1400
570 693 1400
1112 24 586
24 586 1112
586 24 1112
1350 893 1119
1119 893 1350
893 1119 1350
1170 100 275
275 100 1170
100 275 1170
756 219 364
364 219 756
219 364 756
69 412 521
412 69 521
521 69 412
355 293 1372
293 355 1372
1372 293 355
810 47 306
306 47 810
47 306 810
490 380 556
556 380 490
380 490 556
1074 527 917
527 917 1074
917 527 1074
1097 1090 1221
1221 1090 1097
1090 1097 1221
96 468 503
503 96 468
468 96 503
1143 1173 1377
1173 1143 1377
1377 1143 1173
43 402 1312
402 43 1312
1312 43 402
375 232 877
232 375 877
877 232 375
941 61 684
684 61 941
61 684 941
1156 744 1292
1292 744 1156
744 1156 1292
549 267 1117
1117 267 549
267 549 1117
1297 644 1094
644 1094 1297
1094 644 1297
137 815 1218
815 137 1218
1218 137 815
1114 80 926
926 80 1114
80 926 1114
385 895 918
895 385 918
918 385 895
462 811 1261
811 462 1261
1261 462 811
382 541 1258
541 382 1258
1258 382 541
755 211 1460
211 755 1460
1460 211 755
692 367 642
367 642 692
642 367 692
514 677 963
677 514 963
963 514 677
209 49 921
921 49 209
49 209 921
482 473 967
473 482 967
967 473 482
322 1 33
1 33 322
33 1 322
87 262 1216
262 87 1216
1216 87 262
107 64 338
338 64 107
64 107 338
149 554 1146
1146 149 554
554 149 1146
1171 353 649
353 649 1171
649 353 1171
73 444 598
598 73 444
444 73 598
985 1077 1304
1077 985 1304
1304 985 1077
105 1005 1393
1005 105 1393
1393 105 1005
526 707 976
707 526 976
976 526 707
687 185 1413
1413 185 687
185 687 1413
1448 297 1266
1266 297 1448
297 1266 1448
1121 399 451
399 451 1121
451 399 1121
1376 413 914
413 914 1376
914 413 1376
892 229 243
243 229 892
229 243 892
1251 167 346
346 167 1251
167 346 1251
299 302 370
370 299 302
302 299 370
495 18 1064
1064 18 495
18 495 1064
592 453 776
776 453 592
453 592 776
1220 871 1223
871 1220 1223
1223 871 1220
58 832 1224
832 58 1224
1224 58 832
587 489 930
930 489 587
489 587 930
1417 1403 1476
1403 1417 1476
1476 1403 1417
940 551 1240
1240 551 940
551 940 1240
751 160 377
377 160 751
160 377 751
60 500 857
500 60 857
857 60 500
1387 378 1389
378 1387 1389
1389 378 1387
888 607 1186
607 888 1186
1186 607 888
764 194 309
309 194 764
194 309 764
506 986 1026
986 506 1026
1026 506 986
1034 656 860
860 656 1034
656 860 1034
726 759 883
759 726 883
883 726 759
1163 616 1485
1485 616 1163
616 1163 1485
483 144 242
242 144 483
144 242 483
14 486 801
801 14 486
486 14 801
932 626 1099
626 932 1099
1099 626 932
1030 1116 1234
1116 1030 1234
1234 1030 1116
369 478 1452
1452 369 478
478 369 1452
1401 104 1045
104 1045 1401
1045 104 1401
1233 625 943
625 943 1233
943 625 1233
1033 252 1482
1482 252 1033
252 1033 1482
1446 458 763
458 763 1446
763 458 1446
387 381 820
820 381 387
381 387 820
