1470 172 507
172 507 1470
507 172 1470
668 51 963
963 51 668
51 668 963
1043 1297 1321
1321 1043 1297
1297 1043 1321
233 416 705
705 233 416
416 233 705
1256 634 720
720 634 1256
634 720 1256
561 269 287
287 269 561
269 287 561
241 704 707
707 241 704
704 241 707
218 914 1081
914 218 1081
1081 218 914
509 557 1372
1372 509 557
557 509 1372
556 135 1183
135 556 1183
1183 135 556
96 265 424
424 96 265
265 96 424
1262 173 996
173 996 1262
996 173 1262
1300 397 591
591 397 1300
397 591 1300
867 1 644
1 644 867
644 1 867
756 374 1431
374 756 1431
1431 374 756
776 565 1140
565 776 1140
1140 565 776
1034 348 905
348 905 1034
905 348 1034
1352 145 610
610 145 1352
145 610 1352
559 809 1387
809 559 1387
1387 559 809
1328 105 661
661 105 1328
105 661 1328
217 62 1439
1439 62 217
62 217 1439
113 750 1476
750 113 1476
1476 113 750
819 221 729
729 221 819
221 729 819
375 747 873
747 375 873
873 375 747
966 384 472
472 384 966
384 472 966
1224 225 617
617 225 1224
225 617 1224
165 39 1395
1395 39 165
39 165 1395
863 769 845
769 845 863
845 769 863
1301 452 804
452 804 1301
804 452 1301
816 169 552
169 552 816
552 169 816
833 160 330
330 160 833
160 330 833
1374 333 1266
333 1266 1374
1266 333 1374
119 789 1079
789 119 1079
1079 119 789
263 712 942
712 263 942
942 263 712
1451 706 973
706 973 1451
973 706 1451
1207 30 396
396 30 1207
30 396 1207
1138 795 1059
795 1059 1138
1059 795 1138
1275 325 936
936 325 1275
325 936 1275
1210 955 1134
955 1134 1210
1134 955 1210
680 112 485
112 485 680
485 112 680
427 297 1223
1223 297 427
297 427 1223
595 215 431
431 215 595
215 431 595
1159 719 1298
1298 719 1159
719 1159 1298
1172 1025 1339
1339 1025 1172
1025 1172 1339
1039 41 754
754 41 1039
41 754 1039
607 924 1484
1484 607 924
924 607 1484
698 620 651
651 620 698
620 651 698
415 89 302
89 302 415
302 89 415
256 1238 1271
1271 256 1238
1238 256 1271
658 828 1163
828 658 1163
1163 658 828
382 578 590
578 382 590
590 382 578
440 621 1111
1111 440 621
621 440 1111
40 684 791
684 40 791
791 40 684
1360 42 647
42 647 1360
647 42 1360
582 848 1201
848 582 1201
1201 582 848
1404 28 1348
1348 28 1404
28 1348 1404
594 524 1401
524 594 1401
1401 524 594
1217 92 129
129 92 1217
92 129 1217
1499 224 762
224 762 1499
762 224 1499
274 730 1363
730 274 1363
1363 274 730
1044 417 1357
417 1044 1357
1357 417 1044
1407 1285 1316
1316 1285 1407
1285 1316 1407
152 1109 1335
1335 152 1109
1109 152 1335
796 584 1319
584 796 1319
1319 584 796
897 744 1203
1203 744 897
744 897 1203
1454 240 503
503 240 1454
240 503 1454
8 1045 1450
1045 8 1450
1450 8 1045
1488 972 1108
1108 972 1488
972 1108 1488
82 640 700
640 82 700
700 82 640
179 1099 1469
1469 179 1099
1099 179 1469
1276 479 1222
479 1222 1276
1222 479 1276
1343 371 1346
1346 371 1343
371 1343 1346
1336 252 337
337 252 1336
252 337 1336
959 1379 1393
1393 959 1379
1379 959 1393
1082 308 381
308 381 1082
381 308 1082
467 242 1398
242 467 1398
1398 242 467
1435 1212 1358
1212 1358 1435
1358 1212 1435
840 864 982
864 840 982
982 840 864
1354 419 1433
1433 419 1354
419 1354 1433
1174 421 1394
421 1174 1394
1394 421 1174
1220 1035 1236
1035 1220 1236
1236 1035 1220
1282 550 1362
550 1282 1362
1362 550 1282
790 605 1396
1396 605 790
605 790 1396
1146 55 483
55 483 1146
483 55 1146
1202 142 351
142 351 1202
351 142 1202
1009 7 1015
1015 7 1009
7 1009 1015
1250 95 521
95 521 1250
521 95 1250
1162 1333 1422
1333 1162 1422
1422 1162 1333
1427 869 900
900 869 1427
869 900 1427
801 847 1232
1232 801 847
847 801 1232
1284 648 745
745 648 1284
648 745 1284
1033 906 1031
906 1031 1033
1031 906 1033
1038 572 581
581 572 1038
572 581 1038
272 210 1069
210 272 1069
1069 210 272
1413 332 824
332 824 1413
824 332 1413
44 683 1076
683 44 1076
1076 44 683
1249 277 802
802 277 1249
277 802 1249
482 72 1366
1366 72 482
72 482 1366
1041 1180 1376
1180 1041 1376
1376 1041 1180
1286 102 568
568 102 1286
102 568 1286
930 612 1161
612 930 1161
1161 612 930
1191 678 1303
678 1191 1303
1303 678 1191
588 223 1088
1088 223 588
223 588 1088
292 1176 1290
1290 292 1176
1176 292 1290
971 1131 1144
1144 971 1131
1131 971 1144
1051 495 941
941 495 1051
495 941 1051
821 739 755
755 739 821
739 755 821
1490 692 1340
692 1340 1490
1340 692 1490
476 741 797
797 476 741
741 476 797
619 178 1110
178 619 1110
1110 178 619
401 777 1187
777 401 1187
1187 401 777
878 99 886
886 99 878
99 878 886
288 251 946
251 288 946
946 251 288
636 235 518
235 518 636
518 235 636
1102 239 270
270 239 1102
239 270 1102
577 814 890
890 577 814
814 577 890
850 346 894
894 346 850
346 850 894
57 245 1494
245 57 1494
1494 57 245
1437 1095 1463
1463 1095 1437
1095 1437 1463
389 1029 1429
1029 389 1429
1429 389 1029
1453 695 1485
1485 695 1453
695 1453 1485
999 1255 1351
1255 999 1351
1351 999 1255
48 844 1341
1341 48 844
844 48 1341
323 24 155
24 155 323
155 24 323
1185 357 962
357 962 1185
962 357 1185
1085 725 904
904 725 1085
725 904 1085
257 310 586
586 257 310
310 257 586
530 687 732
687 530 732
732 530 687
1141 626 1390
1390 626 1141
626 1141 1390
1130 66 866
66 866 1130
866 66 1130
1114 296 1219
1219 296 1114
296 1114 1219
757 889 1462
889 757 1462
1462 757 889
1468 394 1337
394 1337 1468
1337 394 1468
555 735 1325
735 555 1325
1325 555 735
1139 186 937
937 186 1139
186 937 1139
407 5 1260
1260 5 407
5 407 1260
1094 506 1310
1310 506 1094
506 1094 1310
314 455 608
455 314 608
608 314 455
71 622 1288
622 71 1288
1288 71 622
846 379 505
505 379 846
379 505 846
1005 319 679
319 679 1005
679 319 1005
1112 1165 1307
1307 1112 1165
1165 1112 1307
497 631 1017
1017 497 631
631 497 1017
1456 405 1129
1129 405 1456
405 1129 1456
502 1411 1455
1411 502 1455
1455 502 1411
190 602 1247
602 190 1247
1247 190 602
1378 403 964
403 964 1378
964 403 1378
947 910 1486
1486 910 947
910 947 1486
141 870 1342
870 141 1342
1342 141 870
97 212 938
212 97 938
938 97 212
1036 457 1089
1089 457 1036
457 1036 1089
109 180 1117
180 109 1117
1117 109 180
671 315 675
675 315 671
315 671 675
153 77 529
529 77 153
77 153 529
504 86 860
860 86 504
86 504 860
459 114 752
752 114 459
114 459 752
1313 299 340
299 340 1313
340 299 1313
1054 449 709
449 709 1054
709 449 1054
1239 137 1067
137 1067 1239
1067 137 1239
334 1001 1466
1466 334 1001
1001 334 1466
736 691 1258
691 736 1258
1258 691 736
513 496 1142
1142 496 513
496 513 1142
682 727 919
727 682 919
919 682 727
992 345 911
345 911 992
911 345 992
753 432 921
921 432 753
432 753 921
1060 349 624
349 624 1060
624 349 1060
766 94 362
94 362 766
362 94 766
281 18 770
18 281 770
770 18 281
363 583 868
583 363 868
868 363 583
1200 275 1479
275 1200 1479
1479 275 1200
161 570 618
618 161 570
570 161 618
383 93 652
93 383 652
652 93 383
945 834 923
923 834 945
834 923 945
1178 1156 1406
1156 1178 1406
1406 1156 1178
613 372 1415
372 613 1415
1415 372 613
488 659 1308
659 488 1308
1308 488 659
800 88 541
541 88 800
88 541 800
820 316 913
913 316 820
316 820 913
1157 56 1296
56 1157 1296
1296 56 1157
195 306 733
733 195 306
306 195 733
533 460 542
542 460 533
460 533 542
118 264 599
264 118 599
599 118 264
1423 197 356
356 197 1423
197 356 1423
1073 413 827
413 827 1073
827 413 1073
1071 273 865
273 865 1071
865 273 1071
1237 75 606
75 606 1237
606 75 1237
1158 226 243
243 226 1158
226 243 1158
53 884 1023
884 53 1023
1023 53 884
912 686 1403
686 912 1403
1403 686 912
386 294 1459
294 386 1459
1459 294 386
749 321 721
721 321 749
321 721 749
628 64 1235
64 628 1235
1235 64 628
842 98 1442
98 842 1442
1442 98 842
1153 246 585
585 246 1153
246 585 1153
1291 616 985
985 616 1291
616 985 1291
453 446 822
822 446 453
446 453 822
635 387 1168
1168 387 635
387 635 1168
199 817 861
817 199 861
861 199 817
1467 120 1057
1057 120 1467
120 1057 1467
891 17 574
17 574 891
574 17 891
1204 662 699
699 662 1204
662 699 1204
1474 116 787
787 116 1474
116 787 1474
1311 773 1100
1100 773 1311
773 1100 1311
196 697 965
965 196 697
697 196 965
968 546 649
649 546 968
546 649 968
268 786 1062
1062 268 786
786 268 1062
1243 1013 1253
1253 1013 1243
1013 1243 1253
185 402 798
402 185 798
798 185 402
83 350 654
654 83 350
350 83 654
1380 724 1027
1027 724 1380
724 1027 1380
156 286 650
650 156 286
286 156 650
295 166 236
236 166 295
166 236 295
943 643 1324
643 943 1324
1324 643 943
59 1189 1304
1304 59 1189
1189 59 1304
633 354 1273
354 633 1273
1273 354 633
360 91 528
91 360 528
528 91 360
931 841 1323
841 931 1323
1323 841 931
1133 494 515
494 515 1133
515 494 1133
37 312 368
368 37 312
312 37 368
944 1055 1399
1399 944 1055
1055 944 1399
1226 163 774
774 163 1226
163 774 1226
1417 342 1441
342 1417 1441
1441 342 1417
339 107 1424
1424 107 339
107 339 1424
677 26 830
830 26 677
26 677 830
543 1391 1421
1391 543 1421
1421 543 1391
995 253 492
492 253 995
253 492 995
90 793 1481
793 90 1481
1481 90 793
1101 708 1334
1334 708 1101
708 1101 1334
1259 322 856
322 856 1259
856 322 1259
715 21 1428
21 715 1428
1428 21 715
60 143 1480
1480 60 143
143 60 1480
131 63 1400
1400 63 131
63 131 1400
205 1194 1248
1248 205 1194
1194 205 1248
176 320 462
320 176 462
462 176 320
464 222 566
222 464 566
566 222 464
220 740 1305
1305 220 740
740 220 1305
525 127 1365
127 525 1365
1365 127 525
970 932 1010
1010 932 970
932 970 1010
68 289 1426
1426 68 289
289 68 1426
1078 433 1058
433 1058 1078
1058 433 1078
73 481 1361
1361 73 481
481 73 1361
168 189 918
918 168 189
189 168 918
1019 418 832
832 418 1019
418 832 1019
1452 560 981
560 981 1452
981 560 1452
1397 456 1208
1208 456 1397
456 1208 1397
103 151 291
151 103 291
291 103 151
536 398 1315
398 536 1315
1315 398 536
80 425 1098
1098 80 425
425 80 1098
1011 58 1063
1063 58 1011
58 1011 1063
227 150 1090
1090 150 227
150 227 1090
1214 571 1347
571 1214 1347
1347 571 1214
237 124 1097
1097 124 237
124 237 1097
553 147 250
147 250 553
250 147 553
1152 298 1332
298 1152 1332
1332 298 1152
1438 347 993
993 347 1438
347 993 1438
1053 436 1056
436 1053 1056
1056 436 1053
759 353 469
469 353 759
353 469 759
1032 25 1093
25 1032 1093
1093 25 1032
366 1182 1408
1408 366 1182
1182 366 1408
438 540 877
540 438 877
877 438 540
611 146 1268
1268 146 611
146 611 1268
1209 958 1327
1327 958 1209
958 1209 1327
101 520 1263
1263 101 520
520 101 1263
1123 468 538
538 468 1123
468 538 1123
916 6 130
130 6 916
6 130 916
248 49 1478
49 248 1478
1478 49 248
1295 614 1151
1151 614 1295
614 1151 1295
627 204 539
539 204 627
204 539 627
1052 67 723
67 723 1052
723 67 1052
198 623 1458
623 198 1458
1458 198 623
935 1216 1269
1269 935 1216
1216 935 1269
430 895 975
975 430 895
895 430 975
1193 267 764
267 764 1193
764 267 1193
737 74 1447
74 737 1447
1447 74 737
694 836 1402
1402 694 836
836 694 1402
164 1184 1338
1338 164 1184
1184 164 1338
604 630 1472
630 604 1472
1472 604 630
318 121 545
545 121 318
121 318 545
576 1221 1416
1416 576 1221
1221 576 1416
1160 85 1322
85 1160 1322
1322 85 1160
835 794 1409
1409 794 835
794 835 1409
1483 710 1007
710 1007 1483
1007 710 1483
1021 655 956
655 956 1021
956 655 1021
549 22 1461
1461 22 549
22 549 1461
711 444 1022
444 711 1022
1022 444 711
1136 290 615
290 615 1136
615 290 1136
1061 370 664
664 370 1061
370 664 1061
36 473 978
473 36 978
978 36 473
110 31 1000
31 110 1000
1000 31 110
1150 490 855
855 490 1150
490 855 1150
872 1270 1491
1270 872 1491
1491 872 1270
1195 625 1274
1274 625 1195
625 1195 1274
569 1046 1246
1046 569 1246
1246 569 1046
681 593 948
948 593 681
593 681 948
1500 194 544
194 544 1500
544 194 1500
1042 188 673
188 673 1042
673 188 1042
952 399 1107
399 952 1107
1107 399 952
1267 663 738
738 663 1267
663 738 1267
276 638 1241
1241 276 638
638 276 1241
232 523 812
523 232 812
812 232 523
1135 1116 1245
1245 1116 1135
1116 1135 1245
880 653 928
653 880 928
928 653 880
903 361 385
361 385 903
385 361 903
84 380 443
443 84 380
380 84 443
1049 831 1154
1154 831 1049
831 1049 1154
573 674 782
674 573 782
782 573 674
632 859 1074
1074 632 859
859 632 1074
596 280 589
280 589 596
589 280 596
731 104 902
104 731 902
902 104 731
341 238 853
853 238 341
238 341 853
1381 106 949
949 106 1381
106 949 1381
445 637 839
839 445 637
637 445 839
395 922 1326
1326 395 922
922 395 1326
335 192 558
558 192 335
192 335 558
1179 32 929
929 32 1179
32 929 1179
783 788 1147
788 783 1147
1147 783 788
1186 13 50
13 50 1186
50 13 1186
391 656 1368
1368 391 656
656 391 1368
1242 208 874
874 208 1242
208 874 1242
716 214 1115
214 716 1115
1115 214 716
1292 61 979
61 979 1292
979 61 1292
435 133 392
392 133 435
133 392 435
1373 70 327
327 70 1373
70 327 1373
988 181 465
181 465 988
465 181 988
917 259 1016
1016 259 917
259 917 1016
1087 336 1244
336 1087 1244
1244 336 1087
1024 324 1228
1228 324 1024
324 1024 1228
258 554 887
554 258 887
887 258 554
510 657 1418
657 510 1418
1418 510 657
1331 282 601
601 282 1331
282 601 1331
792 244 899
899 244 792
244 792 899
1197 1048 1410
1048 1197 1410
1410 1048 1197
563 414 1127
414 563 1127
1127 414 563
393 15 76
15 76 393
76 15 393
317 300 960
300 317 960
960 300 317
1446 158 454
158 454 1446
454 158 1446
10 303 898
898 10 303
303 10 898
1065 187 442
187 442 1065
442 187 1065
1495 404 592
592 404 1495
404 592 1495
1020 139 991
139 991 1020
991 139 1020
1106 201 1064
1064 201 1106
201 1064 1106
206 38 1436
1436 38 206
38 206 1436
1314 484 531
531 484 1314
484 531 1314
1227 307 534
307 534 1227
534 307 1227
854 447 1489
1489 447 854
447 854 1489
499 138 1425
1425 138 499
138 499 1425
9 1167 1173
1167 9 1173
1173 9 1167
851 489 885
885 489 851
489 851 885
229 532 726
726 229 532
532 229 726
746 893 1145
1145 746 893
893 746 1145
475 717 967
717 475 967
967 475 717
767 171 799
799 171 767
171 767 799
823 1299 1465
1299 823 1465
1465 823 1299
666 983 1121
983 666 1121
1121 666 983
1471 448 1143
1143 448 1471
448 1143 1471
1196 815 1181
1181 815 1196
815 1181 1196
211 760 1188
1188 211 760
760 211 1188
1419 313 639
313 639 1419
639 313 1419
645 461 486
486 461 645
461 486 645
743 785 1225
785 743 1225
1225 743 785
1344 451 1265
451 1265 1344
1265 451 1344
344 159 1405
159 344 1405
1405 159 344
474 672 953
953 474 672
672 474 953
378 202 1155
1155 202 378
202 378 1155
1002 177 925
925 177 1002
177 925 1002
969 728 1434
1434 728 969
728 969 1434
1279 200 1084
200 1084 1279
1084 200 1279
1367 365 714
365 714 1367
714 365 1367
564 426 1119
426 564 1119
1119 426 564
1218 406 526
406 526 1218
526 406 1218
1004 174 1066
174 1004 1066
1066 174 1004
508 111 761
111 508 761
761 111 508
780 203 1497
203 780 1497
1497 203 780
434 4 775
775 4 434
4 434 775
1086 3 1317
1317 3 1086
3 1086 1317
1386 915 1377
915 1377 1386
1377 915 1386
331 527 1096
527 331 1096
1096 331 527
428 228 696
228 428 696
696 228 428
1364 1234 1359
1234 1359 1364
1359 1234 1364
1164 703 779
703 779 1164
779 703 1164
34 219 409
219 34 409
409 34 219
123 537 1006
537 123 1006
1006 123 537
305 1175 1206
1175 305 1206
1206 305 1175
182 377 1320
377 182 1320
1320 182 377
875 758 1132
1132 758 875
758 875 1132
742 466 670
466 670 742
670 466 742
660 517 1414
517 660 1414
1414 517 660
1171 125 693
693 125 1171
125 693 1171
367 117 458
458 117 367
117 367 458
778 471 896
896 471 778
471 778 896
23 46 805
805 23 46
46 23 805
1215 493 514
514 493 1215
493 514 1215
1008 183 810
810 183 1008
183 810 1008
1177 1280 1370
1280 1177 1370
1370 1177 1280
328 285 1003
285 328 1003
1003 285 328
128 136 1493
1493 128 136
136 128 1493
516 579 939
579 516 939
939 516 579
669 535 997
997 535 669
535 669 997
690 722 1482
1482 690 722
722 690 1482
1353 857 1464
857 1353 1464
1464 857 1353
950 976 1389
1389 950 976
976 950 1389
1083 35 108
35 108 1083
108 35 1083
184 718 826
718 184 826
826 184 718
1028 278 1264
278 1028 1264
1264 278 1028
1261 230 1449
1449 230 1261
230 1261 1449
989 388 1312
388 989 1312
1312 388 989
1289 1068 1487
1068 1289 1487
1487 1068 1289
1037 115 1092
1092 115 1037
115 1037 1092
927 283 1309
1309 283 927
283 927 1309
1278 480 498
480 498 1278
498 480 1278
825 216 369
216 369 825
369 216 825
1330 134 1350
134 1330 1350
1350 134 1330
994 501 882
882 501 994
501 882 994
665 175 1420
1420 175 665
175 665 1420
1113 14 888
888 14 1113
14 888 1113
1126 575 1477
1477 575 1126
575 1126 1477
52 1149 1375
1149 52 1375
1375 52 1149
818 908 1091
908 818 1091
1091 818 908
1254 1383 1430
1383 1254 1430
1430 1254 1383
65 20 567
20 65 567
567 20 65
1355 78 685
78 685 1355
685 78 1355
892 266 879
266 879 892
879 266 892
359 429 849
429 359 849
849 359 429
1120 279 646
279 646 1120
646 279 1120
12 355 1198
355 12 1198
1198 12 355
148 329 1105
1105 148 329
329 148 1105
609 500 858
500 609 858
858 500 609
400 977 1125
1125 400 977
977 400 1125
807 751 1124
1124 751 807
751 807 1124
478 907 1281
1281 478 907
907 478 1281
1306 149 1240
1240 149 1306
149 1240 1306
193 234 470
234 193 470
470 193 234
951 420 1257
1257 420 951
420 951 1257
1392 511 829
511 829 1392
829 511 1392
1231 255 909
909 255 1231
255 909 1231
29 249 477
249 29 477
477 29 249
408 358 1283
1283 358 408
358 408 1283
69 254 984
984 69 254
254 69 984
734 689 1169
689 734 1169
1169 689 734
412 603 772
603 412 772
772 412 603
1384 261 1050
1050 261 1384
261 1050 1384
986 837 1318
1318 837 986
837 986 1318
547 157 1412
157 547 1412
1412 157 547
519 170 1148
170 519 1148
1148 170 519
126 162 352
352 126 162
162 126 352
450 998 1166
998 450 1166
1166 450 998
1030 580 1080
1080 580 1030
580 1030 1080
957 132 641
641 132 957
132 641 957
1385 311 1349
311 1349 1385
1349 311 1385
11 231 338
231 11 338
338 11 231
422 883 1211
883 422 1211
1211 422 883
487 140 940
140 487 940
940 140 487
813 45 1170
1170 45 813
45 813 1170
990 247 343
343 247 990
247 343 990
301 1329 1473
1329 301 1473
1473 301 1329
987 191 748
191 748 987
748 191 987
19 862 1251
1251 19 862
862 19 1251
1075 512 676
676 512 1075
512 676 1075
600 1190 1496
1190 600 1496
1496 600 1190
439 373 1445
1445 373 439
373 439 1445
784 81 974
81 784 974
974 81 784
326 901 1440
1440 326 901
901 326 1440
1233 207 803
207 803 1233
803 207 1233
100 1118 1294
1118 100 1294
1294 100 1118
154 629 702
702 154 629
629 154 702
1382 167 1070
167 1070 1382
1070 167 1382
122 876 1122
876 122 1122
1122 122 876
1205 701 920
701 920 1205
920 701 1205
262 852 1077
852 262 1077
1077 262 852
1356 27 1498
1498 27 1356
27 1356 1498
33 364 587
364 33 587
587 33 364
43 597 1137
1137 43 597
597 43 1137
548 16 423
16 423 548
423 16 548
667 806 1103
806 667 1103
1103 667 806
437 410 1371
410 437 1371
1371 410 437
1192 209 933
933 209 1192
209 933 1192
871 1213 1448
1448 871 1213
1213 871 1448
1369 1072 1345
1345 1072 1369
1072 1345 1369
2 954 1443
954 2 1443
1443 2 954
961 309 771
771 309 961
309 771 961
926 1199 1457
1199 926 1457
1457 926 1199
1104 934 1014
934 1014 1104
1014 934 1104
881 47 522
522 47 881
47 522 881
763 598 642
598 642 763
642 598 763
551 213 1287
1287 213 551
213 551 1287
463 491 1018
1018 463 491
491 463 1018
1432 293 1460
293 1432 1460
1460 293 1432
765 271 562
562 271 765
271 562 765
1272 79 376
376 79 1272
79 376 1272
688 390 1012
390 688 1012
1012 390 688
1475 713 1026
713 1026 1475
1026 713 1475
1444 838 1128
1128 838 1444
838 1128 1444
811 1229 1293
1293 811 1229
1229 811 1293
1277 411 768
411 768 1277
768 411 1277
1230 441 808
808 441 1230
441 808 1230
1388 284 980
284 980 1388
980 284 1388
144 54 87
54 87 144
87 54 144
304 781 843
843 304 781
781 304 843
260 1047 1252
1047 260 1252
1252 260 1047
1492 1040 1302
1040 1302 1492
1302 1040 1492
