1409 10 1011
1011 10 1409
10 1011 1409
734 566 1251
566 734 1251
1251 566 734
306 505 1198
505 306 1198
1198 306 505
323 1316 1480
1480 323 1316
1316 323 1480
1414 423 1109
423 1109 1414
1109 423 1414
99 64 143
64 99 143
143 64 99
608 1141 1333
1333 608 1141
1141 608 1333
1235 898 1462
898 1235 1462
1462 898 1235
1140 690 982
690 982 1140
982 690 1140
129 416 1452
416 129 1452
1452 129 416
476 939 954
954 476 939
939 476 954
728 602 1151
1151 602 728
602 728 1151
1126 19 802
802 19 1126
19 802 1126
773 226 236
226 236 773
236 226 773
1302 116 1380
1380 116 1302
116 1302 1380
1352 400 759
400 759 1352
759 400 1352
1298 187 935
187 935 1298
935 187 1298
1076 297 646
646 297 1076
297 646 1076
1469 1097 1181
1097 1181 1469
1181 1097 1469
1281 480 495
495 480 1281
480 495 1281
529 1052 1237
1237 529 1052
1052 529 1237
1171 405 869
405 869 1171
869 405 1171
307 1343 1488
1343 307 1488
1488 307 1343
451 946 1058
1058 451 946
946 451 1058
864 787 916
916 787 864
787 864 916
349 86 383
86 349 383
383 86 349
805 477 1297
477 805 1297
1297 477 805
937 537 1020
537 937 1020
1020 537 937
1300 5 462
462 5 1300
5 462 1300
1190 1080 1093
1093 1080 1190
1080 1093 1190
1346 670 1487
1487 670 1346
670 1346 1487
1215 182 1239
182 1215 1239
1239 182 1215
574 941 1137
941 574 1137
1137 574 941
897 997 1120
1120 897 997
997 897 1120
1371 41 1059
1059 41 1371
41 1059 1371
1451 299 397
299 397 1451
397 299 1451
1187 184 1441
1441 184 1187
184 1187 1441
121 58 689
58 121 689
689 58 121
67 145 214
145 67 214
214 67 145
1457 713 1275
713 1275 1457
1275 713 1457
557 243 812
812 243 557
243 557 812
868 449 1423
449 868 1423
1423 449 868
957 1098 1145
1098 957 1145
1145 957 1098
1273 156 448
156 448 1273
448 156 1273
1489 388 775
775 388 1489
388 775 1489
684 883 1268
883 684 1268
1268 684 883
1163 458 1032
1032 458 1163
458 1032 1163
978 525 818
525 818 978
818 525 978
504 102 1131
102 504 1131
1131 102 504
2 895 1439
1439 2 895
895 2 1439
124 199 1299
1299 124 199
199 124 1299
956 441 1401
1401 441 956
441 956 1401
731 888 1208
1208 731 888
888 731 1208
1247 188 1382
1382 188 1247
188 1247 1382
1202 353 758
758 353 1202
353 758 1202
313 131 680
131 313 680
680 131 313
178 546 1341
546 178 1341
1341 178 546
366 551 781
551 366 781
781 366 551
186 911 1039
1039 186 911
911 186 1039
1078 369 989
989 369 1078
369 989 1078
1357 389 565
389 565 1357
565 389 1357
786 425 901
425 786 901
901 425 786
460 371 652
371 460 652
652 371 460
884 1270 1287
1287 884 1270
1270 884 1287
842 296 714
296 714 842
714 296 842
876 346 1233
1233 346 876
346 876 1233
412 381 736
381 412 736
736 381 412
1442 809 964
964 809 1442
809 964 1442
1066 268 845
845 268 1066
268 845 1066
331 1070 1377
1377 331 1070
1070 331 1377
783 811 855
855 783 811
811 783 855
293 482 552
552 293 482
482 293 552
1304 260 1388
260 1304 1388
1388 260 1304
1221 69 304
304 69 1221
69 304 1221
683 338 656
656 338 683
338 656 683
1086 230 720
230 720 1086
720 230 1086
1182 88 267
88 267 1182
267 88 1182
194 398 1037
1037 194 398
398 194 1037
133 20 960
20 133 960
960 20 133
801 105 198
105 198 801
198 105 801
523 244 710
710 244 523
244 523 710
917 620 674
620 674 917
674 620 917
570 309 554
309 554 570
554 309 570
1099 589 996
589 996 1099
996 589 1099
467 819 844
819 467 844
844 467 819
179 1266 1461
1266 179 1461
1461 179 1266
568 1060 1176
1176 568 1060
1060 568 1176
764 373 1133
1133 373 764
373 764 1133
918 936 1016
936 918 1016
1016 918 936
1072 998 1403
1403 998 1072
998 1072 1403
1170 209 419
419 209 1170
209 419 1170
1051 26 320
320 26 1051
26 320 1051
742 507 730
730 507 742
507 730 742
870 769 1319
1319 769 870
769 870 1319
1089 562 981
562 981 1089
981 562 1089
1197 239 865
865 239 1197
239 865 1197
1103 122 1166
1166 122 1103
122 1103 1166
949 938 1272
938 949 1272
1272 938 949
627 685 1493
1493 627 685
685 627 1493
463 103 1101
103 463 1101
1101 103 463
999 326 1095
1095 326 999
326 999 1095
1127 283 625
625 283 1127
283 625 1127
289 35 1360
1360 35 289
35 289 1360
312 772 1430
1430 312 772
772 312 1430
1149 303 1168
1168 303 1149
303 1149 1168
890 429 522
429 522 890
522 429 890
544 351 1259
1259 351 544
351 544 1259
221 89 1318
1318 89 221
89 221 1318
697 266 287
287 266 697
266 287 697
1111 534 1256
534 1111 1256
1256 534 1111
500 149 727
727 149 500
149 500 727
940 808 1253
808 940 1253
1253 808 940
1484 208 364
208 364 1484
364 208 1484
111 68 931
931 68 111
68 111 931
1255 857 1447
1447 857 1255
857 1255 1447
146 509 832
832 146 509
509 146 832
928 1028 1426
1028 928 1426
1426 928 1028
7 382 414
414 7 382
382 7 414
929 50 561
561 50 929
50 561 929
1339 708 1400
708 1339 1400
1400 708 1339
15 908 1494
1494 15 908
908 15 1494
1365 109 1271
109 1271 1365
1271 109 1365
581 52 443
443 52 581
52 443 581
1065 765 1134
765 1065 1134
1134 765 1065
774 1191 1427
1191 774 1427
1427 774 1191
636 632 1267
632 636 1267
1267 632 636
862 542 834
834 542 862
542 834 862
827 3 212
3 212 827
212 3 827
496 321 824
824 321 496
321 496 824
1186 271 643
271 643 1186
643 271 1186
1007 592 1431
1431 592 1007
592 1007 1431
1075 494 1227
1227 494 1075
494 1075 1227
376 32 1027
1027 32 376
32 376 1027
693 22 1418
22 693 1418
1418 22 693
417 14 1402
14 417 1402
1402 14 417
142 40 49
40 49 142
49 40 142
1019 387 896
896 387 1019
387 896 1019
993 302 459
302 459 993
459 302 993
518 1041 1212
1212 518 1041
1041 518 1212
113 281 1002
1002 113 281
281 113 1002
139 1220 1243
1243 139 1220
1220 139 1243
1473 679 1199
679 1199 1473
1199 679 1473
1119 310 1358
310 1119 1358
1358 310 1119
1386 719 1329
719 1329 1386
1329 719 1386
1154 192 1206
192 1154 1206
1206 192 1154
860 877 1175
1175 860 877
877 860 1175
1361 686 1152
1152 686 1361
686 1152 1361
1102 506 1449
506 1102 1449
1449 506 1102
61 107 317
317 61 107
107 61 317
1274 71 843
843 71 1274
71 843 1274
352 455 531
455 352 531
531 352 455
411 117 237
237 117 411
117 237 411
1025 932 1071
1071 932 1025
932 1025 1071
1232 410 1062
1062 410 1232
410 1062 1232
1254 792 1330
1330 792 1254
792 1254 1330
1336 1113 1313
1113 1313 1336
1313 1113 1336
723 115 605
115 605 723
605 115 723
356 922 1122
922 356 1122
1122 356 922
1112 1225 1390
1225 1112 1390
1390 1112 1225
924 1069 1326
1326 924 1069
1069 924 1326
34 250 807
250 34 807
807 34 250
1108 1387 1396
1387 1108 1396
1396 1108 1387
1196 1 1204
1204 1 1196
1 1196 1204
1179 512 1083
1083 512 1179
512 1083 1179
1293 87 96
87 96 1293
96 87 1293
874 336 1155
1155 336 874
336 874 1155
963 384 1164
384 963 1164
1164 384 963
75 180 218
180 75 218
218 75 180
1081 421 967
421 967 1081
967 421 1081
375 762 1107
762 375 1107
1107 375 762
1285 377 1383
1383 377 1285
377 1285 1383
345 47 354
354 47 345
47 345 354
183 432 630
432 183 630
630 183 432
46 434 947
434 46 947
947 46 434
1384 1029 1320
1320 1029 1384
1029 1320 1384
469 127 164
164 127 469
127 164 469
54 678 1378
678 54 1378
1378 54 678
465 393 550
393 465 550
550 393 465
1100 285 682
285 682 1100
682 285 1100
1085 563 1105
1105 563 1085
563 1085 1105
948 830 1470
1470 830 948
830 948 1470
659 753 1136
753 659 1136
1136 659 753
1217 4 1486
4 1217 1486
1486 4 1217
90 227 635
227 90 635
635 90 227
195 21 1125
1125 21 195
21 195 1125
319 228 663
663 228 319
228 319 663
1265 726 1261
726 1261 1265
1261 726 1265
718 1092 1213
1092 718 1213
1213 718 1092
794 70 798
70 794 798
798 70 794
603 508 1178
508 603 1178
1178 508 603
394 953 1026
953 394 1026
1026 394 953
1194 696 747
747 696 1194
696 747 1194
704 395 737
395 704 737
737 395 704
344 919 1363
1363 344 919
919 344 1363
980 729 887
729 887 980
887 729 980
675 596 1399
596 675 1399
1399 596 675
1456 144 867
867 144 1456
144 867 1456
365 277 1276
1276 277 365
277 365 1276
586 1038 1465
1465 586 1038
1038 586 1465
1440 923 992
992 923 1440
923 992 1440
403 671 1231
671 403 1231
1231 403 671
700 473 871
871 473 700
473 700 871
1079 1001 1082
1001 1079 1082
1082 1001 1079
573 490 524
524 490 573
490 524 573
1240 255 1123
1123 255 1240
255 1123 1240
498 779 1030
779 498 1030
1030 498 779
408 329 761
329 408 761
761 329 408
1391 1090 1135
1090 1135 1391
1135 1090 1391
1450 57 282
57 282 1450
282 57 1450
555 148 318
148 318 555
318 148 555
614 647 1000
647 614 1000
1000 614 647
933 171 217
171 217 933
217 171 933
1228 1362 1373
1373 1228 1362
1362 1228 1373
1496 456 907
907 456 1496
456 907 1496
577 1209 1432
1209 577 1432
1432 577 1209
1245 435 806
435 806 1245
806 435 1245
634 975 1408
975 634 1408
1408 634 975
1392 661 1248
1248 661 1392
661 1248 1392
1429 202 1301
202 1301 1429
1301 202 1429
468 1397 1481
1481 468 1397
1397 468 1481
44 126 905
905 44 126
126 44 905
664 278 920
920 278 664
278 664 920
1150 98 1234
98 1150 1234
1234 98 1150
1226 1289 1331
1331 1226 1289
1289 1226 1331
433 77 358
77 358 433
358 77 433
658 445 828
445 658 828
828 445 658
1180 484 788
788 484 1180
484 788 1180
1463 100 259
100 259 1463
259 100 1463
950 392 1073
392 950 1073
1073 392 950
24 207 1485
207 24 1485
1485 24 207
1252 587 837
837 587 1252
587 837 1252
1497 1114 1161
1161 1114 1497
1114 1161 1497
748 347 431
347 431 748
431 347 748
1162 594 885
885 594 1162
594 885 1162
766 472 1308
1308 472 766
472 766 1308
584 224 578
224 578 584
578 224 584
962 137 893
137 893 962
893 137 962
62 489 624
624 62 489
489 62 624
367 909 974
974 367 909
909 367 974
112 653 835
835 112 653
653 112 835
1435 558 800
558 800 1435
800 558 1435
66 677 1167
1167 66 677
677 66 1167
607 235 1303
235 607 1303
1303 235 607
1244 1195 1238
1195 1238 1244
1238 1195 1244
930 81 159
159 81 930
81 159 930
386 18 288
288 18 386
18 288 386
650 1282 1369
1369 650 1282
1282 650 1369
966 74 1269
1269 74 966
74 966 1269
341 699 770
770 341 699
699 341 770
324 25 270
270 25 324
25 270 324
1328 715 814
814 715 1328
715 814 1328
853 295 1035
295 853 1035
1035 295 853
543 95 1395
95 543 1395
1395 95 543
1249 628 1353
1353 628 1249
628 1249 1353
23 606 654
654 23 606
606 23 654
85 604 1193
1193 85 604
604 85 1193
579 322 655
655 322 579
322 579 655
1498 1192 1413
1413 1192 1498
1192 1413 1498
790 571 746
571 746 790
746 571 790
612 153 882
882 153 612
153 612 882
826 154 1340
154 826 1340
1340 154 826
60 53 823
53 60 823
823 53 60
453 33 1003
1003 33 453
33 453 1003
785 29 676
29 676 785
676 29 785
415 166 1292
1292 166 415
166 415 1292
1024 359 1229
359 1024 1229
1229 359 1024
756 265 598
598 265 756
265 598 756
502 722 965
965 502 722
722 502 965
372 668 1207
668 372 1207
1207 372 668
446 1294 1345
1345 446 1294
1294 446 1345
258 854 1471
854 258 1471
1471 258 854
709 83 513
513 83 709
83 513 709
169 92 1389
1389 92 169
92 169 1389
132 590 1448
590 132 1448
1448 132 590
972 51 56
51 56 972
56 51 972
1021 385 815
815 385 1021
385 815 1021
1280 511 1419
1419 511 1280
511 1280 1419
418 1115 1157
1115 418 1157
1157 418 1115
136 1174 1421
1421 136 1174
1174 136 1421
1278 357 1061
1061 357 1278
357 1061 1278
973 623 825
825 623 973
623 825 973
976 1049 1106
1049 976 1106
1106 976 1049
925 914 1310
914 925 1310
1310 914 925
36 631 738
631 36 738
738 36 631
328 961 1295
1295 328 961
961 328 1295
601 541 1050
1050 541 601
541 601 1050
669 1474 1491
1491 669 1474
1474 669 1491
272 30 168
168 30 272
30 168 272
158 510 1146
510 158 1146
1146 158 510
1160 157 256
157 256 1160
256 157 1160
968 501 1355
501 968 1355
1355 501 968
639 691 1023
691 639 1023
1023 639 691
120 311 330
311 120 330
330 120 311
97 617 958
958 97 617
617 97 958
1286 517 1148
517 1148 1286
1148 517 1286
150 672 840
840 150 672
672 150 840
497 1153 1338
1153 497 1338
1338 497 1153
644 1250 1291
1250 644 1291
1291 644 1250
1264 1454 1467
1467 1264 1454
1454 1264 1467
1218 63 528
528 63 1218
63 528 1218
1342 894 1110
894 1110 1342
1110 894 1342
817 407 1364
1364 407 817
407 817 1364
520 440 556
556 440 520
440 520 556
134 140 177
177 134 140
140 134 177
744 161 1417
161 744 1417
1417 161 744
777 695 1479
695 777 1479
1479 695 777
745 189 1116
189 745 1116
1116 189 745
813 91 1424
91 813 1424
1424 91 813
705 216 1139
216 705 1139
1139 216 705
782 399 673
673 399 782
399 673 782
1005 220 474
474 220 1005
220 474 1005
1040 886 1385
1385 886 1040
886 1040 1385
1407 754 1434
1434 754 1407
754 1407 1434
866 1350 1453
1350 866 1453
1453 866 1350
784 210 1056
1056 210 784
210 784 1056
616 875 1172
1172 616 875
875 616 1172
300 65 567
567 65 300
65 300 567
638 633 969
633 638 969
969 633 638
662 205 264
264 205 662
205 264 662
1159 767 1404
1404 767 1159
767 1159 1404
1222 863 1143
1143 863 1222
863 1143 1222
325 28 1351
1351 28 325
28 325 1351
1477 515 878
878 515 1477
515 878 1477
1004 820 1428
1428 820 1004
820 1004 1428
1262 274 1165
1165 274 1262
274 1165 1262
760 80 315
315 80 760
80 315 760
588 725 1096
1096 588 725
725 588 1096
211 82 1375
1375 82 211
82 211 1375
881 106 248
106 248 881
248 106 881
1279 426 1398
1398 426 1279
426 1279 1398
1323 203 983
983 203 1323
203 983 1323
821 242 391
242 391 821
391 242 821
170 492 1216
492 170 1216
1216 170 492
1415 776 1309
776 1309 1415
1309 776 1415
1184 276 1460
1460 276 1184
276 1184 1460
609 363 1012
1012 363 609
363 609 1012
1468 76 240
76 240 1468
240 76 1468
906 420 642
642 420 906
420 642 906
912 452 637
452 637 912
637 452 912
1054 741 994
741 994 1054
994 741 1054
1464 858 1130
858 1130 1464
1130 858 1464
485 253 479
253 479 485
479 253 485
213 334 789
334 213 789
789 213 334
763 233 831
233 763 831
831 233 763
575 333 702
333 575 702
702 333 575
39 481 797
481 39 797
797 39 481
11 836 892
892 11 836
836 11 892
553 913 1022
1022 553 913
913 553 1022
839 380 1018
380 839 1018
1018 380 839
692 332 488
488 332 692
332 488 692
739 564 1376
564 739 1376
1376 564 739
301 1260 1412
1260 301 1412
1412 301 1260
585 152 1118
1118 152 585
152 585 1118
532 175 225
175 225 532
225 175 532
123 768 1219
768 123 1219
1219 123 768
622 530 1466
1466 530 622
530 622 1466
822 461 641
461 641 822
641 461 822
396 185 1132
185 396 1132
1132 185 396
926 45 945
945 45 926
45 926 945
280 12 703
12 280 703
703 12 280
404 252 471
471 252 404
252 404 471
1443 803 1372
803 1372 1443
1372 803 1443
1455 1410 1444
1410 1444 1455
1444 1410 1455
712 241 580
580 241 712
241 580 712
610 201 660
201 610 660
660 201 610
873 254 955
254 873 955
955 254 873
229 970 1393
970 229 1393
1393 229 970
791 37 339
339 37 791
37 339 791
1147 128 196
196 128 1147
128 196 1147
355 990 1047
1047 355 990
990 355 1047
921 751 1224
751 921 1224
1224 751 921
350 599 613
599 350 613
613 350 599
84 43 1367
43 84 1367
1367 43 84
374 337 1055
1055 337 374
337 374 1055
833 94 1042
94 833 1042
1042 94 833
1010 298 1104
298 1010 1104
1104 298 1010
979 362 1325
362 979 1325
1325 362 979
778 8 900
8 778 900
900 8 778
521 619 1370
1370 521 619
619 521 1370
444 173 600
600 173 444
173 444 600
370 597 1356
1356 370 597
597 370 1356
985 852 1315
852 985 1315
1315 852 985
1048 889 1033
889 1033 1048
1033 889 1048
438 193 234
193 234 438
234 193 438
548 78 402
78 402 548
402 78 548
1472 273 943
943 273 1472
273 943 1472
1242 219 951
219 951 1242
951 219 1242
1334 204 257
204 257 1334
257 204 1334
360 687 1311
687 360 1311
1311 360 687
829 231 1236
231 829 1236
1236 231 829
286 576 795
576 286 795
795 286 576
1368 475 927
927 475 1368
475 927 1368
1064 750 1379
750 1064 1379
1379 750 1064
308 314 1359
1359 308 314
314 308 1359
379 172 749
749 172 379
172 379 749
79 151 1425
1425 79 151
151 79 1425
222 645 1200
645 222 1200
1200 222 645
427 1263 1433
1263 427 1433
1433 427 1263
942 859 1068
1068 859 942
859 942 1068
72 694 735
694 72 735
735 72 694
799 915 1223
1223 799 915
915 799 1223
1015 626 1203
626 1015 1203
1203 626 1015
1335 711 1053
1053 711 1335
711 1053 1335
1169 245 971
245 971 1169
971 245 1169
1277 197 1214
197 1214 1277
1214 197 1277
466 1324 1344
1324 466 1344
1344 466 1324
1156 1283 1290
1283 1156 1290
1290 1156 1283
618 486 804
804 486 618
486 618 804
1091 1422 1490
1490 1091 1422
1422 1091 1490
31 1074 1445
1445 31 1074
1074 31 1445
104 38 1476
38 104 1476
1476 38 104
454 6 1416
1416 6 454
6 454 1416
1084 514 959
959 514 1084
514 959 1084
162 1057 1337
1337 162 1057
1057 162 1337
422 1017 1317
1017 422 1317
1317 422 1017
872 706 1014
1014 706 872
706 872 1014
1183 48 1288
1288 48 1183
48 1183 1288
1482 1088 1499
1088 1482 1499
1499 1088 1482
1437 361 1124
1124 361 1437
361 1124 1437
621 582 848
582 621 848
848 582 621
1210 174 527
174 527 1210
527 174 1210
891 232 1475
232 891 1475
1475 232 891
1374 55 401
401 55 1374
55 401 1374
223 305 1046
1046 223 305
305 223 1046
447 108 991
108 447 991
991 108 447
1312 442 464
464 442 1312
442 464 1312
545 1354 1478
1478 545 1354
1354 545 1478
984 629 743
629 743 984
743 629 984
238 135 688
135 238 688
688 135 238
1314 698 1495
1495 698 1314
698 1314 1495
1500 163 716
163 716 1500
716 163 1500
667 1045 1483
1483 667 1045
1045 667 1483
516 130 160
130 160 516
160 130 516
1117 251 499
499 251 1117
251 499 1117
666 752 1492
1492 666 752
752 666 1492
491 9 138
138 9 491
9 138 491
1158 206 1347
1347 206 1158
206 1158 1347
1459 538 755
755 538 1459
538 755 1459
640 470 533
470 533 640
533 470 640
1411 327 1063
1063 327 1411
327 1063 1411
42 155 1446
155 42 1446
1446 42 155
114 428 439
428 114 439
439 114 428
856 342 771
342 771 856
771 342 856
368 1008 1142
1008 368 1142
1142 368 1008
413 141 1327
1327 141 413
141 413 1327
279 1094 1394
1094 279 1394
1394 279 1094
899 1036 1138
1138 899 1036
1036 899 1138
450 343 569
569 343 450
343 450 569
1013 1009 1420
1420 1009 1013
1009 1013 1420
176 483 988
988 176 483
483 176 988
378 904 995
904 378 995
995 378 904
547 757 879
757 547 879
879 547 757
649 560 846
846 560 649
560 649 846
493 17 986
17 493 986
986 17 493
27 263 1438
263 27 1438
1438 27 263
595 717 1257
717 595 1257
1257 595 717
147 503 540
540 147 503
503 147 540
73 249 284
284 73 249
249 73 284
796 648 1144
648 796 1144
1144 648 796
615 611 1044
611 615 1044
1044 611 615
125 1189 1305
1189 125 1305
1305 125 1189
1006 457 1129
1129 457 1006
457 1006 1129
793 262 1332
262 793 1332
1332 262 793
390 200 535
535 200 390
200 390 535
536 119 861
119 536 861
861 119 536
291 167 851
167 291 851
851 167 291
261 409 841
841 261 409
409 261 841
59 292 1230
1230 59 292
292 59 1230
850 1077 1087
1087 850 1077
1077 850 1087
910 101 526
101 526 910
526 101 910
1121 93 269
269 93 1121
93 269 1121
340 1034 1348
1348 340 1034
1034 340 1348
1211 707 1381
1381 707 1211
707 1211 1381
987 290 681
290 681 987
681 290 987
430 902 1406
1406 430 902
902 430 1406
593 810 977
810 593 977
977 593 810
190 294 1205
1205 190 294
294 190 1205
903 1185 1258
1185 903 1258
1258 903 1185
165 181 1043
1043 165 181
181 165 1043
934 559 591
559 591 934
591 559 934
838 583 849
849 583 838
583 838 849
436 944 1284
1284 436 944
944 436 1284
1405 118 191
118 191 1405
191 118 1405
572 780 1031
1031 572 780
780 572 1031
721 246 1296
246 721 1296
1296 246 721
1177 478 651
651 478 1177
478 651 1177
335 13 1306
1306 13 335
13 335 1306
1067 247 1128
1128 247 1067
247 1067 1128
1322 348 1458
1458 348 1322
348 1322 1458
701 437 539
539 437 701
437 539 701
316 215 1307
215 316 1307
1307 215 316
847 519 1436
519 847 1436
1436 519 847
1366 952 1349
1349 952 1366
952 1349 1366
733 110 732
732 110 733
110 732 733
880 16 740
16 740 880
740 16 880
1201 487 1321
1321 487 1201
487 1201 1321
724 665 1188
1188 665 724
665 724 1188
549 275 1241
1241 275 549
275 549 1241
406 424 1173
424 406 1173
1173 406 424
1246 657 816
816 657 1246
657 816 1246
