11523 1506 8577
8577 1506 11523
1506 8577 11523
14969 1466 3142
3142 1466 14969
1466 3142 14969
1358 4339 13244
4339 1358 13244
13244 1358 4339
4918 2739 8189
8189 2739 4918
2739 4918 8189
14281 2083 14865
14865 2083 14281
2083 14281 14865
5168 313 5342
313 5168 5342
5342 313 5168
13061 567 13126
567 13061 13126
13126 567 13061
8358 7532 13259
7532 8358 13259
13259 7532 8358
14392 6320 10211
10211 6320 14392
6320 10211 14392
3076 13034 13343
13343 3076 13034
13034 3076 13343
7519 3461 6593
3461 6593 7519
6593 3461 7519
176 1557 14313
1557 176 14313
14313 176 1557
10936 1761 9165
1761 9165 10936
9165 1761 10936
12247 14 400
14 400 12247
400 14 12247
11405 3365 4741
3365 4741 11405
4741 3365 11405
9753 3937 12843
12843 3937 9753
3937 9753 12843
1793 179 12987
12987 179 1793
179 1793 12987
12257 5157 14292
5157 12257 14292
14292 5157 12257
1282 2580 14055
2580 1282 14055
14055 1282 2580
1502 9802 9840
9840 1502 9802
9802 1502 9840
864 4505 14305
14305 864 4505
4505 864 14305
10298 6361 8331
6361 8331 10298
8331 6361 10298
7995 577 13387
577 7995 13387
13387 577 7995
6330 6004 11790
11790 6004 6330
6004 6330 11790
4786 1253 13549
1253 4786 13549
13549 1253 4786
6544 4702 10400
10400 4702 6544
4702 6544 10400
14630 7237 9446
7237 9446 14630
9446 7237 14630
8894 9670 12915
9670 8894 12915
12915 8894 9670
8475 7058 9521
7058 8475 9521
9521 7058 8475
6603 3413 3679
3413 3679 6603
3679 3413 6603
6525 2342 5203
5203 2342 6525
2342 5203 6525
4561 5618 11859
11859 4561 5618
5618 4561 11859
4591 3597 11779
3597 4591 11779
11779 3597 4591
5871 163 12825
12825 163 5871
163 5871 12825
3775 12520 13370
13370 3775 12520
12520 3775 13370
3019 398 14226
398 3019 14226
14226 398 3019
9123 765 8407
765 8407 9123
8407 765 9123
14500 243 783
783 243 14500
243 783 14500
12448 4484 13571
4484 12448 13571
13571 4484 12448
7958 4535 8051
4535 7958 8051
8051 4535 7958
2358 205 949
205 949 2358
949 205 2358
5442 2716 3650
3650 2716 5442
2716 3650 5442
5704 4854 7843
4854 5704 7843
7843 4854 5704
7840 5672 10098
10098 5672 7840
5672 7840 10098
9253 13833 14774
13833 9253 14774
14774 9253 13833
1883 5539 7771
5539 1883 7771
7771 1883 5539
4893 5444 11756
11756 4893 5444
5444 4893 11756
14741 6260 12559
12559 6260 14741
6260 12559 14741
4030 5543 7068
7068 4030 5543
5543 4030 7068
5197 1454 11871
11871 1454 5197
1454 5197 11871
13769 13027 14350
13027 13769 14350
14350 13027 13769
12405 2418 3048
2418 3048 12405
3048 2418 12405
12997 4635 5893
4635 5893 12997
5893 4635 12997
8236 2488 4763
2488 4763 8236
4763 2488 8236
7898 7545 10481
7545 7898 10481
10481 7545 7898
12601 5799 9454
9454 5799 12601
5799 9454 12601
11660 5542 8053
5542 8053 11660
8053 5542 11660
5353 5 2750
5 2750 5353
2750 5 5353
8233 9431 11636
9431 8233 11636
11636 8233 9431
7364 11043 12081
11043 7364 12081
12081 7364 11043
5040 6269 14096
14096 5040 6269
6269 5040 14096
5798 4849 13007
13007 4849 5798
4849 5798 13007
1418 2023 5003
5003 1418 2023
2023 1418 5003
14349 2452 4043
4043 2452 14349
2452 4043 14349
13507 4052 5058
5058 4052 13507
4052 5058 13507
8104 7432 13922
7432 8104 13922
13922 7432 8104
14236 11654 13067
13067 11654 14236
11654 13067 14236
1818 6700 8479
8479 1818 6700
6700 1818 8479
3715 9283 13975
13975 3715 9283
9283 3715 13975
3809 5512 10609
5512 3809 10609
10609 3809 5512
3580 183 13707
183 3580 13707
13707 183 3580
4913 2990 7570
2990 4913 7570
7570 2990 4913
9248 4623 13605
13605 4623 9248
4623 9248 13605
7692 1605 7645
7645 1605 7692
1605 7645 7692
1521 4791 10072
10072 1521 4791
4791 1521 10072
6107 319 13775
13775 319 6107
319 6107 13775
9833 408 9537
9537 408 9833
408 9537 9833
3608 3873 11962
3873 3608 11962
11962 3608 3873
4676 4944 11042
4944 4676 11042
11042 4676 4944
13620 6864 9542
9542 6864 13620
6864 9542 13620
1515 2257 7306
2257 1515 7306
7306 1515 2257
7786 2774 9661
2774 7786 9661
9661 2774 7786
11142 1952 2183
1952 2183 11142
2183 1952 11142
13855 3356 10807
3356 10807 13855
10807 3356 13855
1963 6903 8321
6903 1963 8321
8321 1963 6903
10863 3296 13653
13653 3296 10863
3296 10863 13653
1849 6649 14450
14450 1849 6649
6649 1849 14450
275 714 5470
714 275 5470
5470 275 714
14546 1637 12531
12531 1637 14546
1637 12531 14546
9747 12925 13156
13156 9747 12925
12925 9747 13156
558 11532 13885
11532 558 13885
13885 558 11532
2967 4398 9418
4398 2967 9418
9418 2967 4398
11448 1193 3373
3373 1193 11448
1193 3373 11448
7858 4811 7948
4811 7858 7948
7948 4811 7858
11275 3458 11253
3458 11253 11275
11253 3458 11275
11342 2245 3235
3235 2245 11342
2245 3235 11342
6771 6155 13941
6155 6771 13941
13941 6155 6771
14586 2977 12094
2977 12094 14586
12094 2977 14586
4271 4801 8838
8838 4271 4801
4801 4271 8838
3748 3282 9547
9547 3282 3748
3282 3748 9547
12416 2095 11136
11136 2095 12416
2095 11136 12416
7142 922 12923
12923 922 7142
922 7142 12923
14440 1300 6372
6372 1300 14440
1300 6372 14440
355 7558 11577
11577 355 7558
7558 355 11577
3083 9815 14149
9815 3083 14149
14149 3083 9815
2124 11857 13397
11857 2124 13397
13397 2124 11857
6011 14185 14552
14185 6011 14552
14552 6011 14185
7874 2189 8302
2189 7874 8302
8302 2189 7874
13453 843 4868
843 4868 13453
4868 843 13453
10715 771 7552
771 7552 10715
7552 771 10715
12384 6195 6885
6885 6195 12384
6195 6885 12384
6675 834 5194
834 5194 6675
5194 834 6675
838 7441 9637
9637 838 7441
7441 838 9637
13635 44 12793
12793 44 13635
44 12793 13635
3599 9287 11726
9287 3599 11726
11726 3599 9287
13934 122 7666
7666 122 13934
122 7666 13934
12917 2491 5647
2491 5647 12917
5647 2491 12917
1880 2216 6158
2216 1880 6158
6158 1880 2216
8944 1981 3587
3587 1981 8944
1981 3587 8944
8864 3513 6557
3513 6557 8864
6557 3513 8864
13880 200 12365
12365 200 13880
200 12365 13880
13216 5616 9447
5616 9447 13216
9447 5616 13216
3286 1576 7336
1576 3286 7336
7336 1576 3286
14935 4908 10296
10296 4908 14935
4908 10296 14935
5092 2769 3699
3699 2769 5092
2769 3699 5092
11238 4630 6842
6842 4630 11238
4630 6842 11238
8637 4581 6307
6307 4581 8637
4581 6307 8637
96 4765 10202
10202 96 4765
4765 96 10202
13182 2034 4420
2034 4420 13182
4420 2034 13182
2465 8412 14502
14502 2465 8412
8412 2465 14502
6504 5763 10814
5763 6504 10814
10814 5763 6504
4755 5355 8410
8410 4755 5355
5355 4755 8410
17 2826 14102
2826 17 14102
14102 17 2826
6898 10354 12242
12242 6898 10354
10354 6898 12242
6250 6329 6656
6329 6250 6656
6656 6250 6329
1559 6772 14366
14366 1559 6772
6772 1559 14366
9721 1060 14325
1060 9721 14325
14325 1060 9721
5640 7663 14792
14792 5640 7663
7663 5640 14792
3980 3926 11315
11315 3926 3980
3926 3980 11315
7144 10197 13402
13402 7144 10197
10197 7144 13402
9748 1107 10581
10581 1107 9748
1107 9748 10581
4283 1874 13924
1874 4283 13924
13924 1874 4283
7503 5004 9511
9511 5004 7503
5004 7503 9511
7702 964 10244
10244 964 7702
964 7702 10244
3108 3490 9564
3490 3108 9564
9564 3108 3490
5472 8788 10891
8788 5472 10891
10891 5472 8788
1161 368 10322
368 1161 10322
10322 368 1161
14047 1391 8745
1391 8745 14047
8745 1391 14047
10097 7313 13257
13257 7313 10097
7313 10097 13257
5861 3988 8744
3988 5861 8744
8744 3988 5861
8890 1861 9052
9052 1861 8890
1861 8890 9052
13122 97 12328
97 12328 13122
12328 97 13122
12240 2200 9822
2200 9822 12240
9822 2200 12240
4757 379 2267
379 2267 4757
2267 379 4757
4671 2235 6791
6791 2235 4671
2235 4671 6791
46 2072 14521
2072 46 14521
14521 46 2072
9938 1484 3643
3643 1484 9938
1484 3643 9938
10300 8589 8914
8589 8914 10300
8914 8589 10300
4033 7219 13128
13128 4033 7219
7219 4033 13128
8086 6360 8547
6360 8086 8547
8547 6360 8086
1286 1028 14363
1028 1286 14363
14363 1028 1286
13997 1329 11483
1329 11483 13997
11483 1329 13997
2535 6071 8511
6071 2535 8511
8511 2535 6071
1599 2474 9311
2474 1599 9311
9311 1599 2474
3825 119 12724
119 3825 12724
12724 119 3825
112 6713 12134
12134 112 6713
6713 112 12134
2779 2256 11001
11001 2256 2779
2256 2779 11001
7006 2507 8854
2507 7006 8854
8854 2507 7006
2352 3345 7559
7559 2352 3345
3345 2352 7559
14224 8641 13931
13931 8641 14224
8641 13931 14224
9016 2067 3722
2067 3722 9016
3722 2067 9016
12144 1846 12807
1846 12144 12807
12807 1846 12144
12424 1327 5190
1327 5190 12424
5190 1327 12424
5994 6788 11507
6788 5994 11507
11507 5994 6788
5187 13086 14981
13086 5187 14981
14981 5187 13086
7556 8791 10418
8791 7556 10418
10418 7556 8791
1642 2008 14389
14389 1642 2008
2008 1642 14389
9506 121 3163
121 3163 9506
3163 121 9506
5537 1899 8446
1899 5537 8446
8446 1899 5537
14994 441 5535
441 5535 14994
5535 441 14994
10102 3454 8294
3454 8294 10102
8294 3454 10102
5643 8685 8706
8685 5643 8706
8706 5643 8685
1835 4415 7302
4415 1835 7302
7302 1835 4415
13153 2497 4821
4821 2497 13153
2497 4821 13153
7720 578 14551
14551 578 7720
578 7720 14551
5437 9407 12680
9407 5437 12680
12680 5437 9407
10302 5588 6189
5588 6189 10302
6189 5588 10302
11226 6604 10971
10971 6604 11226
6604 10971 11226
6782 8003 14790
8003 6782 14790
14790 6782 8003
14476 1084 12872
12872 1084 14476
1084 12872 14476
13597 8987 14692
14692 8987 13597
8987 13597 14692
5907 3330 5071
3330 5071 5907
5071 3330 5907
376 1355 4250
1355 376 4250
4250 376 1355
11706 4145 13623
13623 4145 11706
4145 11706 13623
7353 10614 13662
10614 7353 13662
13662 7353 10614
786 4844 8743
8743 786 4844
4844 786 8743
3397 7603 11160
7603 3397 11160
11160 3397 7603
10747 9611 11778
11778 9611 10747
9611 10747 11778
9848 5402 8802
8802 5402 9848
5402 8802 9848
173 1548 13598
13598 173 1548
1548 173 13598
6286 3903 6496
6496 3903 6286
3903 6286 6496
14668 2509 9031
2509 9031 14668
9031 2509 14668
870 14309 14631
14309 870 14631
14631 870 14309
14921 2770 14233
14233 2770 14921
2770 14233 14921
9103 5387 14263
14263 5387 9103
5387 9103 14263
10083 9597 14477
14477 9597 10083
9597 10083 14477
5561 425 3193
3193 425 5561
425 3193 5561
12951 6835 11317
6835 11317 12951
11317 6835 12951
11718 3254 12055
3254 11718 12055
12055 3254 11718
7610 8289 8673
8289 7610 8673
8673 7610 8289
14596 6640 11306
11306 6640 14596
6640 11306 14596
5928 239 5630
239 5630 5928
5630 239 5928
9841 769 14808
14808 769 9841
769 9841 14808
11673 9136 11061
9136 11061 11673
11061 9136 11673
2027 2860 13989
2860 2027 13989
13989 2027 2860
10522 10417 12410
12410 10417 10522
10417 10522 12410
7032 10004 10892
10004 7032 10892
10892 7032 10004
7667 7483 12184
7483 7667 12184
12184 7483 7667
2772 2521 6613
2521 2772 6613
6613 2521 2772
6517 4618 5728
5728 4618 6517
4618 5728 6517
7436 9558 11041
11041 7436 9558
9558 7436 11041
6417 3256 12465
12465 3256 6417
3256 6417 12465
6073 4260 7233
7233 4260 6073
4260 6073 7233
6182 501 7867
501 6182 7867
7867 501 6182
13210 4423 14755
14755 4423 13210
4423 13210 14755
1821 2412 10578
10578 1821 2412
2412 1821 10578
1079 7071 12888
7071 1079 12888
12888 1079 7071
14030 1960 10046
10046 1960 14030
1960 10046 14030
3399 6856 14339
6856 3399 14339
14339 3399 6856
10595 6401 11294
6401 10595 11294
11294 6401 10595
7495 5082 6104
5082 6104 7495
6104 5082 7495
9698 994 5662
994 5662 9698
5662 994 9698
7139 5599 9196
9196 5599 7139
5599 7139 9196
3363 7853 11392
7853 3363 11392
11392 3363 7853
7544 1039 7080
7080 1039 7544
1039 7080 7544
10875 4264 10255
4264 10255 10875
10255 4264 10875
9084 268 6942
6942 268 9084
268 6942 9084
12330 11770 12454
12454 11770 12330
11770 12330 12454
14857 4512 8612
8612 4512 14857
4512 8612 14857
8782 3983 6150
6150 3983 8782
3983 6150 8782
1803 1403 6151
1403 1803 6151
6151 1403 1803
13971 86 4343
86 4343 13971
4343 86 13971
10663 6000 11089
11089 6000 10663
6000 10663 11089
2281 12194 14933
12194 2281 14933
14933 2281 12194
6041 5786 11727
5786 6041 11727
11727 5786 6041
3681 514 5991
514 3681 5991
5991 514 3681
5656 2261 9950
2261 5656 9950
9950 2261 5656
3827 10768 11671
10768 3827 11671
11671 3827 10768
7221 6042 11345
6042 7221 11345
11345 6042 7221
10369 7764 12196
12196 7764 10369
7764 10369 12196
4196 3114 11744
3114 4196 11744
11744 3114 4196
76 5901 11581
11581 76 5901
5901 76 11581
4539 4485 5756
4485 4539 5756
5756 4485 4539
1982 725 14751
725 1982 14751
14751 725 1982
13054 1675 2775
2775 1675 13054
1675 2775 13054
6953 5936 11096
11096 5936 6953
5936 6953 11096
8939 1589 4462
4462 1589 8939
1589 4462 8939
344 11166 13877
13877 344 11166
11166 344 13877
812 673 4120
673 812 4120
4120 673 812
9040 3504 14367
14367 3504 9040
3504 9040 14367
3794 3777 10837
10837 3777 3794
3777 3794 10837
13736 8721 12649
8721 12649 13736
12649 8721 13736
6012 5380 11334
11334 5380 6012
5380 6012 11334
10086 6635 13667
6635 10086 13667
13667 6635 10086
11980 8908 14538
8908 11980 14538
14538 8908 11980
5718 1150 14679
14679 1150 5718
1150 5718 14679
9726 8910 10177
10177 8910 9726
8910 9726 10177
6561 692 3071
692 3071 6561
3071 692 6561
6760 13097 14405
13097 6760 14405
14405 6760 13097
13812 10601 10671
10601 10671 13812
10671 10601 13812
8807 13241 13974
13974 8807 13241
13241 8807 13974
1951 10530 13995
13995 1951 10530
10530 1951 13995
11038 5365 8999
5365 8999 11038
8999 5365 11038
4947 58 5489
58 4947 5489
5489 58 4947
3251 7430 11407
11407 3251 7430
7430 3251 11407
13641 6546 11812
11812 6546 13641
6546 11812 13641
12930 88 6223
88 6223 12930
6223 88 12930
14540 9515 11468
9515 11468 14540
11468 9515 14540
2840 8671 14088
8671 2840 14088
14088 2840 8671
229 3445 14967
3445 229 14967
14967 229 3445
10794 1574 14203
14203 1574 10794
1574 10794 14203
6743 3302 8500
3302 6743 8500
8500 3302 6743
5105 1164 10470
1164 5105 10470
10470 1164 5105
4500 5909 7311
7311 4500 5909
5909 4500 7311
3314 2123 11313
11313 2123 3314
2123 3314 11313
14892 2408 5352
2408 5352 14892
5352 2408 14892
4652 3443 4971
3443 4652 4971
4971 3443 4652
7944 7199 7682
7199 7682 7944
7682 7199 7944
2094 3860 11847
11847 2094 3860
3860 2094 11847
2221 2928 10317
10317 2221 2928
2928 2221 10317
12655 182 12195
12195 182 12655
182 12195 12655
6681 5742 6793
5742 6681 6793
6793 5742 6681
13293 8227 8949
8949 8227 13293
8227 8949 13293
6180 2694 4114
4114 2694 6180
2694 4114 6180
7765 7334 9708
7334 7765 9708
9708 7334 7765
12584 6748 14172
6748 12584 14172
14172 6748 12584
6834 2388 14856
14856 2388 6834
2388 6834 14856
14445 6946 7865
6946 7865 14445
7865 6946 14445
8656 733 8523
733 8523 8656
8523 733 8656
9690 249 10141
10141 249 9690
249 9690 10141
1354 439 4210
4210 439 1354
439 1354 4210
14728 2532 9602
2532 9602 14728
9602 2532 14728
14995 307 7057
307 7057 14995
7057 307 14995
8386 4747 4987
4987 4747 8386
4747 4987 8386
4813 8821 9117
9117 4813 8821
8821 4813 9117
13229 6262 13406
13406 6262 13229
6262 13229 13406
6778 10996 11732
10996 6778 11732
11732 6778 10996
14190 6214 7954
7954 6214 14190
6214 7954 14190
13043 810 4640
810 4640 13043
4640 810 13043
7044 2439 3646
3646 2439 7044
2439 3646 7044
12904 743 11056
743 11056 12904
11056 743 12904
1980 6663 10592
6663 1980 10592
10592 1980 6663
9800 1858 4613
4613 1858 9800
1858 4613 9800
12265 7747 14139
7747 12265 14139
14139 7747 12265
5112 8425 13474
8425 5112 13474
13474 5112 8425
666 688 9869
9869 666 688
688 666 9869
374 1656 6389
6389 374 1656
1656 374 6389
8553 9972 14274
9972 8553 14274
14274 8553 9972
9910 5980 12924
5980 9910 12924
12924 5980 9910
9396 10865 12397
10865 9396 12397
12397 9396 10865
8327 11346 12885
12885 8327 11346
11346 8327 12885
10985 2147 7961
2147 7961 10985
7961 2147 10985
5518 3451 13223
13223 3451 5518
3451 5518 13223
11015 7388 14759
7388 11015 14759
14759 7388 11015
3283 12869 13690
13690 3283 12869
12869 3283 13690
1964 2215 3030
2215 1964 3030
3030 1964 2215
11154 2199 14860
2199 11154 14860
14860 2199 11154
2766 5315 9889
5315 2766 9889
9889 2766 5315
5106 12695 13069
13069 5106 12695
12695 5106 13069
7385 3186 9107
9107 3186 7385
3186 7385 9107
14239 13235 13306
13235 13306 14239
13306 13235 14239
14842 6053 13146
6053 13146 14842
13146 6053 14842
10553 3166 5729
5729 3166 10553
3166 5729 10553
5149 454 9477
454 5149 9477
9477 454 5149
12516 683 3088
3088 683 12516
683 3088 12516
7177 6498 9724
9724 6498 7177
6498 7177 9724
6539 7964 11060
7964 6539 11060
11060 6539 7964
7591 5789 7360
7360 5789 7591
5789 7360 7591
8489 9039 11153
9039 8489 11153
11153 8489 9039
1184 5134 6605
6605 1184 5134
5134 1184 6605
1145 4817 11506
11506 1145 4817
4817 1145 11506
11425 12173 12335
12173 11425 12335
12335 11425 12173
12101 10905 12884
12884 10905 12101
10905 12101 12884
11440 6270 8469
6270 8469 11440
8469 6270 11440
8404 5851 8472
5851 8404 8472
8472 5851 8404
3164 4946 10904
4946 3164 10904
10904 3164 4946
13011 2958 4054
4054 2958 13011
2958 4054 13011
11139 11723 13947
11723 11139 13947
13947 11139 11723
11235 128 12181
12181 128 11235
128 11235 12181
11640 5212 8073
5212 8073 11640
8073 5212 11640
10516 2940 13790
13790 2940 10516
2940 10516 13790
13280 4115 11875
11875 4115 13280
4115 11875 13280
10079 7124 10677
10677 7124 10079
7124 10079 10677
3577 1208 10785
1208 3577 10785
10785 1208 3577
4837 3398 4727
3398 4727 4837
4727 3398 4837
7054 7425 8739
7425 7054 8739
8739 7054 7425
14493 7790 10242
7790 10242 14493
10242 7790 14493
12737 10457 11601
10457 11601 12737
11601 10457 12737
8789 2477 9309
2477 8789 9309
9309 2477 8789
4540 9387 10950
10950 4540 9387
9387 4540 10950
9923 1223 5652
1223 5652 9923
5652 1223 9923
12677 10374 12699
12699 10374 12677
10374 12677 12699
1076 3321 6473
3321 1076 6473
6473 1076 3321
1237 11749 14708
14708 1237 11749
11749 1237 14708
6467 7896 11122
7896 6467 11122
11122 6467 7896
4681 4743 10979
10979 4681 4743
4743 4681 10979
5905 3974 11291
3974 5905 11291
11291 3974 5905
5119 334 1953
334 1953 5119
1953 334 5119
7516 5697 14261
5697 7516 14261
14261 5697 7516
13665 4642 7380
4642 7380 13665
7380 4642 13665
13488 10907 11573
10907 11573 13488
11573 10907 13488
11621 2 9147
9147 2 11621
2 9147 11621
6636 4853 8095
4853 6636 8095
8095 4853 6636
8516 3263 12153
12153 3263 8516
3263 8516 12153
5059 4870 14578
14578 4870 5059
4870 5059 14578
7319 311 3544
3544 311 7319
311 3544 7319
14214 7297 11416
11416 7297 14214
7297 11416 14214
1709 800 12547
800 1709 12547
12547 800 1709
134 8269 8510
8269 134 8510
8510 134 8269
3571 7241 8012
7241 3571 8012
8012 3571 7241
4595 6335 6369
6369 4595 6335
6335 4595 6369
12431 2526 9640
9640 2526 12431
2526 9640 12431
14165 4634 9551
9551 4634 14165
4634 9551 14165
2760 158 9319
9319 158 2760
158 2760 9319
8072 2063 7831
2063 7831 8072
7831 2063 8072
4714 8020 11873
8020 4714 11873
11873 4714 8020
5881 2188 4370
2188 4370 5881
4370 2188 5881
13035 12058 14959
14959 12058 13035
12058 13035 14959
13215 2655 10384
10384 2655 13215
2655 10384 13215
12769 1262 11567
11567 1262 12769
1262 11567 12769
6109 4767 6751
6751 4767 6109
4767 6109 6751
4891 1768 3843
1768 3843 4891
3843 1768 4891
8381 4795 8439
4795 8381 8439
8439 4795 8381
357 4386 7307
4386 357 7307
7307 357 4386
2887 1958 8109
1958 2887 8109
8109 1958 2887
5997 1180 3400
3400 1180 5997
1180 3400 5997
11213 10584 14120
10584 11213 14120
14120 10584 11213
13159 2268 8957
8957 2268 13159
2268 8957 13159
4325 2870 10997
2870 4325 10997
10997 2870 4325
5965 602 13577
13577 602 5965
602 5965 13577
12816 8853 12739
8853 12739 12816
12739 8853 12816
9290 2865 5698
2865 5698 9290
5698 2865 9290
461 1755 5121
5121 461 1755
1755 461 5121
6732 1246 6211
1246 6211 6732
6211 1246 6732
9912 10340 10471
10471 9912 10340
10340 9912 10471
8045 11186 14637
14637 8045 11186
11186 8045 14637
14352 14343 14684
14684 14343 14352
14343 14352 14684
3837 4185 11272
11272 3837 4185
4185 3837 11272
8341 4752 13680
4752 8341 13680
13680 4752 8341
9450 6076 9318
6076 9318 9450
9318 6076 9450
9342 14439 14746
14746 9342 14439
14439 9342 14746
12555 2315 2740
2315 2740 12555
2740 2315 12555
165 11026 11707
11026 165 11707
11707 165 11026
13601 7011 10839
10839 7011 13601
7011 10839 13601
10036 3370 13512
13512 3370 10036
3370 10036 13512
3474 8531 10274
10274 3474 8531
8531 3474 10274
1337 1012 3789
1012 1337 3789
3789 1012 1337
2180 3062 4951
3062 2180 4951
4951 2180 3062
1453 324 11398
324 1453 11398
11398 324 1453
6095 9606 9795
9606 6095 9795
9795 6095 9606
2873 5329 13896
13896 2873 5329
5329 2873 13896
9237 4545 14876
14876 4545 9237
4545 9237 14876
10463 9749 12895
12895 9749 10463
9749 10463 12895
6230 455 8413
455 6230 8413
8413 455 6230
12519 9995 12332
12332 9995 12519
9995 12332 12519
5278 1905 11934
11934 1905 5278
1905 5278 11934
6697 2134 10656
2134 6697 10656
10656 2134 6697
9139 3091 3712
3091 3712 9139
3712 3091 9139
5269 2845 13699
2845 5269 13699
13699 2845 5269
4718 3844 7183
3844 4718 7183
7183 3844 4718
14155 5075 13528
5075 13528 14155
13528 5075 14155
4018 12373 15000
15000 4018 12373
12373 4018 15000
14643 4483 7207
7207 4483 14643
4483 7207 14643
7963 8668 14844
8668 7963 14844
14844 7963 8668
8827 3998 4637
4637 3998 8827
3998 4637 8827
12417 1653 7567
7567 1653 12417
1653 7567 12417
14460 282 11576
11576 282 14460
282 11576 14460
13082 2021 6179
6179 2021 13082
2021 6179 13082
11283 1302 10465
10465 1302 11283
1302 10465 11283
1432 5884 13538
13538 1432 5884
5884 1432 13538
8698 2889 14484
14484 2889 8698
2889 8698 14484
8798 8422 10253
10253 8422 8798
8422 8798 10253
6769 9359 11984
11984 6769 9359
9359 6769 11984
1093 9145 10544
10544 1093 9145
9145 1093 10544
11012 14069 14628
14628 11012 14069
14069 11012 14628
4972 56 13405
13405 56 4972
56 4972 13405
6366 9401 9739
9401 6366 9739
9739 6366 9401
1465 2450 7575
2450 1465 7575
7575 1465 2450
9583 1917 12123
1917 9583 12123
12123 1917 9583
9574 5277 5529
5529 5277 9574
5277 5529 9574
3549 8397 14217
8397 3549 14217
14217 3549 8397
10780 753 7900
7900 753 10780
753 7900 10780
9227 12847 14316
12847 9227 14316
14316 9227 12847
14686 7562 12877
7562 12877 14686
12877 7562 14686
12048 3206 9855
3206 9855 12048
9855 3206 12048
12340 3982 4050
4050 3982 12340
3982 4050 12340
5451 1073 4391
1073 4391 5451
4391 1073 5451
4020 5506 6481
5506 4020 6481
6481 4020 5506
2841 11982 13962
13962 2841 11982
11982 2841 13962
3899 4783 9878
4783 3899 9878
9878 3899 4783
2354 3018 6086
3018 2354 6086
6086 2354 3018
10383 1074 6451
1074 6451 10383
6451 1074 10383
5569 3129 5859
5859 3129 5569
3129 5569 5859
10195 1460 9625
9625 1460 10195
1460 9625 10195
11192 2701 5933
2701 5933 11192
5933 2701 11192
316 8478 10266
8478 316 10266
10266 316 8478
2243 3041 10858
10858 2243 3041
3041 2243 10858
6927 1795 4193
1795 4193 6927
4193 1795 6927
2414 3080 9380
3080 2414 9380
9380 2414 3080
3503 8408 9671
9671 3503 8408
8408 3503 9671
10390 2588 7797
2588 7797 10390
7797 2588 10390
6978 13611 13990
13990 6978 13611
13611 6978 13990
9469 2141 8736
2141 8736 9469
8736 2141 9469
6436 7310 7326
7310 6436 7326
7326 6436 7310
8935 6891 14049
6891 8935 14049
14049 6891 8935
3324 2656 8280
8280 2656 3324
2656 3324 8280
5923 5563 10523
10523 5563 5923
5563 5923 10523
13802 8165 14194
8165 13802 14194
14194 8165 13802
5406 4104 9326
4104 5406 9326
9326 4104 5406
12316 5094 8945
8945 5094 12316
5094 8945 12316
8417 7737 10864
7737 8417 10864
10864 7737 8417
2801 4988 13430
4988 2801 13430
13430 2801 4988
9186 2999 10111
2999 9186 10111
10111 2999 9186
8402 315 7515
7515 315 8402
315 7515 8402
5639 11699 11867
11699 5639 11867
11867 5639 11699
7212 4580 13987
13987 4580 7212
4580 7212 13987
4716 6067 6571
6067 4716 6571
6571 4716 6067
5288 645 13445
645 5288 13445
13445 645 5288
8005 1239 1699
1239 1699 8005
1699 1239 8005
6411 795 8658
795 6411 8658
8658 795 6411
14764 3341 4750
3341 4750 14764
4750 3341 14764
1555 417 8105
417 1555 8105
8105 417 1555
11900 6841 14976
6841 11900 14976
14976 6841 11900
9944 2991 10686
10686 2991 9944
2991 9944 10686
5522 782 3735
782 3735 5522
3735 782 5522
6957 3978 11611
3978 6957 11611
11611 3978 6957
13115 3964 4229
4229 3964 13115
3964 4229 13115
7066 3876 13933
13933 3876 7066
3876 7066 13933
2764 2047 9004
2047 2764 9004
9004 2047 2764
13345 13415 13925
13415 13345 13925
13925 13345 13415
12041 3391 11748
3391 11748 12041
11748 3391 12041
10131 619 14036
619 10131 14036
14036 619 10131
3218 890 4734
4734 890 3218
890 3218 4734
12191 8019 10712
8019 10712 12191
10712 8019 12191
14228 9545 12008
9545 12008 14228
12008 9545 14228
9617 4085 4737
4085 4737 9617
4737 4085 9617
4617 6118 7004
6118 4617 7004
7004 4617 6118
14801 9241 13957
13957 9241 14801
9241 13957 14801
3916 3517 7262
3517 3916 7262
7262 3517 3916
13711 10933 10963
10933 10963 13711
10963 10933 13711
9458 2585 7093
7093 2585 9458
2585 7093 9458
6761 477 9357
477 6761 9357
9357 477 6761
9667 1792 13475
13475 1792 9667
1792 9667 13475
9860 702 13999
13999 702 9860
702 9860 13999
12657 2804 12560
12560 2804 12657
2804 12560 12657
5723 8482 8591
8591 5723 8482
8482 5723 8591
1036 1510 3077
1510 1036 3077
3077 1036 1510
13574 4295 11351
4295 11351 13574
11351 4295 13574
3064 2909 12979
2909 3064 12979
12979 2909 3064
10201 3634 4693
4693 3634 10201
3634 4693 10201
2279 5407 12999
12999 2279 5407
5407 2279 12999
8121 8790 10221
10221 8121 8790
8790 8121 10221
8932 6480 13470
13470 6480 8932
6480 8932 13470
13514 6021 14202
6021 13514 14202
14202 6021 13514
4782 4169 13350
4169 4782 13350
13350 4169 4782
2689 1988 6724
6724 1988 2689
1988 2689 6724
8186 9940 11932
9940 8186 11932
11932 8186 9940
141 5530 9055
5530 141 9055
9055 141 5530
14232 11082 13101
11082 13101 14232
13101 11082 14232
8491 1916 3440
3440 1916 8491
1916 3440 8491
10590 3529 11493
11493 3529 10590
3529 10590 11493
14528 1669 14971
1669 14528 14971
14971 1669 14528
886 548 7458
7458 548 886
548 886 7458
6990 6970 14337
6970 6990 14337
14337 6970 6990
4625 13155 13986
13155 4625 13986
13986 4625 13155
12685 1341 12261
1341 12261 12685
12261 1341 12685
4361 4560 8314
4560 4361 8314
8314 4361 4560
4236 2353 10172
2353 4236 10172
10172 2353 4236
14658 3236 10139
10139 3236 14658
3236 10139 14658
7407 7507 9246
7507 7407 9246
9246 7407 7507
6822 1622 12598
1622 6822 12598
12598 1622 6822
8246 2986 3297
2986 3297 8246
3297 2986 8246
10288 6297 8587
6297 8587 10288
8587 6297 10288
4082 1816 13570
1816 4082 13570
13570 1816 4082
7818 12653 14002
12653 7818 14002
14002 7818 12653
716 3239 7871
3239 716 7871
7871 716 3239
5855 677 10739
677 5855 10739
10739 677 5855
1942 1831 8845
1831 1942 8845
8845 1831 1942
8754 1081 8303
8303 1081 8754
1081 8303 8754
1896 1424 2001
1424 1896 2001
2001 1424 1896
14071 3243 10093
10093 3243 14071
3243 10093 14071
14243 8712 13444
13444 8712 14243
8712 13444 14243
2014 8427 8646
8646 2014 8427
8427 2014 8646
6274 6620 13432
6620 6274 13432
13432 6274 6620
14362 7400 9238
9238 7400 14362
7400 9238 14362
2117 1356 7582
7582 1356 2117
1356 2117 7582
11354 5801 12729
5801 11354 12729
12729 5801 11354
14153 844 9018
9018 844 14153
844 9018 14153
8265 5924 9487
9487 5924 8265
5924 8265 9487
1724 8677 14345
14345 1724 8677
8677 1724 14345
4039 4407 5064
4407 4039 5064
5064 4039 4407
14238 3602 9066
3602 9066 14238
9066 3602 14238
11003 1749 5677
1749 5677 11003
5677 1749 11003
9293 1367 5230
1367 5230 9293
5230 1367 9293
1710 2085 4444
4444 1710 2085
2085 1710 4444
4242 2463 5384
5384 2463 4242
2463 4242 5384
13371 7680 8499
7680 8499 13371
8499 7680 13371
14496 583 4596
4596 583 14496
583 4596 14496
2724 4877 9191
4877 2724 9191
9191 2724 4877
14789 6878 10696
10696 6878 14789
6878 10696 14789
7060 553 3752
553 3752 7060
3752 553 7060
9049 8292 12087
8292 9049 12087
12087 8292 9049
13275 5338 13169
13169 5338 13275
5338 13169 13275
9215 1684 4612
1684 4612 9215
4612 1684 9215
980 2604 13414
2604 980 13414
13414 980 2604
5226 5531 12505
5531 5226 12505
12505 5226 5531
14880 5356 7952
7952 5356 14880
5356 7952 14880
6979 4857 6945
4857 6945 6979
6945 4857 6979
9354 696 10279
10279 696 9354
696 9354 10279
4546 6386 9824
6386 4546 9824
9824 4546 6386
1114 9631 11683
9631 1114 11683
11683 1114 9631
10684 3060 5636
3060 5636 10684
5636 3060 10684
154 2622 9456
2622 154 9456
9456 154 2622
14381 3793 5464
5464 3793 14381
3793 5464 14381
8558 4384 13963
4384 8558 13963
13963 4384 8558
1815 475 14968
475 1815 14968
14968 475 1815
7121 6154 14585
14585 6154 7121
6154 7121 14585
14060 1192 14901
14901 1192 14060
1192 14060 14901
4246 4045 13459
4045 4246 13459
13459 4045 4246
10226 5047 5595
5047 5595 10226
5595 5047 10226
2556 1501 5981
1501 2556 5981
5981 1501 2556
12791 136 6138
6138 136 12791
136 6138 12791
1529 7615 8703
7615 1529 8703
8703 1529 7615
14407 5638 8976
8976 5638 14407
5638 8976 14407
9305 10025 10605
10025 9305 10605
10605 9305 10025
11352 2377 5366
2377 5366 11352
5366 2377 11352
7955 3428 12197
3428 7955 12197
12197 3428 7955
10561 1985 9133
1985 9133 10561
9133 1985 10561
6756 1312 10525
10525 1312 6756
1312 6756 10525
7719 8824 13380
8824 7719 13380
13380 7719 8824
1031 3858 9874
3858 1031 9874
9874 1031 3858
518 3374 12061
12061 518 3374
3374 518 12061
14849 4435 6060
6060 4435 14849
4435 6060 14849
11475 2131 4181
4181 2131 11475
2131 4181 11475
13482 10159 14252
10159 13482 14252
14252 10159 13482
586 5902 8385
8385 586 5902
5902 586 8385
1863 6405 8962
8962 1863 6405
6405 1863 8962
580 332 3358
3358 332 580
332 580 3358
3931 361 13447
361 3931 13447
13447 361 3931
10993 7172 7185
7172 7185 10993
7185 7172 10993
4014 8308 13847
8308 4014 13847
13847 4014 8308
13044 6358 12964
12964 6358 13044
6358 12964 13044
9205 7861 10955
10955 7861 9205
7861 9205 10955
12215 4916 13148
13148 4916 12215
4916 12215 13148
6543 12114 13521
12114 6543 13521
13521 6543 12114
1508 6249 7907
7907 1508 6249
6249 1508 7907
2175 10413 10687
10413 2175 10687
10687 2175 10413
3424 9025 11165
9025 3424 11165
11165 3424 9025
14264 1528 6159
1528 6159 14264
6159 1528 14264
2451 4556 8318
4556 2451 8318
8318 2451 4556
277 7312 13237
13237 277 7312
7312 277 13237
11850 1585 6977
6977 1585 11850
1585 6977 11850
12617 7608 9513
7608 9513 12617
9513 7608 12617
9893 9761 11174
9761 9893 11174
11174 9761 9893
2290 5446 13325
13325 2290 5446
5446 2290 13325
5916 6648 9108
6648 5916 9108
9108 5916 6648
13410 1949 13167
1949 13167 13410
13167 1949 13410
14290 2317 3248
2317 3248 14290
3248 2317 14290
12252 2471 7644
7644 2471 12252
2471 7644 12252
3550 12350 14504
12350 3550 14504
14504 3550 12350
12364 5131 11607
11607 5131 12364
5131 11607 12364
1269 10926 14829
10926 1269 14829
14829 1269 10926
5597 1758 6079
1758 5597 6079
6079 1758 5597
8973 9464 9729
9464 8973 9729
9729 8973 9464
13689 9243 13355
9243 13355 13689
13355 9243 13689
5745 11957 13918
11957 5745 13918
13918 5745 11957
14863 8229 10669
10669 8229 14863
8229 10669 14863
4590 2930 5485
5485 2930 4590
2930 4590 5485
11580 1130 10549
1130 10549 11580
10549 1130 11580
12325 5323 7616
7616 5323 12325
5323 7616 12325
7531 6750 11403
6750 7531 11403
11403 6750 7531
5440 11986 14275
14275 5440 11986
11986 5440 14275
6982 1512 10859
1512 6982 10859
10859 1512 6982
6037 680 3740
680 3740 6037
3740 680 6037
879 6409 12831
12831 879 6409
6409 879 12831
14512 181 10448
10448 181 14512
181 10448 14512
10292 2344 5298
2344 5298 10292
5298 2344 10292
1723 3209 14298
3209 1723 14298
14298 1723 3209
14619 4659 10956
10956 4659 14619
4659 10956 14619
4692 1635 13334
13334 1635 4692
1635 4692 13334
512 4785 9538
4785 512 9538
9538 512 4785
7480 7315 14335
7315 7480 14335
14335 7315 7480
4536 824 10209
10209 824 4536
824 4536 10209
6445 8560 11476
8560 6445 11476
11476 6445 8560
7922 9289 13681
13681 7922 9289
9289 7922 13681
1175 1922 9313
1922 1175 9313
9313 1175 1922
1459 2119 4607
4607 1459 2119
2119 1459 4607
9924 10498 13084
13084 9924 10498
10498 9924 13084
999 6336 14021
6336 999 14021
14021 999 6336
11629 982 3416
982 3416 11629
3416 982 11629
7624 1071 9962
9962 1071 7624
1071 7624 9962
7910 2448 10857
10857 2448 7910
2448 7910 10857
12313 444 11251
444 11251 12313
11251 444 12313
5421 2886 3621
2886 3621 5421
3621 2886 5421
3028 4989 5344
4989 3028 5344
5344 3028 4989
5721 10798 12789
10798 5721 12789
12789 5721 10798
14948 1030 9854
9854 1030 14948
1030 9854 14948
2878 4117 7951
7951 2878 4117
4117 2878 7951
322 12269 13685
13685 322 12269
12269 322 13685
1580 6370 10222
6370 1580 10222
10222 1580 6370
537 2613 4810
2613 537 4810
4810 537 2613
11114 13165 14832
14832 11114 13165
13165 11114 14832
14514 2224 7500
7500 2224 14514
2224 7500 14514
12639 1467 5602
1467 5602 12639
5602 1467 12639
5389 2174 5841
5841 2174 5389
2174 5389 5841
6092 2797 8463
8463 2797 6092
2797 6092 8463
3906 4035 8333
8333 3906 4035
4035 3906 8333
4086 11088 11766
11088 4086 11766
11766 4086 11088
8841 659 13439
659 8841 13439
13439 659 8841
6215 5899 13276
13276 5899 6215
5899 6215 13276
3230 8048 13112
8048 3230 13112
13112 3230 8048
14845 3257 9053
3257 9053 14845
9053 3257 14845
7892 2653 7381
2653 7381 7892
7381 2653 7892
4861 3878 13323
3878 4861 13323
13323 3878 4861
510 4845 10020
4845 510 10020
10020 510 4845
6621 13572 14433
13572 6621 14433
14433 6621 13572
4784 5483 10182
5483 4784 10182
10182 4784 5483
11713 2101 9155
2101 9155 11713
9155 2101 11713
9190 1389 8579
1389 8579 9190
8579 1389 9190
9021 5117 5316
5117 5316 9021
5316 5117 9021
4736 5717 9789
5717 4736 9789
9789 4736 5717
7712 9572 13905
9572 7712 13905
13905 7712 9572
5205 9993 13678
9993 5205 13678
13678 5205 9993
10156 283 699
699 283 10156
283 699 10156
2755 2445 3360
2445 2755 3360
3360 2445 2755
4968 5516 9818
9818 4968 5516
5516 4968 9818
3721 12339 13609
13609 3721 12339
12339 3721 13609
8772 8517 8607
8517 8607 8772
8607 8517 8772
13010 238 9034
238 9034 13010
9034 238 13010
2700 2173 2715
2715 2173 2700
2173 2700 2715
3106 543 14427
14427 543 3106
543 3106 14427
3619 5596 6085
5596 3619 6085
6085 3619 5596
8525 11361 12239
12239 8525 11361
11361 8525 12239
14186 218 8159
218 8159 14186
8159 218 14186
3851 3514 6328
6328 3514 3851
3514 3851 6328
12207 1086 1178
1086 1178 12207
1178 1086 12207
11799 10952 12850
12850 10952 11799
10952 11799 12850
7864 6080 7729
6080 7729 7864
7729 6080 7864
14097 6403 9949
6403 9949 14097
9949 6403 14097
2520 3960 7981
7981 2520 3960
3960 2520 7981
13857 8328 14422
14422 8328 13857
8328 13857 14422
6482 1628 7132
7132 1628 6482
1628 6482 7132
5209 6434 9763
9763 5209 6434
6434 5209 9763
5153 4044 6120
4044 5153 6120
6120 4044 5153
709 8905 14304
14304 709 8905
8905 709 14304
1820 1206 2548
2548 1206 1820
1206 1820 2548
3221 4305 6549
4305 3221 6549
6549 3221 4305
1717 9573 10303
9573 1717 10303
10303 1717 9573
13211 11017 12115
12115 11017 13211
11017 12115 13211
976 5239 10990
10990 976 5239
5239 976 10990
1371 1748 5166
5166 1371 1748
1748 1371 5166
6108 7463 13491
7463 6108 13491
13491 6108 7463
10982 9581 11991
11991 9581 10982
9581 10982 11991
1006 5324 8099
5324 1006 8099
8099 1006 5324
11915 8170 12158
12158 8170 11915
8170 11915 12158
6003 2157 11304
2157 6003 11304
11304 2157 6003
6231 224 7130
7130 224 6231
224 6231 7130
6747 61 70
70 61 6747
61 70 6747
4417 5022 10270
10270 4417 5022
5022 4417 10270
4183 4286 6602
4286 4183 6602
6602 4183 4286
9151 7438 12366
12366 7438 9151
7438 9151 12366
4895 4608 6488
6488 4608 4895
4608 4895 6488
7227 12297 13891
12297 7227 13891
13891 7227 12297
9098 6701 14399
14399 6701 9098
6701 9098 14399
2374 5819 14216
14216 2374 5819
5819 2374 14216
9540 1598 11025
11025 1598 9540
1598 9540 11025
2466 9604 12065
12065 2466 9604
9604 2466 12065
13081 481 12518
12518 481 13081
481 12518 13081
615 9413 12030
12030 615 9413
9413 615 12030
1328 5189 8884
8884 1328 5189
5189 1328 8884
11019 4077 14255
4077 11019 14255
14255 4077 11019
10347 5201 12287
5201 10347 12287
12287 5201 10347
11547 732 4520
4520 732 11547
732 4520 11547
6803 1991 6976
6976 1991 6803
1991 6803 6976
4479 10889 14331
14331 4479 10889
10889 4479 14331
8536 3723 9742
3723 8536 9742
9742 3723 8536
11721 3720 6934
3720 6934 11721
6934 3720 11721
13129 10775 11385
10775 11385 13129
11385 10775 13129
10395 3944 8307
8307 3944 10395
3944 8307 10395
11255 6213 13668
6213 11255 13668
13668 6213 11255
2311 7324 13356
13356 2311 7324
7324 2311 13356
3149 9492 11868
11868 3149 9492
9492 3149 11868
10588 5024 10334
10334 5024 10588
5024 10334 10588
11386 2383 5810
2383 5810 11386
5810 2383 11386
8263 422 954
422 954 8263
954 422 8263
10436 7169 7191
7169 7191 10436
7191 7169 10436
11324 924 4412
4412 924 11324
924 4412 11324
10495 29 1627
1627 29 10495
29 1627 10495
2643 75 9257
75 2643 9257
9257 75 2643
285 9614 9673
9614 285 9673
9673 285 9614
161 2795 14090
14090 161 2795
2795 161 14090
328 3035 12810
12810 328 3035
3035 328 12810
9770 2919 14788
2919 9770 14788
14788 2919 9770
9144 3568 10405
3568 9144 10405
10405 3568 9144
9391 7669 9849
7669 9391 9849
9849 7669 9391
12493 2248 8282
8282 2248 12493
2248 8282 12493
12848 2954 5744
5744 2954 12848
2954 5744 12848
12476 5603 13511
13511 5603 12476
5603 12476 13511
4208 4828 11870
11870 4208 4828
4828 4208 11870
1204 8312 8396
8312 1204 8396
8396 1204 8312
5776 9198 11481
11481 5776 9198
9198 5776 11481
3672 9291 9813
9813 3672 9291
9291 3672 9813
7889 14023 14840
14023 7889 14840
14840 7889 14023
4532 10007 10121
10007 4532 10121
10121 4532 10007
8102 7653 14269
7653 8102 14269
14269 7653 8102
6941 2981 7915
2981 6941 7915
7915 2981 6941
1171 5311 12434
12434 1171 5311
5311 1171 12434
8722 284 7184
7184 284 8722
284 7184 8722
2589 958 5398
5398 958 2589
958 2589 5398
5093 4489 9663
9663 4489 5093
4489 5093 9663
7622 9803 12898
12898 7622 9803
9803 7622 12898
13319 11086 14246
14246 11086 13319
11086 13319 14246
3348 4991 14005
14005 3348 4991
4991 3348 14005
11988 3531 5113
5113 3531 11988
3531 5113 11988
2165 7949 8570
7949 2165 8570
8570 2165 7949
10542 1701 2150
2150 1701 10542
1701 2150 10542
6805 5099 14327
5099 6805 14327
14327 5099 6805
14209 8309 11228
11228 8309 14209
8309 11228 14209
3771 11093 12521
11093 3771 12521
12521 3771 11093
7595 6714 8847
8847 6714 7595
6714 7595 8847
8757 10425 12026
10425 8757 12026
12026 8757 10425
1421 549 14664
549 1421 14664
14664 549 1421
6317 2246 9593
9593 2246 6317
2246 6317 9593
7091 7007 14707
14707 7007 7091
7007 7091 14707
781 1601 9296
1601 781 9296
9296 781 1601
13523 7999 13964
7999 13523 13964
13964 7999 13523
12530 1735 12238
12238 1735 12530
1735 12238 12530
722 4468 13263
13263 722 4468
4468 722 13263
2457 10586 13429
13429 2457 10586
10586 2457 13429
1113 3732 11326
11326 1113 3732
3732 1113 11326
1226 1856 5705
5705 1226 1856
1856 1226 5705
597 7137 9649
7137 597 9649
9649 597 7137
9024 4287 14491
4287 9024 14491
14491 4287 9024
3171 981 3985
981 3171 3985
3985 981 3171
12630 3059 5845
3059 5845 12630
5845 3059 12630
7105 3766 4381
4381 3766 7105
3766 4381 7105
11348 1904 10487
10487 1904 11348
1904 10487 11348
10122 1493 2372
1493 2372 10122
2372 1493 10122
4426 1836 3649
1836 3649 4426
3649 1836 4426
1230 5650 8152
8152 1230 5650
5650 1230 8152
527 10213 12344
10213 527 12344
12344 527 10213
10287 1280 10428
1280 10287 10428
10428 1280 10287
7214 6801 10368
10368 6801 7214
6801 7214 10368
8695 2574 13842
13842 2574 8695
2574 8695 13842
13720 6559 7618
7618 6559 13720
6559 7618 13720
11848 8462 12259
8462 11848 12259
12259 8462 11848
5369 2024 7369
2024 5369 7369
7369 2024 5369
14434 2710 12232
12232 2710 14434
2710 12232 14434
12047 5458 10059
10059 5458 12047
5458 10059 12047
4764 8610 9655
9655 4764 8610
8610 4764 9655
412 2382 3366
2382 412 3366
3366 412 2382
7842 520 11835
11835 520 7842
520 7842 11835
2228 9050 9714
9714 2228 9050
9050 2228 9714
4788 7785 12477
7785 4788 12477
12477 4788 7785
11049 1492 9964
1492 9964 11049
9964 1492 11049
1785 6857 12983
12983 1785 6857
6857 1785 12983
3 1138 4180
1138 3 4180
4180 3 1138
10335 10323 14541
14541 10323 10335
10323 10335 14541
11774 4568 9100
4568 9100 11774
9100 4568 11774
6126 1997 12002
1997 6126 12002
12002 1997 6126
7555 4509 14651
14651 4509 7555
4509 7555 14651
5126 5374 11393
5374 5126 11393
11393 5126 5374
7298 301 2819
301 2819 7298
2819 301 7298
7304 5217 12903
5217 7304 12903
12903 5217 7304
7127 10373 13645
13645 7127 10373
10373 7127 13645
9832 1498 10358
10358 1498 9832
1498 9832 10358
3839 6433 10811
10811 3839 6433
6433 3839 10811
11590 5405 13344
13344 5405 11590
5405 11590 13344
6137 3600 7254
7254 3600 6137
3600 6137 7254
8799 1731 4374
4374 1731 8799
1731 4374 8799
5979 3467 14181
3467 5979 14181
14181 3467 5979
6492 5159 13544
13544 5159 6492
5159 6492 13544
5379 233 6833
6833 233 5379
233 5379 6833
11716 3677 9991
3677 9991 11716
9991 3677 11716
11178 3607 7282
3607 7282 11178
7282 3607 11178
11054 8709 14695
8709 11054 14695
14695 8709 11054
7189 6924 11771
11771 6924 7189
6924 7189 11771
12698 1189 10252
