99837 133115 138354
138354 99837 133115
133115 99837 138354
74971 135009 149806
135009 74971 149806
149806 74971 135009
119822 3168 73871
73871 3168 119822
3168 73871 119822
134528 5205 137537
137537 5205 134528
5205 134528 137537
60779 54976 56043
54976 56043 60779
56043 54976 60779
26527 59159 125829
59159 26527 125829
125829 26527 59159
148310 2511 87409
87409 2511 148310
2511 87409 148310
108467 80801 113247
80801 108467 113247
113247 80801 108467
57322 81340 81804
81804 57322 81340
81340 57322 81804
76851 61984 106242
106242 61984 76851
61984 76851 106242
13460 15901 83103
83103 13460 15901
15901 13460 83103
77562 69075 114006
69075 77562 114006
114006 69075 77562
79272 92189 104346
92189 79272 104346
104346 79272 92189
23590 25164 97987
97987 23590 25164
25164 23590 97987
63317 15523 123147
15523 63317 123147
123147 15523 63317
130262 16229 43793
16229 43793 130262
43793 16229 130262
37539 97180 105427
97180 37539 105427
105427 37539 97180
22307 142607 149127
149127 22307 142607
142607 22307 149127
148014 139597 141234
141234 139597 148014
139597 141234 148014
20638 92740 122374
92740 20638 122374
122374 20638 92740
55454 102029 104045
102029 55454 104045
104045 55454 102029
135249 19298 47332
19298 47332 135249
47332 19298 135249
60920 15236 43852
15236 43852 60920
43852 15236 60920
43332 68593 94870
68593 43332 94870
94870 43332 68593
93571 16074 66566
66566 16074 93571
16074 66566 93571
137599 91201 117953
117953 91201 137599
91201 117953 137599
101683 34757 87456
87456 34757 101683
34757 87456 101683
53372 55280 110920
55280 53372 110920
110920 53372 55280
27024 6803 25333
25333 6803 27024
6803 25333 27024
65509 57947 137983
57947 65509 137983
137983 57947 65509
117154 4922 28887
4922 28887 117154
28887 4922 117154
129759 7598 140910
140910 7598 129759
7598 129759 140910
12289 68866 136927
136927 12289 68866
68866 12289 136927
75154 25201 82354
25201 75154 82354
82354 25201 75154
46299 73836 86643
86643 46299 73836
73836 46299 86643
49438 13825 59365
59365 13825 49438
13825 49438 59365
137023 93353 121862
121862 93353 137023
93353 121862 137023
94138 30563 133452
133452 30563 94138
30563 94138 133452
140653 57113 82701
82701 57113 140653
57113 82701 140653
111895 113583 146539
113583 111895 146539
146539 111895 113583
20506 899 140487
140487 899 20506
899 20506 140487
112155 5118 80746
80746 5118 112155
5118 80746 112155
135419 65986 116201
65986 116201 135419
116201 65986 135419
40599 44491 130524
44491 40599 130524
130524 40599 44491
42642 49397 102447
102447 42642 49397
49397 42642 102447
138730 68266 73241
73241 68266 138730
68266 73241 138730
52123 140403 142749
142749 52123 140403
140403 52123 142749
120481 66292 108320
108320 66292 120481
66292 108320 120481
148230 11426 126691
126691 11426 148230
11426 126691 148230
90026 125167 146215
125167 90026 146215
146215 90026 125167
35450 32195 95402
95402 32195 35450
32195 35450 95402
51154 7012 108979
108979 7012 51154
7012 51154 108979
90357 33209 51023
51023 33209 90357
33209 51023 90357
21943 19074 101003
101003 19074 21943
19074 21943 101003
74773 102047 113436
102047 74773 113436
113436 74773 102047
32534 12410 18755
12410 18755 32534
18755 12410 32534
17539 116410 146258
116410 17539 146258
146258 17539 116410
139070 53465 103876
103876 53465 139070
53465 103876 139070
73626 103405 123178
103405 73626 123178
123178 73626 103405
43216 52726 123295
52726 43216 123295
123295 43216 52726
3726 33777 109385
109385 3726 33777
33777 3726 109385
107936 76888 138789
138789 76888 107936
76888 107936 138789
131602 81352 82014
82014 81352 131602
81352 82014 131602
123475 19925 107055
19925 107055 123475
107055 19925 123475
76020 36369 140923
140923 36369 76020
36369 76020 140923
118719 24953 70143
70143 24953 118719
24953 70143 118719
24075 19839 144019
144019 19839 24075
19839 24075 144019
20417 66731 111733
66731 20417 111733
111733 20417 66731
102155 115796 137478
115796 102155 137478
137478 102155 115796
78527 37920 77611
77611 37920 78527
37920 77611 78527
121442 29325 147063
147063 29325 121442
29325 121442 147063
10332 113476 113953
113476 10332 113953
113953 10332 113476
39168 44243 123658
44243 39168 123658
123658 39168 44243
126544 75494 95823
95823 75494 126544
75494 95823 126544
97137 39494 119120
119120 39494 97137
39494 97137 119120
135022 33696 133390
33696 133390 135022
133390 33696 135022
30084 14600 61178
61178 14600 30084
14600 30084 61178
102315 44644 44979
44979 44644 102315
44644 44979 102315
54358 10872 139489
139489 10872 54358
10872 54358 139489
68188 31628 46526
31628 46526 68188
46526 31628 68188
55363 7570 113060
113060 7570 55363
7570 55363 113060
114219 89563 131130
89563 114219 131130
131130 89563 114219
102405 24531 33371
33371 24531 102405
24531 33371 102405
143546 87245 114473
114473 87245 143546
87245 114473 143546
133467 70970 72284
70970 72284 133467
72284 70970 133467
118346 67507 98783
98783 67507 118346
67507 98783 118346
33138 62602 65874
65874 33138 62602
62602 33138 65874
132169 38632 88689
38632 88689 132169
88689 38632 132169
115327 7951 72666
72666 7951 115327
7951 72666 115327
123647 80673 97690
80673 97690 123647
97690 80673 123647
43057 34246 133615
34246 43057 133615
133615 34246 43057
30269 34047 100344
34047 30269 100344
100344 30269 34047
52590 1523 122252
122252 1523 52590
1523 52590 122252
122106 135317 137494
137494 122106 135317
135317 122106 137494
92995 34384 102352
102352 34384 92995
34384 92995 102352
42978 74571 142915
74571 42978 142915
142915 42978 74571
108024 39082 89956
89956 39082 108024
39082 89956 108024
67640 10386 45928
45928 10386 67640
10386 45928 67640
52168 15581 139697
15581 52168 139697
139697 15581 52168
90226 89681 118766
89681 90226 118766
118766 89681 90226
66234 58541 146233
58541 66234 146233
146233 58541 66234
132088 61635 88218
88218 61635 132088
61635 88218 132088
21217 82858 137750
137750 21217 82858
82858 21217 137750
24008 97056 114324
114324 24008 97056
97056 24008 114324
1520 51345 105496
51345 1520 105496
105496 1520 51345
76 35042 76182
35042 76 76182
76182 76 35042
75879 37264 129651
37264 75879 129651
129651 37264 75879
119571 97491 110181
97491 110181 119571
110181 97491 119571
101883 50811 63117
50811 63117 101883
63117 50811 101883
107065 79714 121868
121868 79714 107065
79714 107065 121868
140322 7893 121821
121821 7893 140322
7893 121821 140322
143197 124479 138318
124479 138318 143197
138318 124479 143197
68197 58716 96874
58716 68197 96874
96874 58716 68197
96558 19175 59651
19175 59651 96558
59651 19175 96558
97688 5956 43268
5956 43268 97688
43268 5956 97688
135981 47396 133826
47396 133826 135981
133826 47396 135981
117687 89990 114188
89990 114188 117687
114188 89990 117687
24271 82372 123252
82372 24271 123252
123252 24271 82372
10623 91480 124357
124357 10623 91480
91480 10623 124357
124251 27744 113428
113428 27744 124251
27744 113428 124251
61457 59175 136528
59175 61457 136528
136528 59175 61457
55483 81247 136770
136770 55483 81247
81247 55483 136770
10895 33738 85219
85219 10895 33738
33738 10895 85219
79941 66392 134758
134758 66392 79941
66392 79941 134758
62829 49880 71815
49880 62829 71815
71815 49880 62829
133549 95697 127789
95697 127789 133549
127789 95697 133549
68488 50851 51691
51691 50851 68488
50851 51691 68488
25648 69786 139859
69786 25648 139859
139859 25648 69786
65210 56131 117802
56131 65210 117802
117802 56131 65210
86052 119193 126788
119193 86052 126788
126788 86052 119193
133785 54955 107649
107649 54955 133785
54955 107649 133785
99184 37068 99181
37068 99181 99184
99181 37068 99184
29198 83903 100650
83903 29198 100650
100650 29198 83903
121713 83110 97584
97584 83110 121713
83110 97584 121713
123445 89908 116391
89908 116391 123445
116391 89908 123445
103542 4735 16639
16639 4735 103542
4735 16639 103542
66373 87043 139169
87043 66373 139169
139169 66373 87043
13569 60715 72540
72540 13569 60715
60715 13569 72540
128450 60005 125669
60005 125669 128450
125669 60005 128450
144406 341 82064
82064 341 144406
341 82064 144406
25125 70491 127673
70491 25125 127673
127673 25125 70491
74155 67767 146829
67767 74155 146829
146829 67767 74155
122398 131480 141642
141642 122398 131480
131480 122398 141642
91523 69373 123993
69373 91523 123993
123993 69373 91523
117443 87735 92018
87735 92018 117443
92018 87735 117443
46225 45846 66006
45846 46225 66006
66006 45846 46225
754 2613 111877
2613 754 111877
111877 754 2613
142667 61082 61870
61870 61082 142667
61082 61870 142667
59025 3767 73948
3767 59025 73948
73948 3767 59025
54528 119378 143303
119378 54528 143303
143303 54528 119378
50768 8339 29332
29332 8339 50768
8339 29332 50768
13529 29897 143066
29897 13529 143066
143066 13529 29897
82847 79921 145198
145198 79921 82847
79921 82847 145198
32351 80719 90044
80719 32351 90044
90044 32351 80719
83771 28323 42311
28323 42311 83771
42311 28323 83771
121218 17680 148566
148566 17680 121218
17680 121218 148566
15943 91917 127777
91917 15943 127777
127777 15943 91917
106285 25625 26338
25625 26338 106285
26338 25625 106285
7449 89134 129196
89134 7449 129196
129196 7449 89134
31317 35119 115029
115029 31317 35119
35119 31317 115029
14001 112161 132587
112161 14001 132587
132587 14001 112161
114780 41372 145301
41372 114780 145301
145301 41372 114780
132386 6745 58024
6745 58024 132386
58024 6745 132386
69395 57682 133584
133584 57682 69395
57682 69395 133584
20098 45699 116714
45699 20098 116714
116714 20098 45699
139769 29442 147876
29442 139769 147876
147876 29442 139769
98143 35121 96636
35121 96636 98143
96636 35121 98143
6209 8928 87264
8928 6209 87264
87264 6209 8928
89088 112006 117919
112006 89088 117919
117919 89088 112006
116142 6017 93191
6017 93191 116142
93191 6017 116142
40482 47456 127437
127437 40482 47456
47456 40482 127437
27398 13220 105857
13220 27398 105857
105857 13220 27398
148901 59218 66355
59218 66355 148901
66355 59218 148901
133377 11279 55039
11279 55039 133377
55039 11279 133377
148595 139228 142661
142661 139228 148595
139228 142661 148595
138779 45232 84684
45232 84684 138779
84684 45232 138779
103250 3236 19411
19411 3236 103250
3236 19411 103250
53342 60802 68109
60802 53342 68109
68109 53342 60802
45219 24013 53444
53444 24013 45219
24013 45219 53444
36017 3277 30528
3277 30528 36017
30528 3277 36017
144894 50050 136846
136846 50050 144894
50050 136846 144894
8614 66961 137730
66961 8614 137730
137730 8614 66961
82109 60314 84485
84485 60314 82109
60314 82109 84485
124799 83933 126291
126291 83933 124799
83933 124799 126291
66592 129790 137049
137049 66592 129790
129790 66592 137049
69573 134222 139469
134222 69573 139469
139469 69573 134222
122660 24504 59972
24504 59972 122660
59972 24504 122660
67956 36559 144505
36559 67956 144505
144505 36559 67956
69825 101889 149321
149321 69825 101889
101889 69825 149321
106356 3062 109455
109455 3062 106356
3062 106356 109455
148671 42580 108242
108242 42580 148671
42580 108242 148671
93693 19675 37024
19675 37024 93693
37024 19675 93693
48975 21322 22128
22128 21322 48975
21322 22128 48975
148488 75942 88038
88038 75942 148488
75942 88038 148488
125191 12679 67091
12679 67091 125191
67091 12679 125191
144682 95956 140160
95956 140160 144682
140160 95956 144682
4769 80146 104460
80146 4769 104460
104460 4769 80146
74933 41571 55868
55868 41571 74933
41571 55868 74933
147573 92825 119315
119315 92825 147573
92825 119315 147573
31453 3637 9570
3637 9570 31453
9570 3637 31453
104225 56248 107630
107630 56248 104225
56248 104225 107630
83352 4462 9756
9756 4462 83352
4462 9756 83352
145053 109789 122913
109789 122913 145053
122913 109789 145053
56607 20432 58757
20432 56607 58757
58757 20432 56607
54151 97965 99302
97965 54151 99302
99302 54151 97965
64718 111881 119826
111881 64718 119826
119826 64718 111881
92161 116453 136840
136840 92161 116453
116453 92161 136840
98474 49477 106085
106085 49477 98474
49477 98474 106085
53749 37205 91234
91234 37205 53749
37205 53749 91234
118511 19656 79683
19656 79683 118511
79683 19656 118511
85285 17179 30706
17179 30706 85285
30706 17179 85285
138954 3390 128303
3390 128303 138954
128303 3390 138954
89306 13673 147661
147661 13673 89306
13673 89306 147661
60832 46196 57908
57908 46196 60832
46196 57908 60832
146209 1135 124872
1135 124872 146209
124872 1135 146209
103521 32369 89348
32369 89348 103521
89348 32369 103521
47221 56826 96965
96965 47221 56826
56826 47221 96965
131414 5331 89441
89441 5331 131414
5331 89441 131414
96728 3296 87855
87855 3296 96728
3296 87855 96728
42067 13961 24071
13961 24071 42067
24071 13961 42067
108861 92694 103608
92694 103608 108861
103608 92694 108861
146102 10322 111596
111596 10322 146102
10322 111596 146102
86314 25063 81469
25063 81469 86314
81469 25063 86314
6188 14104 112136
112136 6188 14104
14104 6188 112136
24564 136959 144222
136959 24564 144222
144222 24564 136959
31585 137445 143184
143184 31585 137445
137445 31585 143184
81780 24637 137880
137880 24637 81780
24637 81780 137880
67079 35481 49099
35481 49099 67079
49099 35481 67079
21612 57306 82601
57306 21612 82601
82601 21612 57306
23317 75780 101292
101292 23317 75780
75780 23317 101292
137315 21392 31062
21392 31062 137315
31062 21392 137315
113608 48403 113322
113322 48403 113608
48403 113322 113608
75652 66251 95802
66251 75652 95802
95802 66251 75652
103588 58078 143345
143345 58078 103588
58078 103588 143345
38771 50087 93263
50087 38771 93263
93263 38771 50087
143505 7451 98808
7451 98808 143505
98808 7451 143505
132840 85319 114566
85319 114566 132840
114566 85319 132840
57305 12459 69755
12459 57305 69755
69755 12459 57305
16086 72125 106688
106688 16086 72125
72125 16086 106688
56694 55623 86114
55623 56694 86114
86114 55623 56694
145011 73447 93915
73447 93915 145011
93915 73447 145011
137560 5980 24824
24824 5980 137560
5980 24824 137560
50465 127325 145965
145965 50465 127325
127325 50465 145965
3706 87788 125225
87788 3706 125225
125225 3706 87788
63666 104381 129414
104381 63666 129414
129414 63666 104381
135638 27537 85522
27537 85522 135638
85522 27537 135638
122750 99606 128830
128830 99606 122750
99606 122750 128830
130987 67862 139510
67862 130987 139510
139510 67862 130987
54183 64234 148192
64234 54183 148192
148192 54183 64234
141611 110293 146897
110293 141611 146897
146897 110293 141611
42422 52831 81634
52831 42422 81634
81634 42422 52831
102681 40696 139028
139028 40696 102681
40696 102681 139028
147844 61546 137931
61546 137931 147844
137931 61546 147844
75153 11680 125207
125207 11680 75153
11680 75153 125207
45343 40627 116651
116651 40627 45343
40627 45343 116651
102234 63378 90115
63378 90115 102234
90115 63378 102234
36083 42372 128777
42372 36083 128777
128777 36083 42372
24688 6819 72810
6819 24688 72810
72810 6819 24688
43633 18227 59121
59121 18227 43633
18227 43633 59121
104067 13304 57652
13304 57652 104067
57652 13304 104067
15442 8841 32876
32876 8841 15442
8841 15442 32876
49286 37303 103337
103337 37303 49286
37303 49286 103337
148820 7360 54652
54652 7360 148820
7360 54652 148820
146917 32661 145652
32661 145652 146917
145652 32661 146917
121648 94873 134370
94873 121648 134370
134370 94873 121648
91131 26571 133517
133517 26571 91131
26571 91131 133517
6943 14393 77817
77817 6943 14393
14393 6943 77817
132231 28466 130223
28466 130223 132231
130223 28466 132231
18390 38660 109540
38660 18390 109540
109540 18390 38660
139678 82321 109862
109862 82321 139678
82321 109862 139678
139183 4867 26013
4867 26013 139183
26013 4867 139183
8546 7070 30731
30731 7070 8546
7070 8546 30731
72887 51745 53655
53655 51745 72887
51745 53655 72887
80600 43796 121426
121426 43796 80600
43796 80600 121426
117935 56852 137949
56852 117935 137949
137949 56852 117935
142140 42966 45664
42966 45664 142140
45664 42966 142140
101873 35452 125534
35452 101873 125534
125534 35452 101873
124089 21978 106013
21978 106013 124089
106013 21978 124089
72603 57889 119712
57889 72603 119712
119712 57889 72603
85521 37001 39428
39428 37001 85521
37001 39428 85521
100706 46971 122918
46971 100706 122918
122918 46971 100706
36580 82163 132551
82163 36580 132551
132551 36580 82163
91219 3453 87246
3453 87246 91219
87246 3453 91219
43138 96630 104876
104876 43138 96630
96630 43138 104876
106107 68269 105633
105633 68269 106107
68269 105633 106107
328 12507 66023
12507 328 66023
66023 328 12507
126651 13388 45886
13388 45886 126651
45886 13388 126651
8058 47605 129360
47605 8058 129360
129360 8058 47605
144225 32638 140674
140674 32638 144225
32638 140674 144225
103444 29486 39127
39127 29486 103444
29486 39127 103444
121416 49737 134680
134680 49737 121416
49737 121416 134680
24579 1203 87592
1203 24579 87592
87592 1203 24579
37926 65467 111682
111682 37926 65467
65467 37926 111682
75523 1654 107884
107884 1654 75523
1654 75523 107884
83344 69639 74561
74561 69639 83344
69639 74561 83344
1589 71566 78583
71566 1589 78583
78583 1589 71566
102633 11818 39438
39438 11818 102633
11818 39438 102633
58833 8866 27228
8866 27228 58833
27228 8866 58833
134076 72097 140210
140210 72097 134076
72097 134076 140210
99380 90640 149726
90640 99380 149726
149726 90640 99380
12438 53581 119874
53581 12438 119874
119874 12438 53581
20658 39923 147889
39923 20658 147889
147889 20658 39923
6670 27579 79266
79266 6670 27579
27579 6670 79266
65143 69407 101133
69407 65143 101133
101133 65143 69407
71273 138087 143326
138087 71273 143326
143326 71273 138087
2424 34491 73137
73137 2424 34491
34491 2424 73137
24267 38321 87244
38321 24267 87244
87244 24267 38321
39447 3797 62185
3797 39447 62185
62185 3797 39447
67273 51853 58723
51853 58723 67273
58723 51853 67273
11201 22652 34283
22652 11201 34283
34283 11201 22652
64085 49926 97659
49926 64085 97659
97659 49926 64085
102372 44572 109213
44572 102372 109213
109213 44572 102372
87851 4532 85278
4532 85278 87851
85278 4532 87851
125063 7128 43129
43129 7128 125063
7128 43129 125063
57126 119303 141397
119303 57126 141397
141397 57126 119303
122196 42147 136180
136180 42147 122196
42147 122196 136180
31264 51838 83197
83197 31264 51838
51838 31264 83197
35272 60653 116874
60653 35272 116874
116874 35272 60653
140357 113368 138615
138615 113368 140357
113368 138615 140357
51373 38528 138673
38528 51373 138673
138673 38528 51373
72269 16209 134954
16209 72269 134954
134954 16209 72269
56112 20774 138772
138772 20774 56112
20774 56112 138772
90656 32802 79902
32802 79902 90656
79902 32802 90656
51223 76188 110519
76188 51223 110519
110519 51223 76188
117048 53482 121174
121174 53482 117048
53482 117048 121174
79725 130734 139047
130734 79725 139047
139047 79725 130734
52103 92751 114285
114285 52103 92751
92751 52103 114285
128817 143811 149709
143811 128817 149709
149709 128817 143811
70044 96596 146810
96596 70044 146810
146810 70044 96596
49482 21576 48115
48115 21576 49482
21576 48115 49482
18610 76926 86402
86402 18610 76926
76926 18610 86402
33157 239 44391
239 33157 44391
44391 239 33157
98836 61441 121075
61441 98836 121075
121075 61441 98836
93831 109143 132202
132202 93831 109143
109143 93831 132202
22653 3628 135540
3628 22653 135540
135540 3628 22653
115075 82479 138287
82479 115075 138287
138287 82479 115075
73617 3434 92568
3434 73617 92568
92568 3434 73617
139259 7231 102320
7231 102320 139259
102320 7231 139259
11626 49781 84306
49781 11626 84306
84306 11626 49781
62366 55233 61008
61008 55233 62366
55233 61008 62366
15853 11377 18473
11377 15853 18473
18473 11377 15853
44560 113181 123848
113181 44560 123848
123848 44560 113181
40270 23735 148031
148031 23735 40270
23735 40270 148031
37047 33621 39565
33621 37047 39565
39565 33621 37047
53836 69923 93611
93611 53836 69923
69923 53836 93611
143707 42443 112066
42443 112066 143707
112066 42443 143707
88295 53939 54032
54032 53939 88295
53939 54032 88295
7482 26380 67008
26380 7482 67008
67008 7482 26380
105681 22840 98339
98339 22840 105681
22840 98339 105681
129066 7656 107580
107580 7656 129066
7656 107580 129066
148285 69003 92780
69003 92780 148285
92780 69003 148285
53713 20759 149520
149520 20759 53713
20759 53713 149520
6764 58902 135963
135963 6764 58902
58902 6764 135963
64547 108125 112817
108125 64547 112817
112817 64547 108125
117439 13607 30143
30143 13607 117439
13607 30143 117439
81805 35844 127085
35844 81805 127085
127085 35844 81805
14287 5413 15054
5413 14287 15054
15054 5413 14287
142388 101893 122066
101893 122066 142388
122066 101893 142388
137141 49777 64748
49777 64748 137141
64748 49777 137141
89400 47492 71933
47492 71933 89400
71933 47492 89400
35609 36326 87952
36326 35609 87952
87952 35609 36326
67683 7645 131090
131090 7645 67683
7645 67683 131090
68656 7542 88095
88095 7542 68656
7542 68656 88095
17292 14134 21624
14134 17292 21624
21624 14134 17292
105122 121089 142845
142845 105122 121089
121089 105122 142845
83532 70346 144480
70346 83532 144480
144480 70346 83532
8785 3170 44713
3170 8785 44713
44713 3170 8785
43662 14272 66154
66154 14272 43662
14272 43662 66154
82239 1554 138595
138595 1554 82239
1554 82239 138595
107259 80844 147915
80844 107259 147915
147915 80844 107259
114510 29588 77914
77914 29588 114510
29588 77914 114510
67743 42844 129211
42844 67743 129211
129211 42844 67743
104112 6583 113846
6583 104112 113846
113846 6583 104112
53923 22322 66623
66623 22322 53923
22322 53923 66623
117049 45281 128985
45281 117049 128985
128985 45281 117049
96851 1952 41715
1952 41715 96851
41715 1952 96851
124128 88343 90592
90592 88343 124128
88343 90592 124128
9419 43974 98527
98527 9419 43974
43974 9419 98527
6285 73392 137841
137841 6285 73392
73392 6285 137841
143836 122396 141389
122396 141389 143836
141389 122396 143836
24771 69868 82486
82486 24771 69868
69868 24771 82486
12905 40468 145977
145977 12905 40468
40468 12905 145977
92897 17700 76286
17700 76286 92897
76286 17700 92897
81552 74117 91897
74117 81552 91897
91897 74117 81552
133622 35845 41955
35845 41955 133622
41955 35845 133622
79460 37751 149092
149092 37751 79460
37751 79460 149092
63387 27801 53561
27801 53561 63387
53561 27801 63387
73361 104358 145115
104358 73361 145115
145115 73361 104358
64714 7743 125716
125716 7743 64714
7743 64714 125716
32594 60717 147892
147892 32594 60717
60717 32594 147892
117132 43735 113972
43735 113972 117132
113972 43735 117132
87573 108651 113700
113700 87573 108651
108651 87573 113700
95992 75346 97046
97046 75346 95992
75346 95992 97046
99888 41903 89330
41903 89330 99888
89330 41903 99888
38412 9011 15137
15137 9011 38412
9011 15137 38412
67159 105269 107081
105269 67159 107081
107081 67159 105269
52135 74987 138822
138822 52135 74987
74987 52135 138822
79138 12784 135342
135342 12784 79138
12784 79138 135342
7337 88250 88360
88360 7337 88250
88250 7337 88360
52605 17436 25696
25696 17436 52605
17436 25696 52605
11246 39189 55128
55128 11246 39189
39189 11246 55128
74857 12316 41028
12316 41028 74857
41028 12316 74857
60896 61090 118855
118855 60896 61090
61090 60896 118855
14415 92817 114509
92817 14415 114509
114509 14415 92817
23771 85618 141084
85618 23771 141084
141084 23771 85618
102523 53102 106563
53102 102523 106563
106563 53102 102523
73148 26022 37756
26022 37756 73148
37756 26022 73148
80945 50556 78180
50556 78180 80945
78180 50556 80945
109621 27110 95701
95701 27110 109621
27110 95701 109621
144055 101223 104184
101223 104184 144055
104184 101223 144055
84994 95874 121661
95874 84994 121661
121661 84994 95874
30232 67700 80955
67700 30232 80955
80955 30232 67700
41774 7737 149347
7737 41774 149347
149347 7737 41774
49913 5494 136399
5494 49913 136399
136399 5494 49913
96684 23146 83872
23146 83872 96684
83872 23146 96684
51164 11583 26350
11583 26350 51164
26350 11583 51164
56745 64906 141836
64906 56745 141836
141836 56745 64906
51854 96385 143981
96385 51854 143981
143981 51854 96385
33673 29274 33590
33590 29274 33673
29274 33590 33673
85828 57795 114333
114333 57795 85828
57795 85828 114333
105101 314 17045
17045 314 105101
314 17045 105101
113912 4669 111997
111997 4669 113912
4669 111997 113912
112328 112287 145964
112287 112328 145964
145964 112287 112328
64479 129245 148368
148368 64479 129245
129245 64479 148368
9515 104870 133816
104870 9515 133816
133816 9515 104870
47034 5978 131556
131556 5978 47034
5978 47034 131556
3138 38841 112211
38841 3138 112211
112211 3138 38841
69089 29205 31806
31806 29205 69089
29205 31806 69089
93418 25413 52891
25413 52891 93418
52891 25413 93418
95915 8072 84050
8072 84050 95915
84050 8072 95915
31855 24793 128209
24793 31855 128209
128209 24793 31855
118430 30052 41449
41449 30052 118430
30052 41449 118430
21888 16101 58126
16101 21888 58126
58126 16101 21888
67354 937 42849
42849 937 67354
937 42849 67354
51144 70431 75365
70431 51144 75365
75365 51144 70431
134845 21289 42928
42928 21289 134845
21289 42928 134845
79210 75149 97921
97921 75149 79210
75149 79210 97921
58500 47344 131804
47344 58500 131804
131804 47344 58500
103259 128026 133927
128026 103259 133927
133927 103259 128026
122871 118840 135568
118840 122871 135568
135568 118840 122871
93071 32943 66782
66782 32943 93071
32943 66782 93071
30928 61557 69724
61557 30928 69724
69724 30928 61557
74361 22571 95390
22571 74361 95390
95390 22571 74361
31379 29834 33289
33289 29834 31379
29834 31379 33289
115982 71844 119077
119077 71844 115982
71844 115982 119077
91321 8349 117119
117119 8349 91321
8349 91321 117119
71909 70394 114544
70394 71909 114544
114544 70394 71909
82203 60363 144174
144174 60363 82203
60363 82203 144174
117337 70051 145770
145770 70051 117337
70051 117337 145770
30565 27815 67583
27815 30565 67583
67583 27815 30565
134982 38813 110151
38813 110151 134982
110151 38813 134982
9608 58521 76870
58521 9608 76870
76870 9608 58521
145332 53065 80864
80864 53065 145332
53065 80864 145332
28078 2051 87750
87750 2051 28078
2051 28078 87750
97059 54481 81286
81286 54481 97059
54481 81286 97059
35533 70561 131470
131470 35533 70561
70561 35533 131470
30976 82463 134347
134347 30976 82463
82463 30976 134347
115970 26326 43095
43095 26326 115970
26326 43095 115970
20748 136354 137166
137166 20748 136354
136354 20748 137166
127698 56494 130693
130693 56494 127698
56494 127698 130693
60316 8818 103748
8818 60316 103748
103748 8818 60316
45233 26931 130513
26931 45233 130513
130513 26931 45233
57482 13158 47543
13158 47543 57482
47543 13158 57482
85141 53855 61696
53855 61696 85141
61696 53855 85141
35635 6760 90146
90146 6760 35635
6760 35635 90146
50634 28056 32177
32177 28056 50634
28056 32177 50634
112265 101860 110569
110569 101860 112265
101860 110569 112265
61684 24674 80643
24674 61684 80643
80643 24674 61684
45946 14595 31584
14595 31584 45946
31584 14595 45946
107691 17402 113424
17402 107691 113424
113424 17402 107691
90090 71233 93983
71233 90090 93983
93983 71233 90090
27812 3526 99494
99494 3526 27812
3526 27812 99494
134388 32355 137633
137633 32355 134388
32355 134388 137633
73554 26423 80733
80733 26423 73554
26423 73554 80733
8890 29353 62932
62932 8890 29353
29353 8890 62932
136706 69877 101372
101372 69877 136706
69877 101372 136706
104091 87357 122457
122457 87357 104091
87357 104091 122457
37864 23161 92959
92959 23161 37864
23161 37864 92959
76600 32452 100700
32452 76600 100700
100700 32452 76600
5898 20846 63042
63042 5898 20846
20846 5898 63042
101521 59620 83059
59620 83059 101521
83059 59620 101521
14687 37738 70749
70749 14687 37738
37738 14687 70749
127858 61617 101608
101608 61617 127858
61617 101608 127858
87569 29718 119473
29718 87569 119473
119473 29718 87569
143518 18648 107737
107737 18648 143518
18648 107737 143518
104673 81724 129600
129600 81724 104673
81724 104673 129600
119095 35453 127186
127186 35453 119095
35453 119095 127186
20766 50432 92655
92655 20766 50432
50432 20766 92655
143142 82070 127955
82070 127955 143142
127955 82070 143142
143427 16775 20924
20924 16775 143427
16775 20924 143427
75755 6772 85572
85572 6772 75755
6772 75755 85572
76146 62556 87824
87824 62556 76146
62556 76146 87824
128427 8573 106002
8573 106002 128427
106002 8573 128427
109643 53155 97646
53155 97646 109643
97646 53155 109643
60721 86288 141285
141285 60721 86288
86288 60721 141285
30011 93959 143921
93959 30011 143921
143921 30011 93959
26649 20665 46427
20665 26649 46427
46427 20665 26649
41445 43026 76359
76359 41445 43026
43026 41445 76359
21027 57366 133786
57366 21027 133786
133786 21027 57366
74411 61693 102127
102127 61693 74411
61693 74411 102127
53026 43040 68403
43040 53026 68403
68403 43040 53026
113344 8696 17477
8696 17477 113344
17477 8696 113344
94118 15050 148370
148370 15050 94118
15050 94118 148370
145052 95034 122815
95034 122815 145052
122815 95034 145052
138242 35262 123539
123539 35262 138242
35262 123539 138242
63561 91363 104624
91363 63561 104624
104624 63561 91363
11807 18004 141018
18004 11807 141018
141018 11807 18004
130552 49044 98147
98147 49044 130552
49044 98147 130552
92810 55879 119732
55879 92810 119732
119732 55879 92810
30552 106415 143140
143140 30552 106415
106415 30552 143140
54730 24396 31117
24396 31117 54730
31117 24396 54730
73489 47197 62262
62262 47197 73489
47197 62262 73489
45855 91139 122376
122376 45855 91139
91139 45855 122376
146282 83681 111894
111894 83681 146282
83681 111894 146282
99780 2397 12735
12735 2397 99780
2397 12735 99780
48285 39395 80612
39395 48285 80612
80612 39395 48285
28775 35370 87922
35370 28775 87922
87922 28775 35370
52488 84406 87948
84406 52488 87948
87948 52488 84406
17653 18740 104435
18740 17653 104435
104435 17653 18740
42575 8917 120195
120195 8917 42575
8917 42575 120195
94524 81521 106173
106173 81521 94524
81521 94524 106173
97098 27246 93070
27246 93070 97098
93070 27246 97098
89030 106865 146970
146970 89030 106865
106865 89030 146970
395 55507 70279
55507 395 70279
70279 395 55507
115132 7370 141079
7370 115132 141079
141079 7370 115132
37334 89849 138958
138958 37334 89849
89849 37334 138958
14986 6659 20375
6659 14986 20375
20375 6659 14986
127904 90257 122077
90257 122077 127904
122077 90257 127904
46614 107781 108429
108429 46614 107781
107781 46614 108429
143771 649 141525
649 141525 143771
141525 649 143771
23438 71060 88815
88815 23438 71060
71060 23438 88815
120487 105703 142229
142229 105703 120487
105703 120487 142229
112709 24650 51782
24650 51782 112709
51782 24650 112709
83687 22071 23300
23300 22071 83687
22071 23300 83687
118323 32554 102226
32554 102226 118323
102226 32554 118323
114466 36617 144045
36617 114466 144045
144045 36617 114466
52246 75948 126979
75948 52246 126979
126979 52246 75948
8996 93242 139272
93242 8996 139272
139272 8996 93242
74383 18419 59297
18419 59297 74383
59297 18419 74383
23034 15482 57757
57757 15482 23034
15482 23034 57757
101858 79922 112184
79922 101858 112184
112184 79922 101858
124912 24523 48531
48531 24523 124912
24523 48531 124912
54550 17628 115287
115287 17628 54550
17628 54550 115287
117901 31366 76434
76434 31366 117901
31366 76434 117901
124177 18901 36202
36202 18901 124177
18901 36202 124177
127684 7001 14984
7001 14984 127684
14984 7001 127684
98492 98765 113969
98765 98492 113969
113969 98492 98765
52414 118380 128325
128325 52414 118380
118380 52414 128325
113722 27481 35239
27481 35239 113722
35239 27481 113722
43572 11936 20598
20598 11936 43572
11936 20598 43572
2131 23430 55665
23430 2131 55665
55665 2131 23430
62990 42519 104598
42519 62990 104598
104598 42519 62990
140127 1799 48585
48585 1799 140127
1799 48585 140127
87580 15074 146164
146164 15074 87580
15074 87580 146164
75001 88903 143966
88903 75001 143966
143966 75001 88903
31334 21710 23419
21710 23419 31334
23419 21710 31334
148968 43488 102918
43488 102918 148968
102918 43488 148968
6027 17762 43300
17762 6027 43300
43300 6027 17762
24368 103592 128534
103592 24368 128534
128534 24368 103592
108396 71719 133863
133863 71719 108396
71719 108396 133863
4680 54492 115780
54492 4680 115780
115780 4680 54492
136491 117410 142143
117410 136491 142143
142143 117410 136491
143711 59117 91568
59117 91568 143711
91568 59117 143711
63156 6827 26057
26057 6827 63156
6827 26057 63156
78943 84090 148299
84090 78943 148299
148299 78943 84090
23214 91012 148309
91012 23214 148309
148309 23214 91012
66377 67540 143328
143328 66377 67540
67540 66377 143328
2084 94113 107379
94113 2084 107379
107379 2084 94113
118769 89086 118475
118475 89086 118769
89086 118475 118769
100433 39356 104931
104931 39356 100433
39356 100433 104931
136193 5794 71753
71753 5794 136193
5794 71753 136193
90787 26120 138129
26120 90787 138129
138129 26120 90787
85263 119430 122884
119430 85263 122884
122884 85263 119430
34100 46159 118069
46159 34100 118069
118069 34100 46159
97489 11421 13677
11421 13677 97489
13677 11421 97489
53979 96423 102324
102324 53979 96423
96423 53979 102324
93112 79614 131570
79614 93112 131570
131570 79614 93112
91803 36761 141822
36761 91803 141822
141822 36761 91803
20481 48898 85193
85193 20481 48898
48898 20481 85193
73488 3292 126865
3292 73488 126865
126865 3292 73488
27928 2152 110216
2152 27928 110216
110216 2152 27928
147252 75990 92666
75990 92666 147252
92666 75990 147252
114585 80731 104326
104326 80731 114585
80731 104326 114585
13741 52395 93160
52395 13741 93160
93160 13741 52395
44558 88266 96441
88266 44558 96441
96441 44558 88266
32974 53685 75342
75342 32974 53685
53685 32974 75342
90579 1258 110213
1258 90579 110213
110213 1258 90579
36765 47802 52909
52909 36765 47802
47802 36765 52909
38618 24892 34145
34145 24892 38618
24892 34145 38618
123793 99203 103964
99203 103964 123793
103964 99203 123793
30216 22515 123083
123083 22515 30216
22515 30216 123083
100199 104880 110136
104880 100199 110136
110136 100199 104880
68856 45274 64224
45274 64224 68856
64224 45274 68856
61013 59278 101663
101663 59278 61013
59278 61013 101663
119600 15228 78539
15228 78539 119600
78539 15228 119600
27253 116188 144252
144252 27253 116188
116188 27253 144252
20835 82864 100973
100973 20835 82864
82864 20835 100973
23538 101692 138797
101692 23538 138797
138797 23538 101692
46782 7415 39215
39215 7415 46782
7415 39215 46782
113620 7727 99828
99828 7727 113620
7727 99828 113620
147790 88797 139331
88797 139331 147790
139331 88797 147790
8445 9801 49221
9801 8445 49221
49221 8445 9801
3769 17137 134996
134996 3769 17137
17137 3769 134996
116886 125573 137756
137756 116886 125573
125573 116886 137756
107893 84726 120806
120806 84726 107893
84726 107893 120806
86724 27305 137619
137619 27305 86724
27305 86724 137619
96794 7961 20978
20978 7961 96794
7961 20978 96794
55309 34170 135382
135382 34170 55309
34170 55309 135382
34401 89275 137211
89275 34401 137211
137211 34401 89275
128698 111491 126414
126414 111491 128698
111491 126414 128698
98932 100115 113865
100115 98932 113865
113865 98932 100115
7762 62483 114265
62483 7762 114265
114265 7762 62483
108509 28121 52720
28121 52720 108509
52720 28121 108509
139281 98692 131002
98692 131002 139281
131002 98692 139281
101876 65506 109291
109291 65506 101876
65506 101876 109291
85634 114206 138452
138452 85634 114206
114206 85634 138452
96527 118457 123649
123649 96527 118457
118457 96527 123649
102354 40471 93050
93050 40471 102354
40471 93050 102354
58506 607 109250
109250 607 58506
607 58506 109250
140194 14522 40917
14522 40917 140194
40917 14522 140194
144863 60978 115124
60978 115124 144863
115124 60978 144863
85879 41630 98382
98382 41630 85879
41630 85879 98382
69821 38284 121313
121313 38284 69821
38284 69821 121313
16671 25073 88006
88006 16671 25073
25073 16671 88006
123623 21138 143809
21138 123623 143809
143809 21138 123623
52084 11660 103712
103712 11660 52084
11660 52084 103712
62162 57183 129833
129833 57183 62162
57183 62162 129833
75789 2006 15069
15069 2006 75789
2006 15069 75789
134355 5881 76404
5881 76404 134355
76404 5881 134355
44740 95003 114787
114787 44740 95003
95003 44740 114787
71980 20536 58956
20536 58956 71980
58956 20536 71980
47610 21806 120002
21806 47610 120002
120002 21806 47610
34841 11174 76387
11174 34841 76387
76387 11174 34841
29722 43028 117282
117282 29722 43028
43028 29722 117282
63462 108652 118296
108652 63462 118296
118296 63462 108652
30862 11809 85598
85598 11809 30862
11809 30862 85598
59448 48064 143636
48064 59448 143636
143636 48064 59448
143678 35273 139299
139299 35273 143678
35273 139299 143678
66282 36555 106222
36555 66282 106222
106222 36555 66282
64240 66498 123955
66498 64240 123955
123955 64240 66498
105762 6586 148535
6586 105762 148535
148535 6586 105762
113963 16302 55127
55127 16302 113963
16302 55127 113963
84575 54097 79759
79759 54097 84575
54097 79759 84575
72988 120 53385
53385 120 72988
120 53385 72988
35626 73118 76979
76979 35626 73118
73118 35626 76979
43371 64705 141692
141692 43371 64705
64705 43371 141692
133453 14971 27279
14971 27279 133453
27279 14971 133453
148692 85198 145603
145603 85198 148692
85198 145603 148692
94378 53045 85725
53045 85725 94378
85725 53045 94378
88874 53007 70452
53007 70452 88874
70452 53007 88874
73849 65172 106449
65172 73849 106449
106449 65172 73849
141181 3181 101792
101792 3181 141181
3181 101792 141181
114299 63139 141824
141824 63139 114299
63139 114299 141824
112889 31824 50546
50546 31824 112889
31824 50546 112889
66361 126457 130170
126457 66361 130170
130170 66361 126457
121973 70952 108410
108410 70952 121973
70952 108410 121973
1668 3443 90252
3443 1668 90252
90252 1668 3443
58865 66383 105433
66383 58865 105433
105433 58865 66383
61675 34601 119746
34601 61675 119746
119746 34601 61675
71784 12604 48770
48770 12604 71784
12604 48770 71784
107552 33250 86127
86127 33250 107552
33250 86127 107552
74285 80055 85987
80055 74285 85987
85987 74285 80055
44428 82097 123114
123114 44428 82097
82097 44428 123114
28309 14459 17142
17142 14459 28309
14459 17142 28309
19027 11231 85717
85717 11231 19027
11231 19027 85717
85045 108277 143207
108277 85045 143207
143207 85045 108277
8089 94439 103313
94439 8089 103313
103313 8089 94439
10211 82748 93625
82748 10211 93625
93625 10211 82748
147378 75916 105668
105668 75916 147378
75916 105668 147378
5721 48008 119747
119747 5721 48008
48008 5721 119747
127588 11127 88837
88837 11127 127588
11127 88837 127588
59876 34210 89212
89212 34210 59876
34210 59876 89212
27401 37274 128129
37274 27401 128129
128129 27401 37274
114422 10224 109191
10224 109191 114422
109191 10224 114422
39116 27014 46788
46788 27014 39116
27014 39116 46788
130395 29788 120702
29788 120702 130395
120702 29788 130395
47361 27793 60291
60291 27793 47361
27793 47361 60291
59840 129276 132178
129276 59840 132178
132178 59840 129276
60106 3569 102809
102809 3569 60106
3569 60106 102809
27505 2066 131388
131388 2066 27505
2066 27505 131388
35408 47066 122929
47066 35408 122929
122929 35408 47066
129557 21004 55570
21004 55570 129557
55570 21004 129557
135285 29356 128584
128584 29356 135285
29356 128584 135285
47948 12814 144876
12814 47948 144876
144876 12814 47948
119420 83777 135677
83777 119420 135677
135677 83777 119420
103007 45814 138969
138969 45814 103007
45814 103007 138969
94977 4246 89764
4246 89764 94977
89764 4246 94977
102522 29439 33893
33893 29439 102522
29439 33893 102522
44130 12332 12856
12856 12332 44130
12332 12856 44130
52144 36427 130296
36427 52144 130296
130296 36427 52144
92657 52406 89698
52406 89698 92657
89698 52406 92657
149675 84776 98767
84776 98767 149675
98767 84776 149675
36494 75180 128207
128207 36494 75180
75180 36494 128207
37852 11275 18317
18317 11275 37852
11275 18317 37852
28518 73845 133272
73845 28518 133272
133272 28518 73845
111200 55110 75311
75311 55110 111200
55110 75311 111200
36624 27818 60669
60669 27818 36624
27818 36624 60669
139955 39317 64698
39317 64698 139955
64698 39317 139955
122568 44112 98674
98674 44112 122568
44112 98674 122568
105068 9200 128583
9200 105068 128583
128583 9200 105068
612 51398 68199
51398 612 68199
68199 612 51398
112635 126342 135802
135802 112635 126342
126342 112635 135802
47796 36308 139622
139622 36308 47796
36308 47796 139622
41705 21713 105362
21713 41705 105362
105362 21713 41705
139707 13534 43111
43111 13534 139707
13534 43111 139707
111058 125490 141251
141251 111058 125490
125490 111058 141251
147918 54812 115973
115973 54812 147918
54812 115973 147918
107097 36145 75026
75026 36145 107097
36145 75026 107097
119656 26876 29034
29034 26876 119656
26876 29034 119656
76207 16335 131268
