1208 2595 8539
8539 1208 2595
2595 1208 8539
5163 3249 5963
5963 3249 5163
3249 5163 5963
12628 5594 6067
6067 5594 12628
5594 6067 12628
8350 684 12990
12990 684 8350
684 8350 12990
9348 22 993
22 993 9348
993 22 9348
3137 1124 1862
1124 1862 3137
1862 1124 3137
7839 11267 14136
14136 7839 11267
11267 7839 14136
10735 11308 14003
11308 10735 14003
14003 10735 11308
7779 2568 3318
3318 2568 7779
2568 3318 7779
6220 8886 10451
10451 6220 8886
8886 6220 10451
1841 9158 10559
10559 1841 9158
9158 1841 10559
1474 3081 9831
3081 1474 9831
9831 1474 3081
8969 12832 13346
13346 8969 12832
12832 8969 13346
10148 6155 8600
8600 6155 10148
6155 8600 10148
8779 3653 4388
3653 4388 8779
4388 3653 8779
11543 6438 10732
6438 10732 11543
10732 6438 11543
391 6248 12052
6248 391 12052
12052 391 6248
9307 6824 14694
14694 6824 9307
6824 9307 14694
4536 4188 10061
10061 4188 4536
4188 4536 10061
6239 2343 12633
12633 2343 6239
2343 6239 12633
6922 4255 6748
4255 6748 6922
6748 4255 6922
10235 2069 5707
2069 5707 10235
5707 2069 10235
680 9877 11166
11166 680 9877
9877 680 11166
10972 11192 14625
14625 10972 11192
11192 10972 14625
1658 2039 11241
11241 1658 2039
2039 1658 11241
12121 2468 9169
9169 2468 12121
2468 9169 12121
2505 3157 6527
6527 2505 3157
3157 2505 6527
6254 1073 14001
1073 6254 14001
14001 1073 6254
4746 8845 14957
8845 4746 14957
14957 4746 8845
2888 2315 11696
11696 2315 2888
2315 2888 11696
13926 3117 10308
10308 3117 13926
3117 10308 13926
11505 4868 13554
4868 11505 13554
13554 4868 11505
539 1655 11854
1655 539 11854
11854 539 1655
11401 1657 10205
1657 10205 11401
10205 1657 11401
10980 152 2693
2693 152 10980
152 2693 10980
7048 860 13974
860 7048 13974
13974 860 7048
10437 4560 13735
13735 4560 10437
4560 10437 13735
7135 643 14339
14339 643 7135
643 7135 14339
2046 1711 2687
2687 1711 2046
1711 2046 2687
8949 4825 14253
4825 8949 14253
14253 4825 8949
14573 1034 13053
1034 13053 14573
13053 1034 14573
1367 3385 6106
6106 1367 3385
3385 1367 6106
3433 5737 10916
10916 3433 5737
5737 3433 10916
14367 1320 10758
1320 10758 14367
10758 1320 14367
1477 8500 10448
8500 1477 10448
10448 1477 8500
1893 702 12157
702 1893 12157
12157 702 1893
3491 2391 7632
2391 3491 7632
7632 2391 3491
2890 3804 14159
3804 2890 14159
14159 2890 3804
5586 2275 13506
2275 5586 13506
13506 2275 5586
2977 561 8783
8783 561 2977
561 2977 8783
13460 10430 13168
10430 13168 13460
13168 10430 13460
11835 5879 14817
5879 11835 14817
14817 5879 11835
1673 2350 10855
2350 1673 10855
10855 1673 2350
4160 6857 11951
6857 4160 11951
11951 4160 6857
7695 6949 11592
11592 6949 7695
6949 7695 11592
9178 8601 8633
8633 8601 9178
8601 8633 9178
3006 1920 5825
5825 1920 3006
1920 3006 5825
8419 3366 6441
3366 6441 8419
6441 3366 8419
14735 7500 14711
14711 7500 14735
7500 14711 14735
10343 1946 2400
1946 2400 10343
2400 1946 10343
7934 8295 13968
8295 7934 13968
13968 7934 8295
6555 4837 11875
11875 4837 6555
4837 6555 11875
7614 182 5809
5809 182 7614
182 5809 7614
9501 13404 14322
13404 9501 14322
14322 9501 13404
7737 136 1951
136 1951 7737
1951 136 7737
9944 9671 12436
9671 9944 12436
12436 9671 9944
2913 513 7841
7841 513 2913
513 2913 7841
4725 9093 13757
13757 4725 9093
9093 4725 13757
1892 1492 6521
6521 1492 1892
1492 1892 6521
7280 10333 14117
10333 7280 14117
14117 7280 10333
4555 3228 6008
6008 3228 4555
3228 4555 6008
3770 5287 12505
5287 3770 12505
12505 3770 5287
10642 1300 3878
1300 3878 10642
3878 1300 10642
8457 1909 10572
10572 1909 8457
1909 8457 10572
9813 9286 12872
9286 9813 12872
12872 9286 9813
1251 3295 11721
11721 1251 3295
3295 1251 11721
8903 4451 10607
10607 4451 8903
4451 8903 10607
3876 324 5559
324 3876 5559
5559 324 3876
7324 1122 11679
1122 7324 11679
11679 1122 7324
30 1913 3430
3430 30 1913
1913 30 3430
675 6490 9383
9383 675 6490
6490 675 9383
3991 7787 9191
9191 3991 7787
7787 3991 9191
2215 11367 11565
11565 2215 11367
11367 2215 11565
1260 6730 11790
6730 1260 11790
11790 1260 6730
2937 11456 12331
12331 2937 11456
11456 2937 12331
7998 2500 7585
2500 7585 7998
7585 2500 7998
1601 261 1728
261 1601 1728
1728 261 1601
13552 939 10034
939 10034 13552
10034 939 13552
6094 1462 9602
9602 1462 6094
1462 6094 9602
1397 11032 11663
11032 1397 11663
11663 1397 11032
12651 9678 13577
13577 9678 12651
9678 12651 13577
12059 10013 11288
10013 11288 12059
11288 10013 12059
985 7728 12409
12409 985 7728
7728 985 12409
14744 7013 10078
7013 10078 14744
10078 7013 14744
13228 3055 14896
14896 3055 13228
3055 13228 14896
706 5204 10901
10901 706 5204
5204 706 10901
8205 10411 11253
11253 8205 10411
10411 8205 11253
7243 7664 9168
9168 7243 7664
7664 7243 9168
11872 11529 14278
11529 11872 14278
14278 11529 11872
11077 5347 6009
6009 5347 11077
5347 6009 11077
3367 1626 11657
11657 1626 3367
1626 3367 11657
13952 2791 5705
5705 2791 13952
2791 5705 13952
1779 10274 10646
10646 1779 10274
10274 1779 10646
7568 4810 10440
4810 7568 10440
10440 4810 7568
11780 494 2051
494 2051 11780
2051 494 11780
6425 2580 8854
2580 6425 8854
8854 2580 6425
1302 5606 9298
5606 1302 9298
9298 1302 5606
6241 11493 12751
11493 6241 12751
12751 6241 11493
6627 6354 13387
13387 6354 6627
6354 6627 13387
2522 11006 14102
14102 2522 11006
11006 2522 14102
13405 1599 14276
14276 1599 13405
1599 13405 14276
8578 1851 6023
1851 6023 8578
6023 1851 8578
7715 13744 14086
14086 7715 13744
13744 7715 14086
404 10242 11886
11886 404 10242
10242 404 11886
8876 7505 11636
11636 7505 8876
7505 8876 11636
4291 4030 9970
4030 4291 9970
9970 4030 4291
2965 12865 13430
12865 2965 13430
13430 2965 12865
5930 2957 11131
11131 2957 5930
2957 5930 11131
10071 3695 8867
8867 3695 10071
3695 8867 10071
4014 485 14524
14524 485 4014
485 4014 14524
6328 6396 7026
7026 6328 6396
6396 6328 7026
1204 4408 11419
11419 1204 4408
4408 1204 11419
7729 3848 14850
14850 3848 7729
3848 7729 14850
4741 2098 8671
2098 4741 8671
8671 2098 4741
13579 1554 2782
2782 1554 13579
1554 2782 13579
5972 1276 5205
1276 5205 5972
5205 1276 5972
5815 772 14366
14366 772 5815
772 5815 14366
9770 10899 13841
13841 9770 10899
10899 9770 13841
9591 3068 3768
3068 3768 9591
3768 3068 9591
6364 5630 12544
5630 6364 12544
12544 5630 6364
14166 11165 11669
11669 11165 14166
11165 11669 14166
12405 191 14738
14738 191 12405
191 12405 14738
4575 283 1886
1886 283 4575
283 1886 4575
12337 3568 11383
11383 3568 12337
3568 11383 12337
11204 3449 10095
3449 10095 11204
10095 3449 11204
5226 875 11474
875 5226 11474
11474 875 5226
7456 2706 4827
4827 2706 7456
2706 4827 7456
5072 6052 7016
7016 5072 6052
6052 5072 7016
7847 995 11591
11591 995 7847
995 7847 11591
7276 6602 8782
8782 6602 7276
6602 7276 8782
7472 1057 12909
12909 1057 7472
1057 7472 12909
953 5289 12550
5289 953 12550
12550 953 5289
5677 5651 11898
5651 5677 11898
11898 5651 5677
10041 4998 9203
4998 9203 10041
9203 4998 10041
11372 435 3434
3434 435 11372
435 3434 11372
11571 4698 5376
4698 5376 11571
5376 4698 11571
1130 4206 12199
12199 1130 4206
4206 1130 12199
6318 6332 7559
7559 6318 6332
6332 6318 7559
9387 6153 6418
6153 6418 9387
6418 6153 9387
412 1135 4890
4890 412 1135
1135 412 4890
9643 12096 14841
14841 9643 12096
12096 9643 14841
2640 3664 7434
3664 2640 7434
7434 2640 3664
9 7502 11542
11542 9 7502
7502 9 11542
9484 11021 13044
11021 9484 13044
13044 9484 11021
3750 10917 14620
10917 3750 14620
14620 3750 10917
6171 1932 9901
1932 6171 9901
9901 1932 6171
5848 5335 14543
14543 5335 5848
5335 5848 14543
9271 6371 9208
9208 6371 9271
6371 9208 9271
3183 7473 8501
7473 3183 8501
8501 3183 7473
14654 6074 13776
6074 13776 14654
13776 6074 14654
8682 13811 14364
14364 8682 13811
13811 8682 14364
7047 8335 13258
8335 7047 13258
13258 7047 8335
8752 597 11598
11598 597 8752
597 8752 11598
6888 1835 14803
14803 1835 6888
1835 6888 14803
6910 5306 9372
5306 6910 9372
9372 5306 6910
11516 108 10206
10206 108 11516
108 10206 11516
6655 2912 10493
2912 6655 10493
10493 2912 6655
167 5214 9833
5214 167 9833
9833 167 5214
1287 7419 14410
7419 1287 14410
14410 1287 7419
10588 5900 14239
5900 10588 14239
14239 5900 10588
12952 4192 8510
4192 8510 12952
8510 4192 12952
12448 1817 13690
1817 12448 13690
13690 1817 12448
3531 7329 11793
11793 3531 7329
7329 3531 11793
10504 14432 15000
15000 10504 14432
14432 10504 15000
6884 4631 11632
4631 6884 11632
11632 4631 6884
14843 8039 14826
14826 8039 14843
8039 14826 14843
12054 8213 11978
11978 8213 12054
8213 11978 12054
12301 3797 4125
4125 3797 12301
3797 4125 12301
10072 4311 7132
7132 4311 10072
4311 7132 10072
477 4876 6906
4876 477 6906
6906 477 4876
12328 4251 9310
4251 9310 12328
9310 4251 12328
13317 6289 7820
6289 7820 13317
7820 6289 13317
11730 1629 7102
1629 7102 11730
7102 1629 11730
7052 2783 10581
2783 7052 10581
10581 2783 7052
7518 4812 12675
12675 4812 7518
4812 7518 12675
558 3632 4035
3632 558 4035
4035 558 3632
3325 5682 12722
5682 3325 12722
12722 3325 5682
14363 4065 9836
4065 9836 14363
9836 4065 14363
1580 5498 12036
12036 1580 5498
5498 1580 12036
2714 4201 13152
4201 2714 13152
13152 2714 4201
4856 2692 5504
2692 4856 5504
5504 2692 4856
13457 6816 10508
6816 10508 13457
10508 6816 13457
7239 1326 6599
6599 1326 7239
1326 6599 7239
12855 6955 8728
6955 8728 12855
8728 6955 12855
2450 10371 10603
10603 2450 10371
10371 2450 10603
12493 10365 11983
10365 11983 12493
11983 10365 12493
859 2139 7736
2139 859 7736
7736 859 2139
9151 3182 11320
11320 3182 9151
3182 9151 11320
7529 1661 6070
1661 6070 7529
6070 1661 7529
12906 3858 6033
6033 3858 12906
3858 6033 12906
12523 6552 8392
8392 6552 12523
6552 8392 12523
11197 1310 4151
1310 4151 11197
4151 1310 11197
9326 96 10032
10032 96 9326
96 9326 10032
8841 1160 13429
1160 8841 13429
13429 1160 8841
2170 4352 13905
4352 2170 13905
13905 2170 4352
8196 2696 11839
2696 8196 11839
11839 2696 8196
2396 10994 13670
13670 2396 10994
10994 2396 13670
854 10021 13910
13910 854 10021
10021 854 13910
3030 532 9758
532 3030 9758
9758 532 3030
5373 1872 12370
1872 5373 12370
12370 1872 5373
4937 8130 12007
8130 4937 12007
12007 4937 8130
12601 3928 4274
3928 4274 12601
4274 3928 12601
14356 6088 13613
6088 13613 14356
13613 6088 14356
7389 6843 9742
9742 6843 7389
6843 7389 9742
8339 1738 2254
1738 2254 8339
2254 1738 8339
12154 6894 9555
9555 6894 12154
6894 9555 12154
3333 433 5261
433 3333 5261
5261 433 3333
4368 6132 8650
8650 4368 6132
6132 4368 8650
8708 7620 10427
10427 7620 8708
7620 8708 10427
13303 9060 12875
9060 12875 13303
12875 9060 13303
8679 10986 13801
10986 8679 13801
13801 8679 10986
7345 894 9248
894 7345 9248
9248 894 7345
4900 1242 10627
1242 4900 10627
10627 1242 4900
3860 1967 14972
1967 3860 14972
14972 1967 3860
11656 2235 11387
2235 11387 11656
11387 2235 11656
3277 200 2601
2601 200 3277
200 2601 3277
9048 8156 11071
11071 8156 9048
8156 9048 11071
712 3726 9548
3726 712 9548
9548 712 3726
2076 6984 11890
6984 2076 11890
11890 2076 6984
11287 11899 12323
11899 11287 12323
12323 11287 11899
10601 5484 11008
11008 5484 10601
5484 10601 11008
2430 3783 14096
14096 2430 3783
3783 2430 14096
14838 5291 9603
5291 9603 14838
9603 5291 14838
12413 3644 7738
3644 7738 12413
7738 3644 12413
14056 2109 5040
2109 5040 14056
5040 2109 14056
13165 3348 3871
3871 3348 13165
3348 3871 13165
6681 2884 14202
14202 2884 6681
2884 6681 14202
9532 1604 8789
8789 1604 9532
1604 8789 9532
1781 1726 9327
9327 1726 1781
1726 1781 9327
8222 370 10369
10369 370 8222
370 8222 10369
3147 3677 8557
8557 3147 3677
3677 3147 8557
5320 6160 6892
6160 5320 6892
6892 5320 6160
5666 10675 13074
13074 5666 10675
10675 5666 13074
11783 4403 12978
4403 11783 12978
12978 4403 11783
3268 3800 9890
9890 3268 3800
3800 3268 9890
14427 12654 12995
12654 12995 14427
12995 12654 14427
14706 13689 13843
13689 13843 14706
13843 13689 14706
8306 396 6782
6782 396 8306
396 6782 8306
7112 1964 8132
8132 1964 7112
1964 7112 8132
4759 3586 13205
13205 3586 4759
3586 4759 13205
4709 6480 14130
6480 4709 14130
14130 4709 6480
1656 6829 9016
9016 1656 6829
6829 1656 9016
14229 5533 14315
14315 5533 14229
5533 14229 14315
4438 2695 9073
9073 2695 4438
2695 4438 9073
6093 2618 4859
2618 4859 6093
4859 2618 6093
5082 1873 7038
1873 5082 7038
7038 1873 5082
4775 11750 12593
12593 4775 11750
11750 4775 12593
5732 2847 7723
2847 5732 7723
7723 2847 5732
2976 4376 13305
13305 2976 4376
4376 2976 13305
3276 7819 13812
13812 3276 7819
7819 3276 13812
10024 6583 14075
14075 6583 10024
6583 10024 14075
13138 2173 2449
2173 2449 13138
2449 2173 13138
13374 9216 13379
9216 13374 13379
13379 9216 13374
2664 3404 6194
3404 2664 6194
6194 2664 3404
223 10036 11296
10036 223 11296
11296 223 10036
8598 5403 11437
11437 5403 8598
5403 8598 11437
5217 5955 8875
5955 5217 8875
8875 5217 5955
10710 3977 6180
3977 6180 10710
6180 3977 10710
3313 3088 10643
3088 3313 10643
10643 3088 3313
8375 3971 8423
3971 8375 8423
8423 3971 8375
10182 3594 12584
3594 10182 12584
12584 3594 10182
10720 5503 13758
13758 5503 10720
5503 10720 13758
14759 9652 13079
13079 9652 14759
9652 13079 14759
14447 4346 10263
10263 4346 14447
4346 10263 14447
9745 8817 11473
11473 8817 9745
8817 9745 11473
3495 2962 5547
2962 3495 5547
5547 2962 3495
9446 88 2399
88 2399 9446
2399 88 9446
11295 104 3798
3798 104 11295
104 3798 11295
14791 99 3802
99 3802 14791
3802 99 14791
13051 2157 13877
2157 13051 13877
13877 2157 13051
1849 3801 4866
3801 1849 4866
4866 1849 3801
10890 372 3262
3262 372 10890
372 3262 10890
12184 870 2055
2055 870 12184
870 2055 12184
9667 7325 14762
14762 7325 9667
7325 9667 14762
2349 2800 6085
2800 2349 6085
6085 2349 2800
470 12171 13028
12171 470 13028
13028 470 12171
12953 2035 3874
2035 3874 12953
3874 2035 12953
5577 12487 12578
12487 5577 12578
12578 5577 12487
12083 696 11402
11402 696 12083
696 11402 12083
5953 3913 7772
7772 3913 5953
3913 5953 7772
6437 13441 13957
13957 6437 13441
13441 6437 13957
10788 469 12982
12982 469 10788
469 10788 12982
14507 10277 10317
10277 10317 14507
10317 10277 14507
9029 1111 5312
5312 1111 9029
1111 5312 9029
13946 1173 6814
1173 6814 13946
6814 1173 13946
2673 4587 11105
4587 2673 11105
11105 2673 4587
6781 8840 10663
10663 6781 8840
8840 6781 10663
13763 1383 5916
1383 5916 13763
5916 1383 13763
2924 9058 10325
10325 2924 9058
9058 2924 10325
783 2317 5803
5803 783 2317
2317 783 5803
13104 7307 9165
9165 7307 13104
7307 9165 13104
10793 6665 13119
13119 6665 10793
6665 10793 13119
38 11233 14424
11233 38 14424
14424 38 11233
5608 23 6487
23 5608 6487
6487 23 5608
10653 2248 3143
3143 2248 10653
2248 3143 10653
493 1844 11143
1844 493 11143
11143 493 1844
893 1006 3411
1006 893 3411
3411 893 1006
5844 6230 7436
6230 5844 7436
7436 5844 6230
3266 9110 13586
9110 3266 13586
13586 3266 9110
6020 421 13439
421 6020 13439
13439 421 6020
1904 2464 12636
2464 1904 12636
12636 1904 2464
11578 4091 8631
8631 4091 11578
4091 8631 11578
14836 5399 13088
13088 5399 14836
5399 13088 14836
5542 10139 13314
13314 5542 10139
10139 5542 13314
7308 6347 8025
6347 7308 8025
8025 6347 7308
9021 5823 9864
9864 5823 9021
5823 9021 9864
11878 668 10910
668 10910 11878
10910 668 11878
14927 1246 11637
11637 1246 14927
1246 11637 14927
4700 5046 13067
13067 4700 5046
5046 4700 13067
9174 2169 3005
3005 2169 9174
2169 3005 9174
9734 5481 11282
11282 5481 9734
5481 9734 11282
6167 170 6114
6114 170 6167
170 6114 6167
4909 6986 11708
11708 4909 6986
6986 4909 11708
5463 11987 12161
11987 5463 12161
12161 5463 11987
11879 2319 6757
2319 6757 11879
6757 2319 11879
6504 6183 11623
11623 6183 6504
6183 6504 11623
2486 2925 10783
10783 2486 2925
2925 2486 10783
9306 5185 12400
5185 9306 12400
12400 5185 9306
8859 9179 11658
9179 8859 11658
11658 8859 9179
14392 10175 14523
10175 14392 14523
14523 10175 14392
14394 11868 13512
13512 11868 14394
11868 13512 14394
12296 5316 9461
5316 9461 12296
9461 5316 12296
5375 14647 14770
14647 5375 14770
14770 5375 14647
11925 11614 12609
12609 11614 11925
11614 11925 12609
4567 4877 4979
4979 4567 4877
4877 4567 4979
6542 9249 11944
11944 6542 9249
9249 6542 11944
10535 6826 10434
6826 10434 10535
10434 6826 10535
11765 1854 9707
9707 1854 11765
1854 9707 11765
7184 9403 14105
14105 7184 9403
9403 7184 14105
3545 290 10787
10787 290 3545
290 3545 10787
1644 5430 8082
5430 1644 8082
8082 1644 5430
13310 623 6215
6215 623 13310
623 6215 13310
4216 2966 8809
2966 4216 8809
8809 2966 4216
749 7378 14016
7378 749 14016
14016 749 7378
12963 4416 10599
10599 4416 12963
4416 10599 12963
9757 2454 9590
9590 2454 9757
2454 9590 9757
14593 2361 8980
2361 8980 14593
8980 2361 14593
8443 203 4819
4819 203 8443
203 4819 8443
8948 899 1713
1713 899 8948
899 1713 8948
8463 3626 6181
3626 6181 8463
6181 3626 8463
746 1024 5573
5573 746 1024
1024 746 5573
605 7672 13498
7672 605 13498
13498 605 7672
6896 7776 12048
12048 6896 7776
7776 6896 12048
13989 6129 10268
10268 6129 13989
6129 10268 13989
7871 5710 10676
10676 5710 7871
5710 7871 10676
1834 10279 14754
10279 1834 14754
14754 1834 10279
14837 5604 8566
5604 8566 14837
8566 5604 14837
11374 37 6271
6271 37 11374
37 6271 11374
6948 2622 10567
10567 2622 6948
2622 6948 10567
5421 3498 8716
3498 5421 8716
8716 3498 5421
13140 5873 12003
5873 12003 13140
12003 5873 13140
5170 8529 12237
12237 5170 8529
8529 5170 12237
14465 4231 4684
4684 4231 14465
4231 4684 14465
7390 5675 7571
7571 5675 7390
5675 7390 7571
8639 2048 8410
2048 8410 8639
8410 2048 8639
7475 11457 14200
11457 7475 14200
14200 7475 11457
3853 1409 1512
1512 1409 3853
1409 1512 3853
1573 6913 11734
6913 1573 11734
11734 1573 6913
14610 2359 12764
2359 12764 14610
12764 2359 14610
14358 8360 14232
8360 14232 14358
14232 8360 14358
5255 1012 4727
1012 4727 5255
4727 1012 5255
8336 4459 8933
4459 8336 8933
8933 4459 8336
3793 918 9536
918 3793 9536
9536 918 3793
4272 6222 6603
6222 4272 6603
6603 4272 6222
11413 6210 6615
6210 6615 11413
6615 6210 11413
1021 13829 14970
13829 1021 14970
14970 1021 13829
8901 4051 6054
4051 6054 8901
6054 4051 8901
11965 3692 11422
11422 3692 11965
3692 11422 11965
11716 2337 10861
10861 2337 11716
2337 10861 11716
11686 5653 9453
5653 9453 11686
9453 5653 11686
2788 7425 9121
9121 2788 7425
7425 2788 9121
10337 10970 14561
10970 10337 14561
14561 10337 10970
10966 3163 4463
3163 4463 10966
4463 3163 10966
7168 9863 13262
9863 7168 13262
13262 7168 9863
8197 2494 6840
6840 2494 8197
2494 6840 8197
3278 10515 12780
12780 3278 10515
10515 3278 12780
11468 5108 9192
9192 5108 11468
5108 9192 11468
8000 1451 12551
1451 8000 12551
12551 1451 8000
4988 5719 9277
5719 4988 9277
9277 4988 5719
14782 6166 14393
6166 14393 14782
14393 6166 14782
5473 8102 13124
13124 5473 8102
8102 5473 13124
580 5167 8492
8492 580 5167
5167 580 8492
5284 6848 11926
6848 5284 11926
11926 5284 6848
11420 13447 14165
13447 11420 14165
14165 11420 13447
4146 5829 10005
5829 4146 10005
10005 4146 5829
8479 9411 13894
13894 8479 9411
9411 8479 13894
10145 4601 11570
4601 10145 11570
11570 4601 10145
11905 1628 10180
1628 10180 11905
10180 1628 11905
12230 7890 12035
7890 12035 12230
12035 7890 12230
2061 3380 11107
11107 2061 3380
3380 2061 11107
1787 229 3761
229 1787 3761
3761 229 1787
8961 8189 10733
10733 8189 8961
8189 8961 10733
3407 2297 3810
3810 2297 3407
2297 3407 3810
2079 645 8015
645 2079 8015
8015 645 2079
4616 740 4420
4420 740 4616
740 4420 4616
3363 13323 14783
14783 3363 13323
13323 3363 14783
11381 2011 9346
2011 9346 11381
9346 2011 11381
6208 1156 13329
13329 1156 6208
1156 6208 13329
11717 11461 12504
12504 11461 11717
11461 11717 12504
13903 4681 12133
12133 4681 13903
4681 12133 13903
6275 818 4080
818 4080 6275
4080 818 6275
7965 2386 9739
2386 7965 9739
9739 2386 7965
4563 8313 8858
8313 4563 8858
8858 4563 8313
12705 9924 13539
13539 9924 12705
9924 12705 13539
14976 3661 4478
4478 3661 14976
3661 4478 14976
3071 3116 9871
9871 3071 3116
3116 3071 9871
2467 122 10636
122 2467 10636
10636 122 2467
6503 11421 13659
13659 6503 11421
11421 6503 13659
12379 1771 5328
5328 1771 12379
1771 5328 12379
11351 10469 14981
10469 11351 14981
14981 10469 11351
14530 4749 11246
11246 4749 14530
4749 11246 14530
8103 3223 3877
3223 3877 8103
3877 3223 8103
9415 2735 3667
3667 2735 9415
2735 3667 9415
8159 133 9677
133 8159 9677
9677 133 8159
51 3539 14911
3539 51 14911
14911 51 3539
2868 1261 11207
1261 2868 11207
11207 1261 2868
2335 1436 4903
1436 2335 4903
4903 1436 2335
3481 10068 14341
10068 3481 14341
14341 3481 10068
13115 1607 4602
1607 4602 13115
4602 1607 13115
9981 1307 2992
1307 2992 9981
2992 1307 9981
9119 6278 11913
6278 9119 11913
11913 6278 9119
14753 111 11735
111 11735 14753
11735 111 14753
8562 3099 11574
11574 3099 8562
3099 8562 11574
515 722 11352
722 515 11352
11352 515 722
3406 1339 13822
13822 1339 3406
1339 3406 13822
11668 5870 6959
6959 5870 11668
5870 6959 11668
13049 7248 8936
7248 8936 13049
8936 7248 13049
14709 2829 11321
2829 11321 14709
11321 2829 14709
3314 1433 9565
1433 3314 9565
9565 1433 3314
6362 9561 13588
9561 6362 13588
13588 6362 9561
12373 2856 9685
9685 2856 12373
2856 9685 12373
10330 8366 14080
14080 8366 10330
8366 10330 14080
1732 7300 11227
7300 1732 11227
11227 1732 7300
10518 4980 7452
7452 4980 10518
4980 7452 10518
10213 5019 10298
5019 10213 10298
10298 5019 10213
8164 8217 13925
13925 8164 8217
8217 8164 13925
975 8569 10156
10156 975 8569
8569 975 10156
10842 4798 9835
9835 4798 10842
4798 9835 10842
7936 10359 13589
10359 7936 13589
13589 7936 10359
2457 11155 14173
14173 2457 11155
11155 2457 14173
1013 13480 13722
13480 1013 13722
13722 1013 13480
9654 3288 4559
4559 3288 9654
3288 4559 9654
9247 4314 11794
11794 4314 9247
4314 9247 11794
4173 6722 7877
7877 4173 6722
6722 4173 7877
4045 14148 14940
14148 4045 14940
14940 4045 14148
6893 2999 9876
2999 6893 9876
9876 2999 6893
3477 5140 14851
14851 3477 5140
5140 3477 14851
2826 11376 14861
11376 2826 14861
14861 2826 11376
9242 7208 11075
7208 9242 11075
11075 7208 9242
7891 3975 11444
11444 3975 7891
3975 7891 11444
6423 3242 5067
3242 5067 6423
5067 3242 6423
13599 13155 14832
14832 13155 13599
13155 13599 14832
5679 2841 7317
7317 2841 5679
2841 5679 7317
5477 12057 12976
12057 5477 12976
12976 5477 12057
2586 2229 4734
2229 2586 4734
4734 2229 2586
14212 1296 11334
11334 1296 14212
1296 11334 14212
2842 2285 3709
3709 2285 2842
2285 2842 3709
14015 10558 11901
11901 10558 14015
10558 11901 14015
1092 11035 13096
11035 1092 13096
13096 1092 11035
14198 1645 14038
1645 14038 14198
14038 1645 14198
8748 2918 5150
2918 5150 8748
5150 2918 8748
9116 5323 6982
5323 6982 9116
6982 5323 9116
12804 5609 12394
12394 5609 12804
5609 12394 12804
1139 7104 9227
9227 1139 7104
7104 1139 9227
868 4307 4593
4307 868 4593
4593 868 4307
11992 7994 14141
14141 7994 11992
7994 11992 14141
10105 5764 8199
5764 8199 10105
8199 5764 10105
11150 1953 4829
1953 4829 11150
4829 1953 11150
1018 7838 11880
7838 1018 11880
11880 1018 7838
13955 7238 11382
7238 11382 13955
11382 7238 13955
156 1186 10386
1186 156 10386
10386 156 1186
14876 4250 5626
5626 4250 14876
4250 5626 14876
13401 358 2097
358 2097 13401
2097 358 13401
13641 7604 13033
13033 7604 13641
7604 13033 13641
2301 7224 8042
7224 2301 8042
8042 2301 7224
4883 4468 6175
4468 4883 6175
6175 4468 4883
3048 4791 14719
14719 3048 4791
4791 3048 14719
10565 10049 10894
10049 10565 10894
10894 10049 10565
6622 6899 8232
6899 6622 8232
8232 6622 6899
5860 7802 9698
9698 5860 7802
7802 5860 9698
5598 7665 11123
11123 5598 7665
7665 5598 11123
3529 9919 10539
10539 3529 9919
9919 3529 10539
9629 6096 10556
10556 6096 9629
6096 9629 10556
5169 1256 8607
8607 1256 5169
1256 5169 8607
6100 3588 10046
10046 3588 6100
3588 6100 10046
11411 1867 14067
1867 11411 14067
14067 1867 11411
4095 836 11551
11551 836 4095
836 4095 11551
12786 7130 8837
7130 8837 12786
8837 7130 12786
6800 1033 10380
1033 6800 10380
10380 1033 6800
13540 2824 3250
2824 3250 13540
3250 2824 13540
6863 11959 13833
13833 6863 11959
11959 6863 13833
9964 5096 5379
5379 5096 9964
5096 5379 9964
9078 7759 11791
11791 7759 9078
7759 9078 11791
9313 7187 9804
9804 7187 9313
7187 9313 9804
236 6498 7024
6498 236 7024
7024 236 6498
14359 442 4101
4101 442 14359
442 4101 14359
93 6736 8629
8629 93 6736
6736 93 8629
13493 7910 8644
8644 7910 13493
7910 8644 13493
1369 4062 14182
4062 1369 14182
14182 1369 4062
2024 1648 2346
1648 2024 2346
2346 1648 2024
3011 5128 7445
5128 3011 7445
7445 3011 5128
11967 12233 12305
12233 11967 12305
12305 11967 12233
6270 7486 11453
7486 6270 11453
11453 6270 7486
13682 5799 8193
5799 8193 13682
8193 5799 13682
4210 2591 10564
2591 4210 10564
10564 2591 4210
5615 887 8041
887 5615 8041
8041 887 5615
4345 8519 12242
12242 4345 8519
8519 4345 12242
10382 4626 11673
11673 4626 10382
4626 10382 11673
9923 5717 9380
5717 9380 9923
9380 5717 9923
5787 7115 10744
7115 5787 10744
10744 5787 7115
5151 8034 9858
8034 5151 9858
9858 5151 8034
13066 5299 6185
5299 6185 13066
6185 5299 13066
6387 8986 13399
13399 6387 8986
8986 6387 13399
2203 4928 11960
4928 2203 11960
11960 2203 4928
6739 5 4803
5 4803 6739
4803 5 6739
13085 2597 10715
2597 10715 13085
10715 2597 13085
7768 2304 8372
2304 7768 8372
8372 2304 7768
6076 1454 11414
1454 6076 11414
11414 1454 6076
5270 11408 14857
14857 5270 11408
11408 5270 14857
335 2910 9171
9171 335 2910
2910 335 9171
3722 12997 14122
14122 3722 12997
12997 3722 14122
1081 4023 11480
11480 1081 4023
4023 1081 11480
10598 98 11062
98 10598 11062
11062 98 10598
3174 8316 9874
8316 3174 9874
9874 3174 8316
7451 1906 4242
4242 1906 7451
1906 4242 7451
10140 2600 7534
7534 2600 10140
2600 7534 10140
8286 4007 11390
4007 8286 11390
11390 4007 8286
10773 3304 11286
11286 3304 10773
3304 10773 11286
4598 164 14980
14980 164 4598
164 4598 14980
5114 4612 13516
4612 5114 13516
13516 4612 5114
12132 6300 10717
10717 6300 12132
6300 10717 12132
14039 6678 7644
6678 7644 14039
7644 6678 14039
3126 6419 14227
14227 3126 6419
6419 3126 14227
11433 5232 10480
5232 10480 11433
10480 5232 11433
4342 8898 12471
12471 4342 8898
8898 4342 12471
2632 8184 8560
8184 2632 8560
8560 2632 8184
7088 6961 8101
6961 7088 8101
8101 6961 7088
14683 12761 14758
14758 12761 14683
12761 14683 14758
1621 4437 12681
4437 1621 12681
12681 1621 4437
6139 3086 8099
8099 3086 6139
3086 6139 8099
14581 2620 7040
2620 7040 14581
7040 2620 14581
12333 7370 7721
7721 7370 12333
7370 7721 12333
13035 858 13071
858 13035 13071
13071 858 13035
1346 7342 10417
10417 1346 7342
7342 1346 10417
5162 2187 5751
2187 5162 5751
5751 2187 5162
13280 1415 7607
7607 1415 13280
1415 7607 13280
4958 249 4718
4718 249 4958
249 4718 4958
12910 1783 10826
10826 1783 12910
1783 10826 12910
1469 10889 13467
10889 1469 13467
13467 1469 10889
8449 9456 14290
9456 8449 14290
14290 8449 9456
3514 1528 11209
11209 1528 3514
1528 3514 11209
14266 4682 12856
12856 4682 14266
4682 12856 14266
4464 1715 2142
1715 2142 4464
2142 1715 4464
1843 2378 3906
2378 1843 3906
3906 1843 2378
12850 2265 8365
8365 2265 12850
2265 8365 12850
3510 5511 9364
5511 3510 9364
9364 3510 5511
2478 1343 9965
9965 1343 2478
1343 2478 9965
1635 3151 7698
7698 1635 3151
3151 1635 7698
5617 5544 8202
8202 5544 5617
5544 5617 8202
9382 557 12701
12701 557 9382
557 9382 12701
9217 3320 11674
11674 3320 9217
3320 9217 11674
235 6466 10546
10546 235 6466
6466 235 10546
3473 4110 11085
4110 3473 11085
11085 3473 4110
14906 1667 3997
3997 1667 14906
1667 3997 14906
14746 2902 13136
13136 2902 14746
2902 13136 14746
13608 121 3466
121 3466 13608
3466 121 13608
14627 2895 11014
11014 2895 14627
2895 11014 14627
300 5918 13549
13549 300 5918
5918 300 13549
13308 7901 12846
12846 7901 13308
7901 12846 13308
13915 9034 13820
13820 9034 13915
9034 13820 13915
3013 2571 14019
2571 3013 14019
14019 2571 3013
725 9309 9340
9340 725 9309
9309 725 9340
12067 1717 7298
7298 1717 12067
1717 7298 12067
6728 7160 13037
13037 6728 7160
7160 6728 13037
1898 5488 14302
14302 1898 5488
5488 1898 14302
5058 5292 14852
14852 5058 5292
5292 5058 14852
9183 1465 5353
1465 5353 9183
5353 1465 9183
14295 8424 10777
10777 8424 14295
8424 10777 14295
9819 6737 7081
6737 7081 9819
7081 6737 9819
3765 3512 11110
3512 3765 11110
11110 3512 3765
8439 4694 9460
4694 8439 9460
9460 4694 8439
10829 7987 9805
9805 7987 10829
7987 9805 10829
7677 6417 11541
6417 7677 11541
11541 6417 7677
1357 2198 5009
5009 1357 2198
2198 1357 5009
4400 644 10112
10112 644 4400
644 4400 10112
340 6701 11556
6701 340 11556
11556 340 6701
12939 4323 12380
12380 4323 12939
4323 12380 12939
2765 480 8985
480 2765 8985
8985 480 2765
2938 243 7579
7579 243 2938
243 2938 7579
12618 7824 13860
7824 12618 13860
13860 7824 12618
2381 6876 10362
10362 2381 6876
6876 2381 10362
4627 6366 6679
6366 4627 6679
6679 4627 6366
11540 2945 6345
6345 2945 11540
2945 6345 11540
2282 1620 7480
1620 2282 7480
7480 1620 2282
12866 5958 13945
5958 12866 13945
13945 5958 12866
5300 9267 9642
9267 5300 9642
9642 5300 9267
1712 4129 10587
4129 1712 10587
10587 1712 4129
10355 9448 11475
9448 10355 11475
11475 9448 10355
1830 12082 13242
12082 1830 13242
13242 1830 12082
5213 1767 2698
2698 1767 5213
1767 2698 5213
2028 8418 10799
8418 2028 10799
10799 2028 8418
113 6595 11275
11275 113 6595
6595 113 11275
13213 7095 14747
14747 7095 13213
7095 13213 14747
1416 2661 6342
2661 1416 6342
6342 1416 2661
13987 5080 14586
14586 5080 13987
5080 13987 14586
7551 10496 11303
11303 7551 10496
10496 7551 11303
14214 1811 2927
1811 2927 14214
2927 1811 14214
8816 4258 14509
4258 8816 14509
14509 4258 8816
1930 1129 2178
2178 1129 1930
1129 1930 2178
11593 6755 13014
13014 6755 11593
6755 11593 13014
6825 3377 8705
8705 3377 6825
3377 6825 8705
12894 24 3519
3519 24 12894
24 3519 12894
9429 8711 9736
8711 9429 9736
9736 8711 9429
1845 4639 9867
4639 1845 9867
9867 1845 4639
7218 5303 12275
5303 7218 12275
12275 5303 7218
3165 5788 7240
5788 3165 7240
7240 3165 5788
4107 5248 11022
5248 4107 11022
11022 4107 5248
3457 8302 10833
8302 3457 10833
10833 3457 8302
8908 681 10211
10211 681 8908
681 8908 10211
11492 6034 13368
13368 6034 11492
6034 11492 13368
3834 6053 8836
6053 3834 8836
8836 3834 6053
5141 4329 13527
13527 4329 5141
4329 5141 13527
608 3328 5798
3328 608 5798
5798 608 3328
14613 1692 11169
11169 1692 14613
1692 11169 14613
14246 3286 9018
3286 9018 14246
9018 3286 14246
4576 1762 11612
11612 1762 4576
1762 4576 11612
3622 13513 13642
13642 3622 13513
13513 3622 13642
9262 9925 14663
14663 9262 9925
9925 9262 14663
4707 8834 10344
8834 4707 10344
10344 4707 8834
4809 3130 9706
3130 4809 9706
9706 3130 4809
1839 4533 11760
4533 1839 11760
11760 1839 4533
8001 4622 7512
4622 7512 8001
7512 4622 8001
14245 7887 14919
14919 7887 14245
7887 14245 14919
9012 9305 14794
9305 9012 14794
14794 9012 9305
1740 1059 9910
9910 1059 1740
1059 1740 9910
2277 4073 13371
13371 2277 4073
4073 2277 13371
3374 6165 10129
6165 3374 10129
10129 3374 6165
10841 9723 13224
9723 10841 13224
13224 9723 10841
2209 7526 11448
7526 2209 11448
11448 2209 7526
3575 8630 9148
8630 3575 9148
9148 3575 8630
4606 1404 8955
8955 1404 4606
1404 4606 8955
2404 1229 13343
13343 1229 2404
1229 2404 13343
11806 5358 9765
9765 5358 11806
5358 9765 11806
4924 3721 8108
8108 3721 4924
3721 4924 8108
2874 3887 8812
3887 2874 8812
8812 2874 3887
14489 6303 8732
6303 8732 14489
8732 6303 14489
4921 3427 9751
3427 4921 9751
9751 3427 4921
9996 1594 13273
1594 9996 13273
13273 1594 9996
14426 7970 10619
10619 7970 14426
7970 10619 14426
8742 3648 8210
8210 3648 8742
3648 8210 8742
2607 4230 10319
4230 2607 10319
10319 2607 4230
10695 7291 8970
7291 8970 10695
8970 7291 10695
4893 317 1273
317 1273 4893
1273 317 4893
2238 1824 7850
1824 2238 7850
7850 1824 2238
8374 4894 6080
6080 4894 8374
4894 6080 8374
6512 1670 13745
1670 6512 13745
13745 1670 6512
3217 596 8264
596 3217 8264
8264 596 3217
4629 6141 8084
8084 4629 6141
6141 4629 8084
5556 1610 2740
2740 1610 5556
1610 2740 5556
10020 1313 2056
1313 2056 10020
2056 1313 10020
6264 2148 4215
2148 4215 6264
4215 2148 6264
9368 7685 10677
7685 9368 10677
10677 7685 9368
2121 6064 6152
6152 2121 6064
6064 2121 6152
6573 8338 9161
8338 6573 9161
9161 6573 8338
11711 332 5007
332 5007 11711
5007 332 11711
8170 8040 8857
8040 8170 8857
8857 8040 8170
5431 9065 10404
9065 5431 10404
10404 5431 9065
11309 7085 7919
7919 7085 11309
7085 7919 11309
11214 331 1514
1514 331 11214
331 1514 11214
4619 4137 12192
12192 4137 4619
4137 4619 12192
1891 5467 13128
5467 1891 13128
13128 1891 5467
7377 4637 8795
8795 4637 7377
4637 7377 8795
2053 2423 12479
2423 2053 12479
12479 2053 2423
8299 10516 14872
14872 8299 10516
10516 8299 14872
8558 6113 7236
7236 6113 8558
6113 7236 8558
2771 4978 10978
10978 2771 4978
4978 2771 10978
6610 7175 9015
7175 6610 9015
9015 6610 7175
6934 10457 13098
10457 6934 13098
13098 6934 10457
8896 115 14844
14844 115 8896
115 8896 14844
4712 10802 14281
10802 4712 14281
14281 4712 10802
8579 4033 5995
5995 4033 8579
4033 5995 8579
12434 8940 12034
12034 8940 12434
8940 12034 12434
7844 9396 13360
13360 7844 9396
9396 7844 13360
14609 6558 11174
6558 11174 14609
11174 6558 14609
9665 1030 4752
4752 1030 9665
1030 4752 9665
1855 12072 13965
13965 1855 12072
12072 1855 13965
14407 7713 10813
7713 10813 14407
10813 7713 14407
5408 10008 12144
10008 5408 12144
12144 5408 10008
6014 2996 4729
2996 4729 6014
4729 2996 6014
359 1376 8062
1376 359 8062
8062 359 1376
4776 445 14439
14439 445 4776
445 4776 14439
13548 11706 14073
14073 11706 13548
11706 13548 14073
8850 2226 13916
13916 2226 8850
2226 8850 13916
9717 4010 14062
4010 9717 14062
14062 4010 9717
3408 2241 8127
8127 2241 3408
2241 3408 8127
4147 10460 14624
14624 4147 10460
10460 4147 14624
1986 856 13282
856 1986 13282
13282 856 1986
9430 4881 10186
10186 4881 9430
4881 9430 10186
6664 3037 12206
12206 3037 6664
3037 6664 12206
9624 2083 12439
2083 9624 12439
12439 2083 9624
5759 2745 4524
2745 4524 5759
4524 2745 5759
3672 3747 12097
12097 3672 3747
3747 3672 12097
12912 2538 10859
2538 10859 12912
10859 2538 12912
4454 4075 9031
4075 4454 9031
9031 4075 4454
2950 701 5143
701 2950 5143
5143 701 2950
1765 2537 10132
2537 1765 10132
10132 1765 2537
95 9104 11180
9104 95 11180
11180 95 9104
13342 3744 12111
12111 3744 13342
3744 12111 13342
9672 8646 11078
11078 8646 9672
8646 9672 11078
7906 1522 13001
1522 7906 13001
13001 1522 7906
10854 8487 11504
8487 10854 11504
11504 8487 10854
2719 9167 12837
9167 2719 12837
12837 2719 9167
2193 2023 7524
7524 2023 2193
2023 2193 7524
11284 8966 14031
14031 8966 11284
8966 11284 14031
10419 8150 12622
12622 8150 10419
8150 10419 12622
1074 3196 7111
3196 1074 7111
7111 1074 3196
2736 13830 14511
14511 2736 13830
13830 2736 14511
6307 5978 11973
5978 6307 11973
11973 5978 6307
12694 1545 12383
12383 1545 12694
1545 12383 12694
7144 3260 5273
5273 3260 7144
3260 5273 7144
8761 9094 10181
9094 8761 10181
10181 8761 9094
4319 8158 8935
8935 4319 8158
8158 4319 8935
8946 1226 9314
1226 8946 9314
9314 1226 8946
5455 3603 12146
12146 3603 5455
3603 5455 12146
4353 7920 12652
7920 4353 12652
12652 4353 7920
13725 6855 8573
6855 8573 13725
8573 6855 13725
142 3849 14602
3849 142 14602
14602 142 3849
9402 482 5427
5427 482 9402
482 5427 9402
13663 453 2514
2514 453 13663
453 2514 13663
11503 3169 3181
3169 3181 11503
3181 3169 11503
5363 5697 8353
8353 5363 5697
5697 5363 8353
8548 259 10849
10849 259 8548
259 8548 10849
3263 8602 13345
13345 3263 8602
8602 3263 13345
14442 2327 6797
6797 2327 14442
2327 6797 14442
10580 8846 12815
8846 10580 12815
12815 8846 10580
5390 4305 4765
4305 4765 5390
4765 4305 5390
11111 3558 6130
6130 3558 11111
3558 6130 11111
8947 4264 12062
4264 8947 12062
12062 4264 8947
12355 12360 14496
14496 12355 12360
12360 12355 14496
7156 3891 9418
3891 7156 9418
9418 3891 7156
12954 6822 10088
6822 10088 12954
10088 6822 12954
1432 1616 4615
4615 1432 1616
1616 1432 4615
10155 6753 12407
6753 10155 12407
12407 6753 10155
602 6022 10658
10658 602 6022
6022 602 10658
1217 1065 10711
1065 1217 10711
10711 1065 1217
2463 5661 7369
5661 2463 7369
7369 2463 5661
695 1827 10734
10734 695 1827
1827 695 10734
3736 7059 12957
12957 3736 7059
7059 3736 12957
3986 5355 9317
9317 3986 5355
5355 3986 9317
13978 1311 14172
1311 13978 14172
14172 1311 13978
4785 13785 14284
14284 4785 13785
13785 4785 14284
14967 3 4136
3 4136 14967
4136 3 14967
13898 3282 12827
3282 12827 13898
12827 3282 13898
4361 3952 7658
3952 4361 7658
7658 3952 4361
9471 5099 10098
5099 9471 10098
10098 5099 9471
3050 9225 12500
9225 3050 12500
12500 3050 9225
1651 2670 6443
2670 1651 6443
6443 1651 2670
13949 5514 10316
10316 5514 13949
5514 10316 13949
9088 4011 4031
4031 4011 9088
4011 4031 9088
11977 4228 10484
10484 4228 11977
4228 10484 11977
3144 2506 8385
2506 3144 8385
8385 2506 3144
7971 4655 7019
7019 4655 7971
4655 7019 7971
4832 6242 14628
14628 4832 6242
6242 4832 14628
11405 1758 11920
1758 11405 11920
11920 1758 11405
4385 8643 9708
9708 4385 8643
8643 4385 9708
7009 8215 11256
8215 7009 11256
11256 7009 8215
1351 8482 14994
8482 1351 14994
14994 1351 8482
10574 9281 13278
9281 10574 13278
13278 9281 10574
867 3105 14091
3105 867 14091
14091 867 3105
13084 7012 10407
10407 7012 13084
7012 10407 13084
6923 226 6692
6692 226 6923
226 6692 6923
14867 6706 11332
11332 6706 14867
6706 11332 14867
14532 2435 7463
7463 2435 14532
2435 7463 14532
13208 2558 7778
2558 7778 13208
7778 2558 13208
1487 2171 9278
9278 1487 2171
2171 1487 9278
2970 6900 9173
9173 2970 6900
6900 2970 9173
14319 7014 7959
7959 7014 14319
7014 7959 14319
9295 933 4081
933 4081 9295
4081 933 9295
6010 9538 13996
9538 6010 13996
13996 6010 9538
4312 4479 12043
4479 4312 12043
12043 4312 4479
6915 1327 3875
3875 1327 6915
1327 3875 6915
10231 135 1046
1046 135 10231
135 1046 10231
6352 4424 14480
14480 4424 6352
4424 6352 14480
14953 351 10879
351 10879 14953
10879 351 14953
6035 5600 14502
5600 6035 14502
14502 5600 6035
210 560 4721
560 210 4721
4721 210 560
12293 8182 10003
10003 8182 12293
8182 10003 12293
981 297 13743
297 981 13743
13743 297 981
286 362 3219
3219 286 362
362 286 3219
2244 5841 14329
14329 2244 5841
5841 2244 14329
14566 4857 14946
4857 14566 14946
14946 4857 14566
3029 2933 8637
2933 3029 8637
8637 2933 3029
607 7682 8889
7682 607 8889
8889 607 7682
6393 2700 11912
2700 6393 11912
11912 2700 6393
11038 2840 13780
13780 2840 11038
2840 11038 13780
9522 19 7171
19 7171 9522
7171 19 9522
13855 273 5220
273 5220 13855
5220 273 13855
9145 13424 13708
13708 9145 13424
13424 9145 13708
2707 2041 9920
9920 2041 2707
2041 2707 9920
14023 6819 14289
6819 14023 14289
14289 6819 14023
5619 9810 12728
9810 5619 12728
12728 5619 9810
6851 11 8399
11 6851 8399
8399 11 6851
13727 3442 10512
3442 10512 13727
10512 3442 13727
9125 9937 12363
12363 9125 9937
9937 9125 12363
1821 3459 5774
3459 1821 5774
5774 1821 3459
12519 11187 14387
14387 11187 12519
11187 12519 14387
4041 2659 3864
2659 3864 4041
3864 2659 4041
13669 10303 14548
14548 10303 13669
10303 13669 14548
3079 8570 12385
8570 3079 12385
12385 3079 8570
8240 828 6585
6585 828 8240
828 6585 8240
6110 10718 14337
10718 6110 14337
14337 6110 10718
3815 9284 11555
9284 3815 11555
11555 3815 9284
862 8755 10806
10806 862 8755
8755 862 10806
11773 5534 5773
5534 5773 11773
5773 5534 11773
10275 2077 12338
2077 10275 12338
12338 2077 10275
11225 3909 4082
3909 4082 11225
4082 3909 11225
14527 949 12676
12676 949 14527
949 12676 14527
1994 3840 8355
8355 1994 3840
3840 1994 8355
7020 2341 11237
2341 7020 11237
11237 2341 7020
7466 10195 11952
11952 7466 10195
10195 7466 11952
6205 7930 11243
7930 6205 11243
11243 6205 7930
2563 7154 12763
12763 2563 7154
7154 2563 12763
14333 6368 10199
10199 6368 14333
6368 10199 14333
12064 3893 9870
3893 9870 12064
9870 3893 12064
12495 7392 11370
7392 11370 12495
11370 7392 12495
13313 8553 11775
11775 8553 13313
8553 11775 13313
6901 6007 14728
6007 6901 14728
14728 6007 6901
11980 2007 13192
2007 11980 13192
13192 2007 11980
12931 5730 8045
8045 5730 12931
5730 8045 12931
4961 12286 14070
14070 4961 12286
12286 4961 14070
8321 12039 13718
13718 8321 12039
12039 8321 13718
3686 7067 7393
7393 3686 7067
7067 3686 7393
8436 978 5950
978 5950 8436
5950 978 8436
13710 7364 14835
7364 13710 14835
14835 7364 13710
