7770 1452 8538
1452 7770 8538
8538 1452 7770
10574 997 14221
997 10574 14221
14221 997 10574
12351 3850 13034
13034 3850 12351
3850 12351 13034
11985 5898 12901
12901 5898 11985
5898 11985 12901
1872 853 9371
9371 853 1872
853 1872 9371
4095 4802 10095
4802 4095 10095
10095 4095 4802
2643 12060 13819
12060 2643 13819
13819 2643 12060
14750 2382 3446
2382 3446 14750
3446 2382 14750
3845 943 12633
943 3845 12633
12633 943 3845
7243 657 7165
7165 657 7243
657 7165 7243
7201 2576 4676
2576 4676 7201
4676 2576 7201
7725 2062 12329
12329 2062 7725
2062 7725 12329
9127 1292 7125
7125 1292 9127
1292 7125 9127
14805 9641 13331
9641 13331 14805
13331 9641 14805
6278 6617 11107
11107 6278 6617
6617 6278 11107
5127 647 9720
9720 647 5127
647 5127 9720
6257 8347 12923
12923 6257 8347
8347 6257 12923
7992 6436 7120
6436 7120 7992
7120 6436 7992
13063 941 12565
941 12565 13063
12565 941 13063
7844 2676 3568
2676 3568 7844
3568 2676 7844
913 1468 6159
1468 913 6159
6159 913 1468
12792 4018 7464
7464 4018 12792
4018 7464 12792
9799 4742 9531
9531 4742 9799
4742 9531 9799
1598 12661 14319
14319 1598 12661
12661 1598 14319
1283 1144 5490
5490 1144 1283
1144 1283 5490
9187 7988 9609
7988 9187 9609
9609 7988 9187
1113 2851 8425
2851 1113 8425
8425 1113 2851
4174 7796 10639
10639 4174 7796
7796 4174 10639
5692 703 6642
6642 703 5692
703 5692 6642
12243 5967 12514
12514 5967 12243
5967 12243 12514
6886 3492 4034
3492 4034 6886
4034 3492 6886
8308 1273 2267
1273 2267 8308
2267 1273 8308
10883 8228 13744
8228 10883 13744
13744 8228 10883
9062 7050 12723
12723 7050 9062
7050 9062 12723
13377 6828 14532
6828 13377 14532
14532 6828 13377
9973 5493 6220
5493 6220 9973
6220 5493 9973
14760 4854 6239
6239 4854 14760
4854 6239 14760
4966 4619 8027
8027 4619 4966
4619 4966 8027
5981 9218 12030
12030 5981 9218
9218 5981 12030
6236 3985 6912
3985 6236 6912
6912 3985 6236
9546 2915 13997
13997 2915 9546
2915 9546 13997
1679 4066 14696
14696 1679 4066
4066 1679 14696
13504 6319 10831
6319 10831 13504
10831 6319 13504
827 3112 7704
3112 827 7704
7704 827 3112
1840 8339 10964
8339 1840 10964
10964 1840 8339
2637 7609 12408
12408 2637 7609
7609 2637 12408
5956 5831 6053
6053 5831 5956
5831 5956 6053
5737 4209 14765
14765 4209 5737
4209 5737 14765
2263 7705 12646
12646 2263 7705
7705 2263 12646
8984 2097 6697
2097 6697 8984
6697 2097 8984
8514 3318 5585
3318 5585 8514
5585 3318 8514
8639 6101 12566
12566 6101 8639
6101 8639 12566
3951 4528 12231
12231 3951 4528
4528 3951 12231
11469 14501 14919
14919 11469 14501
14501 11469 14919
11586 1606 5018
1606 5018 11586
5018 1606 11586
7174 5441 5907
5441 5907 7174
5907 5441 7174
27 5648 12193
5648 27 12193
12193 27 5648
12894 8505 9382
9382 8505 12894
8505 9382 12894
4042 12873 14681
14681 4042 12873
12873 4042 14681
1664 10331 12421
10331 1664 12421
12421 1664 10331
12298 7599 7749
7749 7599 12298
7599 7749 12298
4471 8669 14758
14758 4471 8669
8669 4471 14758
34 2885 11634
11634 34 2885
2885 34 11634
10539 7720 8271
8271 7720 10539
7720 8271 10539
5704 14060 14747
14747 5704 14060
14060 5704 14747
5548 9901 12246
12246 5548 9901
9901 5548 12246
6013 2363 14139
14139 2363 6013
2363 6013 14139
11507 6203 14893
14893 6203 11507
6203 11507 14893
8408 8517 11984
8517 8408 11984
11984 8408 8517
10009 7552 12144
7552 10009 12144
12144 7552 10009
14849 1686 13061
1686 13061 14849
13061 1686 14849
3488 464 14477
14477 464 3488
464 3488 14477
5188 602 5599
602 5188 5599
5599 602 5188
10903 6551 10512
6551 10512 10903
10512 6551 10903
3044 1900 11065
1900 3044 11065
11065 1900 3044
9886 5646 13944
13944 5646 9886
5646 9886 13944
7095 5409 14678
5409 7095 14678
14678 5409 7095
7004 4678 14328
4678 7004 14328
14328 4678 7004
12982 1358 9272
9272 1358 12982
1358 9272 12982
3004 1976 4294
1976 3004 4294
4294 1976 3004
3726 5561 6741
6741 3726 5561
5561 3726 6741
529 8248 10813
10813 529 8248
8248 529 10813
2970 9037 14171
14171 2970 9037
9037 2970 14171
9346 1332 12931
12931 1332 9346
1332 9346 12931
8010 2321 13556
2321 8010 13556
13556 2321 8010
793 368 5810
368 793 5810
5810 368 793
11319 2532 12728
2532 11319 12728
12728 2532 11319
2226 4281 7373
4281 2226 7373
7373 2226 4281
10046 9139 10976
9139 10046 10976
10976 9139 10046
11547 1899 9536
9536 1899 11547
1899 9536 11547
9397 433 1764
1764 433 9397
433 1764 9397
4523 787 14187
14187 787 4523
787 4523 14187
2440 148 1995
1995 148 2440
148 1995 2440
5057 5107 8539
8539 5057 5107
5107 5057 8539
7139 13129 13591
13129 7139 13591
13591 7139 13129
5355 1775 6660
6660 1775 5355
1775 5355 6660
3642 362 7022
7022 362 3642
362 3642 7022
12335 4881 5163
5163 4881 12335
4881 5163 12335
2847 821 4038
821 2847 4038
4038 821 2847
10817 2426 8487
8487 2426 10817
2426 8487 10817
9031 2005 10457
2005 9031 10457
10457 2005 9031
604 5729 14222
5729 604 14222
14222 604 5729
7219 826 956
956 826 7219
826 956 7219
13297 3534 8604
8604 3534 13297
3534 8604 13297
13177 1739 11411
1739 11411 13177
11411 1739 13177
14498 10679 10972
10972 10679 14498
10679 10972 14498
6226 931 11096
11096 931 6226
931 6226 11096
12226 5058 13074
5058 12226 13074
13074 5058 12226
3131 10862 13702
10862 3131 13702
13702 3131 10862
4428 4039 12455
12455 4039 4428
4039 4428 12455
2591 1359 4089
1359 2591 4089
4089 1359 2591
3164 8269 10181
10181 3164 8269
8269 3164 10181
14028 4851 10446
4851 10446 14028
10446 4851 14028
8090 3311 7426
7426 3311 8090
3311 7426 8090
14125 2291 8924
8924 2291 14125
2291 8924 14125
12347 5026 10693
10693 5026 12347
5026 10693 12347
13519 9588 10145
9588 10145 13519
10145 9588 13519
11375 1968 3803
3803 1968 11375
1968 3803 11375
9233 4564 10640
4564 9233 10640
10640 4564 9233
6070 989 8889
8889 989 6070
989 6070 8889
830 4806 14351
14351 830 4806
4806 830 14351
6402 984 4013
4013 984 6402
984 4013 6402
7096 3969 14578
14578 3969 7096
3969 7096 14578
9786 4572 10713
4572 9786 10713
10713 4572 9786
658 5099 11054
11054 658 5099
5099 658 11054
10603 3259 7167
7167 3259 10603
3259 7167 10603
10061 6173 11582
6173 10061 11582
11582 6173 10061
8156 467 9464
9464 467 8156
467 8156 9464
7671 7152 8598
8598 7152 7671
7152 7671 8598
14680 3310 14822
3310 14680 14822
14822 3310 14680
8569 8196 12692
12692 8196 8569
8196 8569 12692
9635 1672 13745
13745 1672 9635
1672 9635 13745
2068 8246 8722
8246 2068 8722
8722 2068 8246
9922 3208 5129
5129 3208 9922
3208 5129 9922
13011 5338 9391
9391 5338 13011
5338 9391 13011
292 66 10551
10551 66 292
66 292 10551
9645 11945 14664
11945 9645 14664
14664 9645 11945
8194 175 1751
1751 175 8194
175 1751 8194
7181 4891 8929
8929 4891 7181
4891 7181 8929
1114 407 8310
8310 407 1114
407 1114 8310
7369 4973 6725
4973 6725 7369
6725 4973 7369
1417 8266 9149
8266 1417 9149
9149 1417 8266
14996 5669 14231
14231 5669 14996
5669 14231 14996
1540 6481 8692
8692 1540 6481
6481 1540 8692
1934 522 3926
3926 522 1934
522 1934 3926
4 137 9160
9160 4 137
137 4 9160
6661 1161 1681
1161 1681 6661
1681 1161 6661
13728 2164 7372
7372 2164 13728
2164 7372 13728
2687 934 9435
934 2687 9435
9435 934 2687
10900 2633 7503
2633 7503 10900
7503 2633 10900
5955 489 6688
6688 489 5955
489 5955 6688
951 8082 11071
8082 951 11071
11071 951 8082
1750 9674 14358
9674 1750 14358
14358 1750 9674
13049 4848 9603
4848 9603 13049
9603 4848 13049
11275 5072 5845
5845 5072 11275
5072 5845 11275
14675 6334 14049
6334 14049 14675
14049 6334 14675
5029 3598 6567
3598 5029 6567
6567 3598 5029
1067 3535 11434
3535 1067 11434
11434 1067 3535
7270 4051 10029
10029 4051 7270
4051 7270 10029
7668 9566 11757
9566 7668 11757
11757 7668 9566
11823 2539 12928
12928 2539 11823
2539 11823 12928
8259 1685 3743
3743 1685 8259
1685 3743 8259
10165 10427 14814
14814 10165 10427
10427 10165 14814
5553 11963 13043
13043 5553 11963
11963 5553 13043
2952 571 1972
1972 571 2952
571 1972 2952
1547 2377 6591
6591 1547 2377
2377 1547 6591
11971 7578 10365
7578 10365 11971
10365 7578 11971
9970 2452 14776
2452 9970 14776
14776 2452 9970
8114 6501 8648
8648 6501 8114
6501 8114 8648
14077 11108 13909
13909 11108 14077
11108 13909 14077
1028 373 9439
9439 373 1028
373 1028 9439
13975 1889 2393
1889 2393 13975
2393 1889 13975
11525 9698 12569
12569 9698 11525
9698 11525 12569
8137 2170 11683
2170 8137 11683
11683 2170 8137
5745 3903 14094
14094 3903 5745
3903 5745 14094
8691 6756 10933
10933 6756 8691
6756 8691 10933
6632 3117 10311
10311 3117 6632
3117 6632 10311
82 242 14506
242 82 14506
14506 82 242
1917 2183 13559
2183 1917 13559
13559 1917 2183
4667 10057 13042
13042 4667 10057
10057 4667 13042
13150 4465 9956
4465 9956 13150
9956 4465 13150
2882 1556 12269
12269 1556 2882
1556 2882 12269
6048 5911 8054
5911 6048 8054
8054 5911 6048
4414 1002 13182
1002 4414 13182
13182 1002 4414
3805 3157 13385
13385 3157 3805
3157 3805 13385
357 7793 10289
10289 357 7793
7793 357 10289
13222 2768 6094
2768 6094 13222
6094 2768 13222
9533 8611 14101
8611 9533 14101
14101 8611 9533
10685 3240 8072
3240 8072 10685
8072 3240 10685
8101 819 13158
819 8101 13158
13158 819 8101
14066 2538 5651
5651 2538 14066
2538 5651 14066
7214 12088 13618
13618 7214 12088
12088 7214 13618
12492 12472 14638
12472 12492 14638
14638 12472 12492
11289 10130 13923
10130 11289 13923
13923 10130 11289
14285 9178 14797
14797 9178 14285
9178 14285 14797
14756 1835 3937
1835 3937 14756
3937 1835 14756
11882 5201 9836
9836 5201 11882
5201 9836 11882
5542 6448 14448
14448 5542 6448
6448 5542 14448
2242 4407 5196
5196 2242 4407
4407 2242 5196
13572 351 13101
13101 351 13572
351 13101 13572
7883 4510 5995
4510 5995 7883
5995 4510 7883
10968 7131 12610
12610 7131 10968
7131 10968 12610
13300 4928 12545
4928 12545 13300
12545 4928 13300
1652 4871 12509
4871 1652 12509
12509 1652 4871
1754 2938 4229
2938 1754 4229
4229 1754 2938
9001 7287 13855
7287 9001 13855
13855 7287 9001
8705 2224 8940
8940 2224 8705
2224 8705 8940
6659 1901 7956
7956 1901 6659
1901 6659 7956
4606 1189 6296
1189 4606 6296
6296 1189 4606
10953 7782 10608
7782 10608 10953
10608 7782 10953
2126 10780 11902
11902 2126 10780
10780 2126 11902
2365 7561 14527
7561 2365 14527
14527 2365 7561
271 123 4363
123 271 4363
4363 123 271
4122 9448 12173
9448 4122 12173
12173 4122 9448
898 6471 13018
6471 898 13018
13018 898 6471
6863 2519 11505
11505 2519 6863
2519 6863 11505
10060 9087 13955
13955 9087 10060
9087 10060 13955
2974 6890 11946
6890 2974 11946
11946 2974 6890
14576 216 8947
216 8947 14576
8947 216 14576
7701 8901 14869
8901 7701 14869
14869 7701 8901
1794 2648 13210
2648 1794 13210
13210 1794 2648
1662 646 12851
646 1662 12851
12851 646 1662
3664 3339 12200
3339 3664 12200
12200 3339 3664
8827 633 2757
633 2757 8827
2757 633 8827
12808 2652 5884
5884 2652 12808
2652 5884 12808
8451 13432 13902
13902 8451 13432
13432 8451 13902
8888 3445 12165
3445 8888 12165
12165 3445 8888
4036 572 2310
2310 572 4036
572 2310 4036
3226 1319 11546
11546 1319 3226
1319 3226 11546
11761 2424 9221
9221 2424 11761
2424 9221 11761
4989 6615 14808
6615 4989 14808
14808 4989 6615
14852 512 7066
7066 512 14852
512 7066 14852
2620 3965 12818
12818 2620 3965
3965 2620 12818
9863 2191 3499
3499 2191 9863
2191 3499 9863
1043 3096 9018
9018 1043 3096
3096 1043 9018
14964 402 14038
14038 402 14964
402 14038 14964
5007 8868 14613
14613 5007 8868
8868 5007 14613
12883 4731 13454
13454 4731 12883
4731 12883 13454
3672 14296 14430
14296 3672 14430
14430 3672 14296
13375 8767 9840
9840 8767 13375
8767 9840 13375
13361 9310 10531
9310 10531 13361
10531 9310 13361
13330 1586 11754
11754 1586 13330
1586 11754 13330
1865 6432 10090
6432 1865 10090
10090 1865 6432
5295 6841 10377
10377 5295 6841
6841 5295 10377
7942 3682 6161
3682 6161 7942
6161 3682 7942
7353 52 5255
52 5255 7353
5255 52 7353
1774 4531 11049
11049 1774 4531
4531 1774 11049
10755 3051 6231
3051 6231 10755
6231 3051 10755
7563 10320 11448
11448 7563 10320
10320 7563 11448
10363 1406 2294
1406 2294 10363
2294 1406 10363
3585 5051 13311
5051 3585 13311
13311 3585 5051
1915 3250 9821
3250 1915 9821
9821 1915 3250
11901 782 13772
782 11901 13772
13772 782 11901
3187 1279 2043
2043 1279 3187
1279 2043 3187
12362 9354 11532
11532 9354 12362
9354 11532 12362
5749 6503 9348
9348 5749 6503
6503 5749 9348
1644 2656 13384
2656 1644 13384
13384 1644 2656
3914 6679 10094
6679 3914 10094
10094 3914 6679
1786 10769 14551
10769 1786 14551
14551 1786 10769
10002 2888 4469
2888 4469 10002
4469 2888 10002
9670 584 9568
9568 584 9670
584 9568 9670
6932 12080 13877
13877 6932 12080
12080 6932 13877
998 613 12120
12120 613 998
613 998 12120
8201 2496 13631
2496 8201 13631
13631 2496 8201
14984 971 7012
7012 971 14984
971 7012 14984
5374 2311 2529
2529 2311 5374
2311 2529 5374
10067 589 14890
589 10067 14890
14890 589 10067
12432 2575 12508
2575 12432 12508
12508 2575 12432
10945 10070 11305
11305 10070 10945
10070 10945 11305
1414 5504 8876
8876 1414 5504
5504 1414 8876
1315 3139 11188
11188 1315 3139
3139 1315 11188
12339 11249 12853
12853 11249 12339
11249 12339 12853
1886 9041 12125
9041 1886 12125
12125 1886 9041
8518 2358 13597
2358 8518 13597
13597 2358 8518
1219 401 6015
6015 401 1219
401 1219 6015
1205 4707 8681
8681 1205 4707
4707 1205 8681
7309 9912 11744
11744 7309 9912
9912 7309 11744
3835 3284 3659
3284 3659 3835
3659 3284 3835
10941 2213 6582
2213 6582 10941
6582 2213 10941
3330 9730 9887
9730 3330 9887
9887 3330 9730
8005 7029 9659
9659 7029 8005
7029 8005 9659
3966 1371 7084
1371 3966 7084
7084 1371 3966
7142 6577 8490
6577 7142 8490
8490 6577 7142
6563 6394 6989
6989 6394 6563
6394 6563 6989
13309 4074 12919
4074 12919 13309
12919 4074 13309
11917 2825 5953
5953 2825 11917
2825 5953 11917
12057 69 5535
69 5535 12057
5535 69 12057
12388 9847 12639
12639 9847 12388
9847 12388 12639
6379 11876 13747
11876 6379 13747
13747 6379 11876
11432 9907 11684
11684 9907 11432
9907 11432 11684
14640 1013 1021
1021 1013 14640
1013 1021 14640
10287 3829 14772
3829 10287 14772
14772 3829 10287
7210 7492 11511
7492 7210 11511
11511 7210 7492
10437 1393 13399
1393 10437 13399
13399 1393 10437
10503 11728 14889
11728 10503 14889
14889 10503 11728
5408 1259 11046
11046 1259 5408
1259 5408 11046
13796 7550 10431
7550 10431 13796
10431 7550 13796
1199 9790 12965
9790 1199 12965
12965 1199 9790
1570 7848 11365
11365 1570 7848
7848 1570 11365
7437 9855 14308
14308 7437 9855
9855 7437 14308
14516 4754 9150
4754 9150 14516
9150 4754 14516
10618 198 14097
198 10618 14097
14097 198 10618
13947 9784 13428
13428 9784 13947
9784 13428 13947
5503 4243 13748
13748 4243 5503
4243 5503 13748
7709 10412 10851
10412 7709 10851
10851 7709 10412
14953 5619 13442
5619 13442 14953
13442 5619 14953
6241 2071 4944
2071 4944 6241
4944 2071 6241
11916 2010 13328
13328 2010 11916
2010 11916 13328
7546 739 8879
8879 739 7546
739 7546 8879
10638 4841 9175
9175 4841 10638
4841 9175 10638
12743 5915 6035
6035 5915 12743
5915 6035 12743
4016 503 8957
8957 503 4016
503 4016 8957
14047 4453 10990
10990 4453 14047
4453 10990 14047
9876 3779 14710
3779 9876 14710
14710 3779 9876
1496 2615 13223
2615 1496 13223
13223 1496 2615
3298 714 9516
9516 714 3298
714 3298 9516
11660 6518 9502
9502 6518 11660
6518 9502 11660
10645 9327 9998
9327 9998 10645
9998 9327 10645
7486 9163 12537
9163 7486 12537
12537 7486 9163
5479 2140 9532
2140 5479 9532
9532 2140 5479
7824 4758 10619
10619 4758 7824
4758 7824 10619
13033 4295 9528
4295 9528 13033
9528 4295 13033
2949 3398 7993
7993 2949 3398
3398 2949 7993
3855 1104 9791
9791 1104 3855
1104 3855 9791
5926 6858 9200
6858 5926 9200
9200 5926 6858
8644 11133 14104
14104 8644 11133
11133 8644 14104
2357 5296 12767
5296 2357 12767
12767 2357 5296
5425 2790 7753
2790 5425 7753
7753 2790 5425
3660 1771 6134
6134 1771 3660
1771 3660 6134
14912 9574 12672
12672 9574 14912
9574 12672 14912
3064 738 12264
738 3064 12264
12264 738 3064
3715 1364 9313
1364 3715 9313
9313 1364 3715
8033 7318 11456
11456 7318 8033
7318 8033 11456
8064 3618 12309
3618 8064 12309
12309 3618 8064
7403 3615 12321
3615 7403 12321
12321 3615 7403
1746 6830 12666
6830 1746 12666
12666 1746 6830
1303 5421 9078
5421 1303 9078
9078 1303 5421
2565 10123 13777
13777 2565 10123
10123 2565 13777
8509 2166 8065
8065 2166 8509
2166 8065 8509
2219 2779 14362
2779 2219 14362
14362 2219 2779
2554 2417 2823
2417 2554 2823
2823 2417 2554
14820 3973 13593
13593 3973 14820
3973 13593 14820
3757 9749 14811
14811 3757 9749
9749 3757 14811
187 5050 13900
13900 187 5050
5050 187 13900
8154 8572 14051
14051 8154 8572
8572 8154 14051
5851 4222 13371
4222 5851 13371
13371 4222 5851
8096 884 7989
7989 884 8096
884 7989 8096
6309 5603 11926
5603 6309 11926
11926 5603 6309
4638 343 14229
14229 343 4638
343 4638 14229
1726 1558 8595
8595 1558 1726
1558 1726 8595
10648 5754 9133
9133 5754 10648
5754 9133 10648
10850 10368 11463
11463 10368 10850
10368 10850 11463
8394 2756 12481
12481 2756 8394
2756 8394 12481
8643 9251 12958
12958 8643 9251
9251 8643 12958
2331 1921 8287
1921 2331 8287
8287 1921 2331
14342 293 5627
5627 293 14342
293 5627 14342
3193 1209 14031
14031 1209 3193
1209 3193 14031
7775 1709 8748
8748 1709 7775
1709 7775 8748
831 178 12884
178 831 12884
12884 178 831
11784 3698 13283
3698 11784 13283
13283 3698 11784
13657 8413 13636
8413 13636 13657
13636 8413 13657
6104 142 14023
14023 142 6104
142 6104 14023
11195 7972 14407
7972 11195 14407
14407 7972 11195
5120 8785 12021
12021 5120 8785
8785 5120 12021
11864 2278 8978
2278 8978 11864
8978 2278 11864
11037 10142 14502
10142 11037 14502
14502 10142 11037
10844 4447 12572
12572 4447 10844
4447 10844 12572
1200 4734 12976
12976 1200 4734
4734 1200 12976
500 4157 14702
4157 500 14702
14702 500 4157
4396 8087 8383
8383 4396 8087
8087 4396 8383
14295 2645 6065
6065 2645 14295
2645 6065 14295
2182 5069 7303
7303 2182 5069
5069 2182 7303
648 11631 14350
14350 648 11631
11631 648 14350
11804 1376 13208
1376 11804 13208
13208 1376 11804
14534 2041 11232
11232 2041 14534
2041 11232 14534
5304 2040 7010
2040 5304 7010
7010 2040 5304
4507 4492 5372
5372 4492 4507
4492 4507 5372
9449 1461 6935
6935 1461 9449
1461 6935 9449
2563 9021 14841
14841 2563 9021
9021 2563 14841
14994 158 8312
158 8312 14994
8312 158 14994
9561 866 1401
1401 866 9561
866 1401 9561
8138 3115 3557
3557 3115 8138
3115 3557 8138
1055 1023 6623
1023 1055 6623
6623 1023 1055
10995 8363 14695
14695 8363 10995
8363 10995 14695
12000 12023 14721
14721 12000 12023
12023 12000 14721
6056 4726 8881
4726 6056 8881
8881 4726 6056
3843 10932 13542
10932 3843 13542
13542 3843 10932
219 10902 14140
10902 219 14140
14140 219 10902
4974 5021 7688
5021 4974 7688
7688 4974 5021
3566 4412 7024
7024 3566 4412
4412 3566 7024
4947 424 8060
8060 424 4947
424 4947 8060
11119 2909 4028
4028 2909 11119
2909 4028 11119
7810 6083 8400
8400 6083 7810
6083 7810 8400
9308 1342 11855
1342 9308 11855
11855 1342 9308
7860 6016 10669
6016 7860 10669
10669 6016 7860
964 692 4890
4890 692 964
692 964 4890
10763 304 8585
304 8585 10763
8585 304 10763
10942 9040 12719
9040 10942 12719
12719 9040 10942
10874 2022 4479
4479 2022 10874
2022 4479 10874
5249 5753 14846
5753 5249 14846
14846 5249 5753
13876 135 9432
135 9432 13876
9432 135 13876
10425 7 9514
9514 7 10425
7 9514 10425
3687 8356 8849
8849 3687 8356
8356 3687 8849
7216 962 7227
7227 962 7216
962 7216 7227
6484 6752 8772
6752 6484 8772
8772 6484 6752
13112 2675 13600
13600 2675 13112
2675 13112 13600
7134 4468 10293
10293 4468 7134
4468 7134 10293
4328 2396 4737
4737 2396 4328
2396 4328 4737
10839 1810 12657
12657 1810 10839
1810 10839 12657
2736 12828 13520
12828 2736 13520
13520 2736 12828
5944 5706 10514
5706 5944 10514
10514 5706 5944
54 1580 6492
6492 54 1580
1580 54 6492
11473 553 3039
553 3039 11473
3039 553 11473
14735 5216 8658
8658 5216 14735
5216 8658 14735
2961 5241 11760
11760 2961 5241
5241 2961 11760
6940 4778 6427
6427 4778 6940
4778 6427 6940
8049 521 7603
521 7603 8049
7603 521 8049
4962 90 12709
90 4962 12709
12709 90 4962
4526 5207 11537
11537 4526 5207
5207 4526 11537
8260 1597 11640
11640 1597 8260
1597 8260 11640
3452 4142 7044
4142 3452 7044
7044 3452 4142
2641 2130 11685
11685 2130 2641
2130 2641 11685
4379 1294 9364
1294 4379 9364
9364 1294 4379
11980 4035 14280
4035 11980 14280
14280 4035 11980
533 4847 9436
9436 533 4847
4847 533 9436
1014 2433 4777
2433 1014 4777
4777 1014 2433
12629 5275 8501
5275 8501 12629
8501 5275 12629
13038 3216 6151
3216 6151 13038
6151 3216 13038
2838 4070 14940
4070 2838 14940
14940 2838 4070
3247 10211 13232
13232 3247 10211
10211 3247 13232
7147 2174 4830
2174 4830 7147
4830 2174 7147
11345 3540 11755
3540 11345 11755
11755 3540 11345
9802 4925 11811
11811 4925 9802
4925 9802 11811
7231 200 845
200 845 7231
845 200 7231
246 4561 12317
12317 246 4561
4561 246 12317
9771 8736 9604
8736 9604 9771
9604 8736 9771
7968 725 12535
12535 725 7968
725 7968 12535
4930 6004 10623
6004 4930 10623
10623 4930 6004
10347 4078 7884
7884 4078 10347
4078 7884 10347
13642 701 13754
701 13642 13754
13754 701 13642
677 5510 11619
5510 677 11619
11619 677 5510
10884 8089 12233
8089 10884 12233
12233 8089 10884
11849 202 3948
3948 202 11849
202 3948 11849
13592 4789 5941
5941 4789 13592
4789 5941 13592
7197 4560 13629
13629 4560 7197
4560 7197 13629
8342 8121 10658
8121 8342 10658
10658 8121 8342
10682 753 785
785 753 10682
753 785 10682
12567 10680 11602
10680 11602 12567
11602 10680 12567
3551 3100 3976
3976 3100 3551
3100 3551 3976
1869 7938 9015
7938 1869 9015
9015 1869 7938
9606 3132 9185
3132 9185 9606
9185 3132 9606
1398 10384 11010
11010 1398 10384
10384 1398 11010
7519 8974 14801
8974 7519 14801
14801 7519 8974
6061 1400 9897
1400 6061 9897
9897 1400 6061
5637 6605 10527
6605 5637 10527
10527 5637 6605
897 1837 13241
13241 897 1837
1837 897 13241
5764 4833 14072
14072 4833 5764
4833 5764 14072
4522 2157 2533
2157 2533 4522
2533 2157 4522
7995 1860 14713
1860 7995 14713
14713 1860 7995
10063 1670 14812
14812 1670 10063
1670 10063 14812
12437 2894 14307
14307 2894 12437
2894 12437 14307
1337 5569 8571
5569 1337 8571
8571 1337 5569
3246 9316 14209
9316 3246 14209
14209 3246 9316
4508 4837 11298
4837 4508 11298
11298 4508 4837
13224 10112 12551
12551 10112 13224
10112 12551 13224
1646 6305 9315
6305 1646 9315
9315 1646 6305
5422 1822 7502
1822 5422 7502
7502 1822 5422
7032 598 11827
598 7032 11827
11827 598 7032
11510 8994 10909
10909 8994 11510
8994 10909 11510
14120 7090 13201
13201 7090 14120
7090 13201 14120
5283 6348 8378
8378 5283 6348
6348 5283 8378
13928 5680 8909
5680 8909 13928
8909 5680 13928
6213 2815 11861
11861 2815 6213
2815 6213 11861
14521 2431 3202
3202 2431 14521
2431 3202 14521
3986 1745 12694
12694 1745 3986
1745 3986 12694
9632 9858 10051
9858 9632 10051
10051 9632 9858
13511 5992 8315
8315 5992 13511
5992 8315 13511
2769 11766 12126
11766 2769 12126
12126 2769 11766
12735 8267 13907
13907 8267 12735
8267 12735 13907
13724 10251 12962
12962 10251 13724
10251 12962 13724
13434 10269 11442
11442 10269 13434
10269 11442 13434
6666 3159 9619
3159 6666 9619
9619 3159 6666
8932 5793 12470
12470 5793 8932
5793 8932 12470
13674 1391 5078
1391 5078 13674
5078 1391 13674
10157 2408 10668
10668 2408 10157
2408 10157 10668
237 3570 10185
10185 237 3570
3570 237 10185
6417 3180 6960
3180 6417 6960
6960 3180 6417
13440 4436 7601
7601 4436 13440
4436 7601 13440
5035 1079 9497
9497 1079 5035
1079 5035 9497
11679 635 2844
635 2844 11679
2844 635 11679
3054 9038 12375
9038 3054 12375
12375 3054 9038
4822 5604 6742
6742 4822 5604
5604 4822 6742
7280 2419 5361
5361 2419 7280
2419 5361 7280
13778 12991 13924
13924 12991 13778
12991 13778 13924
4208 2422 11211
2422 4208 11211
11211 2422 4208
12374 9213 12402
9213 12374 12402
12402 9213 12374
1244 12704 14484
14484 1244 12704
12704 1244 14484
7038 45 14956
45 7038 14956
14956 45 7038
9530 4267 9407
4267 9407 9530
9407 4267 9530
6002 904 5590
904 5590 6002
5590 904 6002
10462 11573 12016
11573 10462 12016
12016 10462 11573
12874 5780 5822
5822 5780 12874
5780 5822 12874
6355 2429 14594
14594 2429 6355
2429 6355 14594
390 4673 8069
4673 390 8069
8069 390 4673
6086 2333 2549
2549 2333 6086
2333 2549 6086
5538 7465 13627
13627 5538 7465
7465 5538 13627
10830 3619 8666
3619 8666 10830
8666 3619 10830
6545 7398 12935
7398 6545 12935
12935 6545 7398
12 12981 13988
12981 12 13988
13988 12 12981
3651 12434 14050
14050 3651 12434
12434 3651 14050
7867 3093 14059
3093 7867 14059
14059 3093 7867
9666 6404 8036
6404 8036 9666
8036 6404 9666
7618 729 8273
8273 729 7618
729 7618 8273
12823 334 10889
334 10889 12823
10889 334 12823
14711 2602 3513
2602 3513 14711
3513 2602 14711
7547 1981 12866
1981 7547 12866
12866 1981 7547
5988 980 14571
14571 980 5988
980 5988 14571
3348 11366 14178
14178 3348 11366
11366 3348 14178
10433 1549 7446
1549 7446 10433
7446 1549 10433
7691 1493 8132
1493 7691 8132
8132 1493 7691
139 1253 5460
5460 139 1253
1253 139 5460
5429 5588 12659
5588 5429 12659
12659 5429 5588
6911 9350 11159
11159 6911 9350
9350 6911 11159
8894 12236 12590
12590 8894 12236
12236 8894 12590
5085 1155 11559
1155 5085 11559
11559 1155 5085
3658 4574 7751
7751 3658 4574
4574 3658 7751
7841 2268 12806
2268 7841 12806
12806 2268 7841
7693 2332 4102
2332 4102 7693
4102 2332 7693
1124 1392 14467
14467 1124 1392
1392 1124 14467
5914 4087 12348
4087 5914 12348
12348 4087 5914
14742 5398 10923
10923 5398 14742
5398 10923 14742
6054 5708 7233
5708 6054 7233
7233 5708 6054
9837 7272 8041
8041 7272 9837
7272 8041 9837
6903 9856 11549
9856 6903 11549
11549 6903 9856
3272 247 9375
9375 247 3272
247 3272 9375
1078 13406 14514
13406 1078 14514
14514 1078 13406
14020 3109 6860
6860 3109 14020
3109 6860 14020
569 4058 11673
11673 569 4058
4058 569 11673
1207 9362 11229
11229 1207 9362
9362 1207 11229
7320 1511 3806
1511 3806 7320
3806 1511 7320
11723 5213 6901
6901 5213 11723
5213 6901 11723
340 4779 12700
12700 340 4779
4779 340 12700
9126 6255 12503
12503 6255 9126
6255 9126 12503
11726 9423 10595
10595 9423 11726
9423 10595 11726
8922 10609 11397
10609 8922 11397
11397 8922 10609
9279 911 1297
911 1297 9279
1297 911 9279
6136 5494 6112
5494 6112 6136
6112 5494 6136
2895 5847 6921
6921 2895 5847
5847 2895 6921
2500 777 3547
777 2500 3547
3547 777 2500
10749 5052 5974
5052 5974 10749
5974 5052 10749
9564 441 6051
6051 441 9564
441 6051 9564
8402 6416 8803
6416 8402 8803
8803 6416 8402
12222 6138 7750
6138 7750 12222
7750 6138 12222
5036 885 13598
13598 885 5036
885 5036 13598
9082 1301 1572
1301 1572 9082
1572 1301 9082
12669 97 1653
1653 97 12669
97 1653 12669
13492 9735 14405
14405 9735 13492
9735 13492 14405
6468 3604 5961
5961 3604 6468
3604 5961 6468
7708 1286 11599
11599 1286 7708
1286 7708 11599
8619 4446 10699
4446 8619 10699
10699 4446 8619
11313 1732 7635
1732 7635 11313
7635 1732 11313
14787 8373 14483
14483 8373 14787
8373 14483 14787
9194 6781 10532
6781 9194 10532
10532 6781 9194
11143 5442 5551
5442 5551 11143
5551 5442 11143
1439 10065 13967
10065 1439 13967
13967 1439 10065
3887 6560 9684
6560 3887 9684
9684 3887 6560
5801 10191 14354
14354 5801 10191
10191 5801 14354
14620 4292 8720
4292 8720 14620
8720 4292 14620
11753 9618 10022
9618 10022 11753
10022 9618 11753
976 820 10575
820 976 10575
10575 820 976
545 861 2636
2636 545 861
861 545 2636
7651 2802 10164
10164 2802 7651
2802 7651 10164
9715 378 13337
13337 378 9715
378 9715 13337
4280 1787 4852
4852 1787 4280
1787 4280 4852
5833 1507 12635
1507 5833 12635
12635 1507 5833
12328 2280 4081
4081 2280 12328
2280 4081 12328
8244 3201 7788
3201 7788 8244
7788 3201 8244
11805 9369 12834
12834 9369 11805
9369 11805 12834
14771 2444 9253
2444 9253 14771
9253 2444 14771
11404 10571 13792
10571 11404 13792
13792 10571 11404
14186 1703 5489
1703 5489 14186
5489 1703 14186
1331 60 12411
12411 60 1331
60 1331 12411
2446 7067 9334
7067 2446 9334
9334 2446 7067
6727 4237 11531
11531 4237 6727
4237 6727 11531
331 7175 14931
7175 331 14931
14931 331 7175
4112 1363 11024
11024 1363 4112
1363 4112 11024
3083 5695 6857
6857 3083 5695
5695 3083 6857
12992 2153 13456
2153 12992 13456
13456 2153 12992
12443 12690 14946
12690 12443 14946
14946 12443 12690
13667 9224 11645
11645 9224 13667
9224 11645 13667
6930 3229 12110
12110 3229 6930
3229 6930 12110
2598 11321 13677
11321 2598 13677
13677 2598 11321
2585 5377 6444
6444 2585 5377
5377 2585 6444
1432 4017 12357
12357 1432 4017
4017 1432 12357
10801 13730 14860
14860 10801 13730
13730 10801 14860
14247 937 14206
937 14206 14247
14206 937 14247
10683 4192 8708
4192 8708 10683
8708 4192 10683
2592 890 13575
890 2592 13575
13575 890 2592
4110 4677 14920
14920 4110 4677
4677 4110 14920
1642 12084 12707
12084 1642 12707
12707 1642 12084
9980 5866 14650
5866 9980 14650
14650 5866 9980
11978 6797 12589
6797 11978 12589
12589 6797 11978
7797 4007 5106
5106 4007 7797
4007 5106 7797
12578 3060 11265
11265 3060 12578
3060 11265 12578
13308 1894 13521
13521 1894 13308
1894 13308 13521
807 12855 14114
12855 807 14114
14114 807 12855
2328 8718 14778
14778 2328 8718
8718 2328 14778
6558 8599 9234
8599 6558 9234
9234 6558 8599
10386 207 10621
207 10386 10621
10621 207 10386
7740 764 13358
13358 764 7740
764 7740 13358
7259 5828 10495
10495 5828 7259
5828 7259 10495
3163 9402 13666
9402 3163 13666
13666 3163 9402
954 6343 13524
6343 954 13524
13524 954 6343
4339 128 8117
8117 128 4339
128 4339 8117
7480 6786 14903
6786 7480 14903
14903 6786 7480
1964 5044 14510
5044 1964 14510
14510 1964 5044
7742 11603 13814
13814 7742 11603
11603 7742 13814
12725 1264 10408
10408 1264 12725
1264 10408 12725
10717 2327 6902
2327 6902 10717
6902 2327 10717
11162 6084 9596
9596 6084 11162
6084 9596 11162
9256 859 8329
859 8329 9256
8329 859 9256
300 4464 6549
6549 300 4464
4464 300 6549
5354 12263 12938
12263 5354 12938
12938 5354 12263
5949 6014 14046
14046 5949 6014
6014 5949 14046
4026 1061 3186
3186 1061 4026
1061 3186 4026
5905 13304 13340
13304 5905 13340
13340 5905 13304
11227 2056 6671
2056 6671 11227
6671 2056 11227
1238 4246 10373
4246 1238 10373
10373 1238 4246
7976 11301 13453
11301 7976 13453
13453 7976 11301
11875 10766 14525
14525 10766 11875
10766 11875 14525
12899 7869 8119
8119 7869 12899
7869 8119 12899
12729 4107 5752
5752 4107 12729
4107 5752 12729
11361 689 14271
689 11361 14271
14271 689 11361
13813 2457 14476
14476 2457 13813
2457 13813 14476
7598 5059 7295
7295 5059 7598
5059 7295 7598
12754 919 9773
9773 919 12754
919 9773 12754
6694 1305 5288
1305 5288 6694
5288 1305 6694
2180 8861 9819
8861 2180 9819
9819 2180 8861
12103 9982 13786
13786 9982 12103
9982 12103 13786
12740 194 4814
194 4814 12740
4814 194 12740
4050 11601 14256
11601 4050 14256
14256 4050 11601
12303 4614 11267
11267 4614 12303
4614 11267 12303
8661 1785 4781
1785 4781 8661
4781 1785 8661
1071 3345 4171
4171 1071 3345
3345 1071 4171
7261 5724 9240
5724 7261 9240
9240 5724 7261
4805 7898 9147
7898 4805 9147
9147 4805 7898
3569 10053 14205
14205 3569 10053
10053 3569 14205
8272 5978 8139
5978 8139 8272
8139 5978 8272
6966 4538 9928
4538 6966 9928
9928 4538 6966
3460 1029 13133
1029 3460 13133
13133 1029 3460
5185 1451 11137
1451 5185 11137
11137 1451 5185
14954 8969 13845
13845 8969 14954
8969 13845 14954
608 3840 4117
3840 608 4117
4117 608 3840
3447 12313 13602
13602 3447 12313
12313 3447 13602
9892 8915 8989
8915 8989 9892
8989 8915 9892
6179 626 7462
7462 626 6179
626 6179 7462
12839 6150 14161
6150 12839 14161
14161 6150 12839
7545 3763 5419
5419 3763 7545
3763 5419 7545
3427 981 11390
981 3427 11390
11390 981 3427
3734 4783 11962
11962 3734 4783
4783 3734 11962
8507 14442 14598
14442 8507 14598
14598 8507 14442
9559 3851 8608
8608 3851 9559
3851 8608 9559
12272 614 11947
614 11947 12272
11947 614 12272
3309 5480 11406
5480 3309 11406
11406 3309 5480
11076 6184 11556
11556 6184 11076
6184 11076 11556
2471 2990 14960
2990 2471 14960
14960 2471 2990
7069 3531 7058
3531 7058 7069
7058 3531 7069
3428 13925 14741
13925 3428 14741
14741 3428 13925
1532 5307 12202
5307 1532 12202
12202 1532 5307
1296 2427 11520
11520 1296 2427
2427 1296 11520
14783 6211 10581
10581 6211 14783
6211 10581 14783
1098 8671 12081
12081 1098 8671
8671 1098 12081
11023 5083 12354
5083 11023 12354
12354 5083 11023
10149 5022 5290
5290 5022 10149
5022 5290 10149
5642 1181 1471
1471 1181 5642
1181 1471 5642
13976 8800 14439
14439 8800 13976
8800 13976 14439
6791 5401 14671
5401 6791 14671
14671 5401 6791
11502 2196 11858
11858 2196 11502
2196 11502 11858
4751 8014 10553
10553 4751 8014
8014 4751 10553
11990 5126 11005
11005 5126 11990
5126 11005 11990
6846 1421 14263
14263 1421 6846
1421 6846 14263
6499 391 10298
391 6499 10298
10298 391 6499
6206 5499 8527
8527 5499 6206
5499 6206 8527
1165 2347 7934
2347 1165 7934
7934 1165 2347
13557 4541 11050
4541 11050 13557
11050 4541 13557
6913 726 13251
726 6913 13251
13251 726 6913
11654 2618 6510
6510 2618 11654
2618 6510 11654
13558 3927 8555
3927 8555 13558
8555 3927 13558
1087 13287 14512
13287 1087 14512
14512 1087 13287
12061 2787 10803
2787 10803 12061
10803 2787 12061
358 673 7969
673 358 7969
7969 358 673
4097 3215 4079
4079 3215 4097
3215 4079 4097
2739 10978 14845
10978 2739 14845
14845 2739 10978
6052 4639 13002
4639 6052 13002
13002 4639 6052
9809 5100 11177
5100 9809 11177
11177 5100 9809
3699 531 11428
531 3699 11428
11428 531 3699
3595 3174 11940
11940 3174 3595
3174 3595 11940
12493 5200 7950
7950 5200 12493
5200 7950 12493
12734 2635 14843
14843 2635 12734
2635 12734 14843
24 3747 5496
3747 24 5496
5496 24 3747
4314 1776 11719
11719 1776 4314
1776 4314 11719
6345 10825 13958
13958 6345 10825
10825 6345 13958
8364 10793 11800
11800 8364 10793
10793 8364 11800
11478 4309 10705
10705 4309 11478
4309 10705 11478
14738 5608 5679
5608 5679 14738
5679 5608 14738
5174 599 9950
9950 599 5174
599 5174 9950
10594 10478 10610
10478 10594 10610
10610 10478 10594
9716 4588 6366
6366 4588 9716
4588 6366 9716
7808 3236 6437
6437 3236 7808
3236 6437 7808
9812 966 10078
10078 966 9812
966 9812 10078
10690 6737 10031
10031 6737 10690
6737 10031 10690
628 4268 10827
4268 628 10827
10827 628 4268
13577 939 10686
939 10686 13577
10686 939 13577
12619 1814 7123
7123 1814 12619
1814 7123 12619
14275 1172 13001
13001 1172 14275
1172 13001 14275
4782 32 8532
8532 32 4782
32 4782 8532
11356 4552 13206
13206 4552 11356
4552 11356 13206
3869 8665 12353
8665 3869 12353
12353 3869 8665
11772 9090 10109
10109 9090 11772
9090 10109 11772
7391 2155 11077
11077 2155 7391
2155 7391 11077
4873 1638 6263
1638 4873 6263
6263 1638 4873
3263 12415 13338
13338 3263 12415
12415 3263 13338
1475 6522 9941
9941 1475 6522
6522 1475 9941
8419 10118 13040
13040 8419 10118
10118 8419 13040
8176 360 3563
3563 360 8176
360 3563 8176
5033 2817 4652
2817 4652 5033
4652 2817 5033
13697 2526 11302
2526 11302 13697
11302 2526 13697
1539 509 1884
509 1539 1884
1884 509 1539
9601 5755 7822
5755 7822 9601
7822 5755 9601
4064 7186 11072
11072 4064 7186
7186 4064 11072
9309 2221 12036
2221 9309 12036
12036 2221 9309
2704 3188 10348
10348 2704 3188
3188 2704 10348
8198 886 13825
886 8198 13825
13825 886 8198
4820 215 11451
11451 215 4820
215 4820 11451
12833 3683 5481
5481 3683 12833
3683 5481 12833
14412 1607 13708
1607 13708 14412
13708 1607 14412
12453 1341 3200
1341 3200 12453
3200 1341 12453
7260 3502 12857
12857 3502 7260
3502 7260 12857
11526 1188 10409
10409 1188 11526
1188 10409 11526
12797 11544 13656
13656 11544 12797
11544 12797 13656
2295 12878 13131
13131 2295 12878
12878 2295 13131
1573 9560 13945
9560 1573 13945
13945 1573 9560
7588 1820 3894
1820 3894 7588
3894 1820 7588
9511 1345 4154
4154 1345 9511
1345 4154 9511
4304 2807 14554
2807 4304 14554
14554 2807 4304
6733 8055 9401
8055 6733 9401
9401 6733 8055
6662 3197 3881
3197 3881 6662
3881 3197 6662
12685 9817 12630
9817 12630 12685
12630 9817 12685
10542 6851 11989
11989 6851 10542
6851 10542 11989
14183 8323 14865
14865 8323 14183
8323 14183 14865
6158 291 8525
291 6158 8525
8525 291 6158
5190 1015 7921
1015 5190 7921
7921 1015 5190
4126 2027 6262
2027 4126 6262
6262 2027 4126
11694 9987 12076
12076 9987 11694
9987 11694 12076
14853 2143 10255
2143 10255 14853
10255 2143 14853
6749 13594 14600
14600 6749 13594
13594 6749 14600
3432 8344 10428
10428 3432 8344
8344 3432 10428
9152 31 8988
8988 31 9152
31 8988 9152
7834 2392 13050
13050 2392 7834
2392 7834 13050
11087 12234 12381
12381 11087 12234
12234 11087 12381
14007 2346 10944
10944 2346 14007
2346 10944 14007
1768 112 5364
112 1768 5364
5364 112 1768
11650 3773 13698
13698 3773 11650
3773 11650 13698
6802 1938 7853
1938 6802 7853
7853 1938 6802
4583 8594 12736
12736 4583 8594
8594 4583 12736
3482 1143 12513
1143 3482 12513
12513 1143 3482
11223 11025 14955
14955 11025 11223
11025 11223 14955
960 2988 5885
5885 960 2988
2988 960 5885
3602 7439 11475
7439 3602 11475
11475 3602 7439
5940 8250 8899
8899 5940 8250
8250 5940 8899
9637 2028 4143
4143 2028 9637
2028 4143 9637
10231 4575 12037
12037 4575 10231
4575 10231 12037
7964 6215 12675
12675 6215 7964
6215 7964 12675
5502 39 13798
39 5502 13798
13798 39 5502
1214 9643 13888
9643 1214 13888
13888 1214 9643
4152 12947 13847
12947 4152 13847
13847 4152 12947
173 453 2462
2462 173 453
453 173 2462
344 6568 11130
11130 344 6568
6568 344 11130
8166 5039 9491
5039 8166 9491
9491 5039 8166
11088 625 14589
14589 625 11088
625 11088 14589
1631 10692 11433
11433 1631 10692
10692 1631 11433
9550 1295 12872
12872 1295 9550
1295 9550 12872
6043 7220 11168
7220 6043 11168
11168 6043 7220
5034 4054 10588
4054 5034 10588
10588 4054 5034
6943 8226 13917
8226 6943 13917
13917 6943 8226
12622 5433 11540
11540 5433 12622
5433 11540 12622
3947 12968 13767
12968 3947 13767
13767 3947 12968
316 5093 12903
12903 316 5093
5093 316 12903
10519 7190 7325
7190 7325 10519
7325 7190 10519
12425 3082 14566
14566 3082 12425
3082 12425 14566
2033 1482 10616
10616 1482 2033
1482 2033 10616
14316 3939 11171
3939 11171 14316
11171 3939 14316
2822 299 8917
299 2822 8917
8917 299 2822
10197 4648 9093
9093 4648 10197
4648 9093 10197
11430 7412 10213
10213 7412 11430
7412 10213 11430
1457 2057 9441
2057 1457 9441
9441 1457 2057
7291 9468 11116
9468 7291 11116
11116 7291 9468
6293 1490 2688
2688 1490 6293
1490 2688 6293
11797 3980 11472
11472 3980 11797
3980 11472 11797
2495 2886 5053
5053 2495 2886
2886 2495 5053
7928 4201 14399
4201 7928 14399
14399 4201 7928
5808 8782 8792
8782 5808 8792
8792 5808 8782
9003 2783 6914
2783 6914 9003
6914 2783 9003
10316 1949 14237
14237 1949 10316
1949 10316 14237
11909 188 3399
188 3399 11909
3399 188 11909
5095 1902 8401
8401 1902 5095
1902 5095 8401
3395 877 3028
877 3028 3395
3028 877 3395
3661 348 8914
348 3661 8914
8914 348 3661
10292 10965 13583
13583 10292 10965
10965 10292 13583
12644 2740 9191
9191 2740 12644
2740 9191 12644
11427 5617 14002
5617 11427 14002
14002 5617 11427
4770 882 4571
882 4571 4770
4571 882 4770
12352 9625 13205
13205 9625 12352
9625 12352 13205
11178 454 2454
454 2454 11178
2454 454 11178
3325 7064 13282
13282 3325 7064
7064 3325 13282
918 11808 13109
11808 918 13109
13109 918 11808
12038 6142 9719
9719 6142 12038
6142 9719 12038
11350 6042 6410
6410 6042 11350
6042 6410 11350
9107 5183 5459
5183 5459 9107
5459 5183 9107
4118 2254 12934
2254 4118 12934
12934 2254 4118
1660 8020 12722
8020 1660 12722
12722 1660 8020
5298 620 1723
1723 620 5298
620 1723 5298
8972 8837 13494
13494 8837 8972
8837 8972 13494
8864 5105 12419
5105 8864 12419
12419 5105 8864
1384 3897 10278
3897 1384 10278
10278 1384 3897
14422 8890 12123
8890 12123 14422
12123 8890 14422
12477 3059 11022
11022 3059 12477
3059 11022 12477
5269 8905 12553
12553 5269 8905
8905 5269 12553
466 7773 7894
7773 466 7894
7894 466 7773
9651 5675 11091
11091 5675 9651
5675 9651 11091
11633 8844 13374
13374 8844 11633
8844 11633 13374
2133 7491 14577
7491 2133 14577
14577 2133 7491
4342 3006 13569
13569 3006 4342
3006 4342 13569
3848 9770 13959
9770 3848 13959
13959 3848 9770
2501 5238 8187
5238 2501 8187
8187 2501 5238
409 13180 13415
13415 409 13180
13180 409 13415
5571 5339 12849
12849 5339 5571
5339 5571 12849
1428 8784 10138
10138 1428 8784
8784 1428 10138
14898 12596 12645
12596 12645 14898
12645 12596 14898
880 1170 2081
1170 880 2081
2081 880 1170
3242 2608 10107
10107 2608 3242
2608 3242 10107
12641 4629 14819
14819 4629 12641
4629 12641 14819
7232 6804 9216
9216 6804 7232
6804 7232 9216
13939 12886 13115
12886 13115 13939
13115 12886 13939
9668 4858 9359
4858 9359 9668
9359 4858 9668
3885 896 13356
