111551 44350 98169
98169 44350 111551
44350 98169 111551
141070 81492 133950
81492 133950 141070
133950 81492 141070
48133 33472 68259
33472 48133 68259
68259 33472 48133
109997 8594 73495
8594 73495 109997
73495 8594 109997
69250 70740 94783
70740 69250 94783
94783 69250 70740
735 35688 48278
35688 735 48278
48278 735 35688
81030 95238 130367
130367 81030 95238
95238 81030 130367
77341 33162 104187
104187 33162 77341
33162 77341 104187
133041 69987 119892
119892 69987 133041
69987 119892 133041
96526 1591 37089
1591 37089 96526
37089 1591 96526
26033 56625 91554
91554 26033 56625
56625 26033 91554
87593 65480 105264
105264 65480 87593
65480 87593 105264
102689 40103 135229
40103 102689 135229
135229 40103 102689
120204 46070 147794
46070 120204 147794
147794 46070 120204
5589 31382 36712
31382 5589 36712
36712 5589 31382
82860 121836 139021
121836 82860 139021
139021 82860 121836
27317 96658 101805
96658 27317 101805
101805 27317 96658
79532 43805 98022
43805 79532 98022
98022 43805 79532
52952 74771 77069
74771 52952 77069
77069 52952 74771
103441 26234 27348
27348 26234 103441
26234 27348 103441
112420 49920 50058
49920 50058 112420
50058 49920 112420
120315 83246 91098
91098 83246 120315
83246 91098 120315
105296 19669 69260
69260 19669 105296
19669 69260 105296
39352 93278 144683
93278 39352 144683
144683 39352 93278
130692 29558 109754
29558 109754 130692
109754 29558 130692
42228 24056 111449
111449 24056 42228
24056 42228 111449
143037 14932 146526
146526 14932 143037
14932 143037 146526
107347 25516 79105
25516 79105 107347
79105 25516 107347
73023 71463 82354
71463 73023 82354
82354 71463 73023
25540 3438 96292
3438 25540 96292
96292 3438 25540
90281 19223 102484
19223 90281 102484
102484 19223 90281
75080 46822 55108
46822 55108 75080
55108 46822 75080
102758 130140 137379
137379 102758 130140
130140 102758 137379
85576 22129 118589
22129 85576 118589
118589 22129 85576
8330 128422 136266
136266 8330 128422
128422 8330 136266
55961 840 66681
66681 840 55961
840 55961 66681
27988 9849 100419
9849 27988 100419
100419 9849 27988
118875 129959 136474
136474 118875 129959
129959 118875 136474
101603 60795 103290
60795 101603 103290
103290 60795 101603
22655 12909 87743
12909 22655 87743
87743 12909 22655
124605 79703 136072
79703 124605 136072
136072 79703 124605
6935 18528 118215
18528 6935 118215
118215 6935 18528
48805 114462 136819
114462 48805 136819
136819 48805 114462
20085 91790 148438
91790 20085 148438
148438 20085 91790
25216 502 68899
502 25216 68899
68899 502 25216
136706 8202 79705
8202 79705 136706
79705 8202 136706
116246 16711 81078
81078 16711 116246
16711 81078 116246
108846 45275 102653
45275 102653 108846
102653 45275 108846
78723 58003 149727
58003 78723 149727
149727 58003 78723
100400 75537 114405
75537 100400 114405
114405 75537 100400
19748 10926 47040
10926 19748 47040
47040 10926 19748
98020 75106 137254
75106 98020 137254
137254 75106 98020
52488 130754 138076
138076 52488 130754
130754 52488 138076
34723 147645 148990
147645 34723 148990
148990 34723 147645
110800 52333 58527
52333 58527 110800
58527 52333 110800
121562 24730 64199
64199 24730 121562
24730 64199 121562
133981 14987 47068
47068 14987 133981
14987 47068 133981
104429 105812 122017
105812 104429 122017
122017 104429 105812
134617 97269 101934
101934 97269 134617
97269 101934 134617
19251 17513 106927
106927 17513 19251
17513 19251 106927
102637 27636 75569
27636 75569 102637
75569 27636 102637
111015 65630 114554
65630 111015 114554
114554 65630 111015
47388 36557 112757
112757 36557 47388
36557 47388 112757
145273 109678 123275
123275 109678 145273
109678 123275 145273
142421 107251 120910
120910 107251 142421
107251 120910 142421
23405 124498 126515
126515 23405 124498
124498 23405 126515
106416 14128 25167
14128 25167 106416
25167 14128 106416
148953 3336 43375
43375 3336 148953
3336 43375 148953
24567 99221 129717
99221 24567 129717
129717 24567 99221
23501 15616 48572
48572 15616 23501
15616 23501 48572
43392 59299 141412
59299 43392 141412
141412 43392 59299
80836 5498 136403
136403 5498 80836
5498 80836 136403
48014 120707 139585
120707 48014 139585
139585 48014 120707
65837 27145 69245
69245 27145 65837
27145 65837 69245
67773 79964 88907
88907 67773 79964
79964 67773 88907
15015 4781 138733
4781 15015 138733
138733 4781 15015
147211 38143 85252
38143 85252 147211
85252 38143 147211
94210 37414 139925
37414 94210 139925
139925 37414 94210
100289 32748 115479
115479 32748 100289
32748 100289 115479
89701 82139 109724
82139 89701 109724
109724 82139 89701
115667 111225 144957
111225 115667 144957
144957 111225 115667
76977 119961 141921
141921 76977 119961
119961 76977 141921
128140 1068 106827
106827 1068 128140
1068 106827 128140
112670 7033 140016
140016 7033 112670
7033 112670 140016
70719 86023 144416
144416 70719 86023
86023 70719 144416
60111 10534 16968
10534 16968 60111
16968 10534 60111
108179 108223 139552
139552 108179 108223
108223 108179 139552
16094 129305 147567
129305 16094 147567
147567 16094 129305
83493 42886 132857
42886 83493 132857
132857 42886 83493
11382 129805 144552
144552 11382 129805
129805 11382 144552
142579 57604 114945
57604 114945 142579
114945 57604 142579
116506 49256 89517
89517 49256 116506
49256 89517 116506
63512 59369 98200
98200 59369 63512
59369 63512 98200
19811 57162 100916
100916 19811 57162
57162 19811 100916
117847 52205 99944
99944 52205 117847
52205 99944 117847
44014 22081 94159
22081 44014 94159
94159 22081 44014
137318 125682 143343
143343 125682 137318
125682 137318 143343
22751 68774 137409
68774 22751 137409
137409 22751 68774
74266 25406 41436
25406 41436 74266
41436 25406 74266
40933 29869 72950
29869 40933 72950
72950 29869 40933
12417 1301 64844
64844 1301 12417
1301 12417 64844
72013 35652 120674
35652 72013 120674
120674 35652 72013
6499 11466 50524
11466 6499 50524
50524 6499 11466
73818 4468 106126
106126 4468 73818
4468 73818 106126
20967 104975 119402
119402 20967 104975
104975 20967 119402
145268 48006 144902
48006 144902 145268
144902 48006 145268
37627 13439 25155
13439 25155 37627
25155 13439 37627
25014 59081 145161
59081 25014 145161
145161 25014 59081
100279 8607 10055
10055 8607 100279
8607 10055 100279
149015 47190 118185
118185 47190 149015
47190 118185 149015
123907 81617 94490
81617 94490 123907
94490 81617 123907
56936 32310 136720
136720 32310 56936
32310 56936 136720
37149 102642 116124
102642 37149 116124
116124 37149 102642
82887 105999 116145
105999 82887 116145
116145 82887 105999
109743 65881 119730
119730 65881 109743
65881 109743 119730
56320 141096 144942
141096 56320 144942
144942 56320 141096
145561 3658 62578
3658 62578 145561
62578 3658 145561
20251 123140 129695
129695 20251 123140
123140 20251 129695
74653 19900 45124
45124 19900 74653
19900 45124 74653
135570 58505 128622
58505 128622 135570
128622 58505 135570
102363 9159 60814
60814 9159 102363
9159 60814 102363
23402 13634 30610
30610 13634 23402
13634 23402 30610
17485 37502 44471
37502 17485 44471
44471 17485 37502
2920 68916 90811
68916 2920 90811
90811 2920 68916
109423 47597 53631
53631 47597 109423
47597 53631 109423
87856 23515 147796
147796 23515 87856
23515 87856 147796
114580 16040 73134
16040 73134 114580
73134 16040 114580
32875 93376 100113
100113 32875 93376
93376 32875 100113
6057 27484 107872
27484 6057 107872
107872 6057 27484
64052 60473 100546
100546 60473 64052
60473 64052 100546
43228 5670 85283
5670 43228 85283
85283 5670 43228
24297 50766 111075
50766 24297 111075
111075 24297 50766
124139 33973 98288
33973 98288 124139
98288 33973 124139
118917 109515 117304
109515 117304 118917
117304 109515 118917
139589 25610 26134
25610 26134 139589
26134 25610 139589
111127 40202 64459
64459 40202 111127
40202 64459 111127
117996 54238 141032
141032 54238 117996
54238 117996 141032
102219 9933 145058
145058 9933 102219
9933 102219 145058
26888 91622 97601
91622 26888 97601
97601 26888 91622
104506 79947 133823
79947 104506 133823
133823 79947 104506
34362 64901 86466
86466 34362 64901
64901 34362 86466
78373 2843 9533
9533 2843 78373
2843 9533 78373
106976 11114 75642
11114 75642 106976
75642 11114 106976
25275 80887 135902
80887 25275 135902
135902 25275 80887
100889 31693 55985
55985 31693 100889
31693 55985 100889
64877 75769 95338
75769 64877 95338
95338 64877 75769
49273 85589 122012
85589 49273 122012
122012 49273 85589
118174 11246 81360
11246 81360 118174
81360 11246 118174
65042 88513 94462
88513 65042 94462
94462 65042 88513
7189 48443 137354
48443 7189 137354
137354 7189 48443
100117 5662 13909
13909 5662 100117
5662 13909 100117
137474 23179 67498
23179 67498 137474
67498 23179 137474
28729 65162 91569
65162 28729 91569
91569 28729 65162
33673 34977 117097
34977 33673 117097
117097 33673 34977
76535 73436 86522
86522 73436 76535
73436 76535 86522
9729 129825 131293
131293 9729 129825
129825 9729 131293
121284 29593 41409
41409 29593 121284
29593 41409 121284
131902 86079 91228
91228 86079 131902
86079 91228 131902
110624 73372 146400
146400 73372 110624
73372 110624 146400
108244 47880 75489
47880 75489 108244
75489 47880 108244
120680 28659 53766
28659 53766 120680
53766 28659 120680
125820 1641 4903
4903 1641 125820
1641 4903 125820
68633 35090 81940
81940 35090 68633
35090 68633 81940
112856 29012 78134
78134 29012 112856
29012 78134 112856
53713 35108 130853
35108 53713 130853
130853 35108 53713
53907 11754 21238
21238 11754 53907
11754 21238 53907
59826 8385 61503
8385 59826 61503
61503 8385 59826
11979 52048 124719
52048 11979 124719
124719 11979 52048
110893 2188 4314
2188 4314 110893
4314 2188 110893
97426 27619 60403
60403 27619 97426
27619 60403 97426
130739 98755 113997
113997 98755 130739
98755 113997 130739
113059 15138 118168
15138 113059 118168
118168 15138 113059
2645 34296 65221
65221 2645 34296
34296 2645 65221
143050 46962 110170
110170 46962 143050
46962 110170 143050
129787 17100 75916
17100 75916 129787
75916 17100 129787
40800 26721 123946
26721 40800 123946
123946 26721 40800
101636 50555 112292
112292 50555 101636
50555 101636 112292
31219 53003 121428
53003 31219 121428
121428 31219 53003
23096 11349 60011
11349 23096 60011
60011 11349 23096
133591 38807 105766
38807 105766 133591
105766 38807 133591
78640 40405 59952
59952 40405 78640
40405 59952 78640
83627 38239 125945
38239 83627 125945
125945 38239 83627
59714 112219 146428
112219 59714 146428
146428 59714 112219
30232 90233 90664
90233 30232 90664
90664 30232 90233
21206 76857 125526
76857 21206 125526
125526 21206 76857
94056 17318 94779
17318 94056 94779
94779 17318 94056
25569 47403 47759
47759 25569 47403
47403 25569 47759
9114 12864 97065
12864 9114 97065
97065 9114 12864
73696 60760 79405
79405 60760 73696
60760 73696 79405
126807 6307 16454
16454 6307 126807
6307 16454 126807
147786 50827 128985
50827 128985 147786
128985 50827 147786
63817 27555 36618
27555 36618 63817
36618 27555 63817
93597 4972 107164
4972 93597 107164
107164 4972 93597
107331 90304 145772
90304 107331 145772
145772 90304 107331
58283 12953 67835
67835 12953 58283
12953 58283 67835
99509 51705 133098
51705 99509 133098
133098 51705 99509
147559 7057 27919
7057 27919 147559
27919 7057 147559
57063 11777 77337
77337 11777 57063
11777 57063 77337
954 40711 120561
40711 954 120561
120561 954 40711
56089 25956 85294
85294 25956 56089
25956 56089 85294
93010 26579 63615
26579 63615 93010
63615 26579 93010
84843 134308 138046
134308 84843 138046
138046 84843 134308
15870 14706 23690
23690 14706 15870
14706 15870 23690
16439 61747 117868
117868 16439 61747
61747 16439 117868
149455 24292 145552
145552 24292 149455
24292 145552 149455
114142 67491 97614
97614 67491 114142
67491 97614 114142
114293 34465 48944
48944 34465 114293
34465 48944 114293
116716 55033 149257
55033 116716 149257
149257 55033 116716
16557 71683 75880
71683 16557 75880
75880 16557 71683
143986 28395 115064
115064 28395 143986
28395 115064 143986
48069 97030 117232
97030 48069 117232
117232 48069 97030
76715 18393 138667
138667 18393 76715
18393 76715 138667
91991 44824 149052
149052 44824 91991
44824 91991 149052
133283 19597 37075
19597 37075 133283
37075 19597 133283
109528 29215 41527
29215 41527 109528
41527 29215 109528
75415 418 106723
106723 418 75415
418 75415 106723
45282 19494 148677
19494 45282 148677
148677 19494 45282
94938 97654 138952
97654 94938 138952
138952 94938 97654
16702 64099 144600
144600 16702 64099
64099 16702 144600
30541 67391 144827
144827 30541 67391
67391 30541 144827
35841 30515 127107
127107 30515 35841
30515 35841 127107
109143 52492 58156
58156 52492 109143
52492 58156 109143
43446 26224 48697
48697 26224 43446
26224 43446 48697
127431 69205 100943
100943 69205 127431
69205 100943 127431
1356 2080 62189
62189 1356 2080
2080 1356 62189
1065 14086 119611
119611 1065 14086
14086 1065 119611
92306 106647 114443
106647 92306 114443
114443 92306 106647
109068 53587 105634
105634 53587 109068
53587 105634 109068
121020 20518 145402
20518 121020 145402
145402 20518 121020
40093 105179 120353
120353 40093 105179
105179 40093 120353
70046 23500 32055
32055 23500 70046
23500 32055 70046
14761 6436 7422
6436 7422 14761
7422 6436 14761
46380 36105 55625
36105 46380 55625
55625 36105 46380
149390 104953 136676
104953 136676 149390
136676 104953 149390
18464 51039 119932
119932 18464 51039
51039 18464 119932
84672 49107 126684
49107 84672 126684
126684 49107 84672
147448 58130 140454
140454 58130 147448
58130 140454 147448
117279 30005 41883
41883 30005 117279
30005 41883 117279
141229 96707 102553
102553 96707 141229
96707 102553 141229
104647 125954 147778
125954 104647 147778
147778 104647 125954
122858 50502 104113
104113 50502 122858
50502 104113 122858
148026 8581 23642
23642 8581 148026
8581 23642 148026
119778 57060 134952
57060 119778 134952
134952 57060 119778
78158 75510 149754
149754 75510 78158
75510 78158 149754
109785 57215 136324
136324 57215 109785
57215 109785 136324
97462 114978 144980
114978 97462 144980
144980 97462 114978
139563 96110 103428
103428 96110 139563
96110 103428 139563
51897 1764 28080
1764 28080 51897
28080 1764 51897
61678 70300 98533
70300 61678 98533
98533 61678 70300
38678 72125 131152
72125 38678 131152
131152 38678 72125
96313 15905 81037
15905 81037 96313
81037 15905 96313
96322 49607 109611
49607 96322 109611
109611 49607 96322
24642 57639 72360
72360 24642 57639
57639 24642 72360
35326 40671 63218
40671 35326 63218
63218 35326 40671
54343 53715 96214
96214 53715 54343
53715 54343 96214
30461 69549 142365
142365 30461 69549
69549 30461 142365
144487 45684 138030
138030 45684 144487
45684 138030 144487
4810 69135 132052
69135 4810 132052
132052 4810 69135
39272 39840 53223
53223 39272 39840
39840 39272 53223
111784 75439 107022
75439 107022 111784
107022 75439 111784
148146 69802 89417
69802 89417 148146
89417 69802 148146
9145 7577 22464
7577 9145 22464
22464 7577 9145
14032 27515 121275
27515 14032 121275
121275 14032 27515
100053 19852 134218
134218 19852 100053
19852 100053 134218
90883 102648 130730
130730 90883 102648
102648 90883 130730
15420 63203 86372
63203 15420 86372
86372 15420 63203
145848 51578 73568
51578 73568 145848
73568 51578 145848
103971 34384 128504
34384 103971 128504
128504 34384 103971
79576 57755 66994
57755 66994 79576
66994 57755 79576
97845 55744 64071
64071 55744 97845
55744 64071 97845
71455 37291 45923
45923 37291 71455
37291 45923 71455
106713 19987 76273
76273 19987 106713
19987 76273 106713
17991 126989 137748
137748 17991 126989
126989 17991 137748
36144 49447 68615
49447 36144 68615
68615 36144 49447
102460 12885 75988
75988 12885 102460
12885 75988 102460
5295 43203 124045
124045 5295 43203
43203 5295 124045
9794 58817 136944
136944 9794 58817
58817 9794 136944
106290 16862 64717
64717 16862 106290
16862 64717 106290
64657 3019 79266
3019 64657 79266
79266 3019 64657
8418 79901 143565
79901 8418 143565
143565 8418 79901
38781 99210 116031
116031 38781 99210
99210 38781 116031
9657 17151 97689
17151 9657 97689
97689 9657 17151
97472 13049 13793
13049 13793 97472
13793 13049 97472
106147 39019 110132
39019 106147 110132
110132 39019 106147
1868 6361 44797
6361 1868 44797
44797 1868 6361
107851 125956 146319
146319 107851 125956
125956 107851 146319
8522 2379 80783
2379 8522 80783
80783 2379 8522
84915 12549 61552
12549 61552 84915
61552 12549 84915
108784 14438 85041
14438 85041 108784
85041 14438 108784
108583 68255 127945
127945 68255 108583
68255 108583 127945
39476 96160 117046
96160 39476 117046
117046 39476 96160
67605 135407 139211
139211 67605 135407
135407 67605 139211
31985 115744 145039
145039 31985 115744
115744 31985 145039
971 2147 108722
2147 971 108722
108722 971 2147
94662 73961 78655
73961 78655 94662
78655 73961 94662
136647 50241 53229
53229 50241 136647
50241 53229 136647
10256 51972 89792
51972 10256 89792
89792 10256 51972
82283 31120 47169
47169 31120 82283
31120 47169 82283
16361 25270 104456
104456 16361 25270
25270 16361 104456
62520 120980 123719
120980 62520 123719
123719 62520 120980
34651 10680 24325
24325 10680 34651
10680 24325 34651
168 43821 74867
74867 168 43821
43821 168 74867
60852 60906 133090
60906 60852 133090
133090 60852 60906
79309 3145 86783
3145 79309 86783
86783 3145 79309
66751 13668 130065
13668 66751 130065
130065 13668 66751
103649 28165 87531
87531 28165 103649
28165 87531 103649
119631 52442 103085
52442 103085 119631
103085 52442 119631
32602 86689 96750
86689 32602 96750
96750 32602 86689
99914 11657 97732
11657 97732 99914
97732 11657 99914
42124 37655 103355
37655 42124 103355
103355 37655 42124
1935 43028 108812
43028 1935 108812
108812 1935 43028
111667 11266 33223
11266 33223 111667
33223 11266 111667
116464 135793 140938
135793 116464 140938
140938 116464 135793
34295 63824 84553
63824 34295 84553
84553 34295 63824
85744 69247 118983
69247 85744 118983
118983 69247 85744
141862 97921 121041
121041 97921 141862
97921 121041 141862
74583 100519 126971
126971 74583 100519
100519 74583 126971
2985 41851 107814
107814 2985 41851
41851 2985 107814
141674 9866 85669
9866 85669 141674
85669 9866 141674
53998 10905 93240
93240 10905 53998
10905 53998 93240
91710 111709 112915
112915 91710 111709
111709 91710 112915
106127 92449 107841
107841 92449 106127
92449 106127 107841
79926 24235 98501
24235 79926 98501
98501 24235 79926
126573 95262 116727
116727 95262 126573
95262 116727 126573
124519 118736 140974
140974 118736 124519
118736 124519 140974
12012 47889 75800
75800 12012 47889
47889 12012 75800
90466 14420 80759
14420 80759 90466
80759 14420 90466
7863 57799 72497
72497 7863 57799
57799 7863 72497
16266 104860 148279
104860 16266 148279
148279 16266 104860
41179 23730 60596
23730 41179 60596
60596 23730 41179
18172 113363 128490
128490 18172 113363
113363 18172 128490
14650 12789 130053
130053 12789 14650
12789 14650 130053
78716 140 66032
140 66032 78716
66032 140 78716
56270 87092 105000
105000 56270 87092
87092 56270 105000
143600 20125 144397
144397 20125 143600
20125 143600 144397
91847 57228 139464
139464 57228 91847
57228 91847 139464
107159 26338 63124
26338 63124 107159
63124 26338 107159
13309 40049 123678
123678 13309 40049
40049 13309 123678
65424 102508 136984
102508 65424 136984
136984 65424 102508
112672 109496 124618
109496 112672 124618
124618 109496 112672
25707 27011 121675
27011 25707 121675
121675 25707 27011
41297 70629 127803
70629 41297 127803
127803 41297 70629
81932 8993 135891
8993 81932 135891
135891 8993 81932
66812 85777 110032
110032 66812 85777
85777 66812 110032
59196 52535 120002
52535 59196 120002
120002 52535 59196
20102 92027 125481
125481 20102 92027
92027 20102 125481
76076 37970 79580
79580 37970 76076
37970 76076 79580
123222 39028 81195
81195 39028 123222
39028 81195 123222
50126 66025 91686
66025 50126 91686
91686 50126 66025
122284 29659 126284
126284 29659 122284
29659 122284 126284
96510 84090 148414
84090 96510 148414
148414 84090 96510
69888 2375 94000
2375 69888 94000
94000 2375 69888
7216 38072 53681
53681 7216 38072
38072 7216 53681
18288 80809 136590
136590 18288 80809
80809 18288 136590
58350 2996 127958
2996 58350 127958
127958 2996 58350
108263 29477 121444
121444 29477 108263
29477 108263 121444
12079 65117 88312
88312 12079 65117
65117 12079 88312
120257 21074 134765
134765 21074 120257
21074 120257 134765
76504 16994 140630
140630 16994 76504
16994 76504 140630
6087 11219 137000
11219 6087 137000
137000 6087 11219
35170 87969 117551
87969 35170 117551
117551 35170 87969
102710 30737 127025
30737 102710 127025
127025 30737 102710
69698 48040 86161
48040 69698 86161
86161 48040 69698
112886 20835 115266
20835 112886 115266
115266 20835 112886
21803 21788 60863
60863 21788 21803
21788 21803 60863
15787 43165 103332
103332 15787 43165
43165 15787 103332
106895 93358 116205
116205 93358 106895
93358 106895 116205
120298 40554 144425
144425 40554 120298
40554 120298 144425
88984 22094 142215
142215 22094 88984
22094 88984 142215
68216 135060 142310
135060 68216 142310
142310 68216 135060
145092 44933 123339
123339 44933 145092
44933 123339 145092
19019 91155 115834
115834 19019 91155
91155 19019 115834
85660 55069 77367
77367 55069 85660
55069 77367 85660
45387 17702 33020
33020 17702 45387
17702 33020 45387
109505 1428 73708
73708 1428 109505
1428 73708 109505
117615 5620 69228
5620 69228 117615
69228 5620 117615
53164 114341 123310
114341 53164 123310
123310 53164 114341
101580 14669 136203
136203 14669 101580
14669 101580 136203
137863 41375 70525
41375 70525 137863
70525 41375 137863
99208 44918 47807
47807 44918 99208
44918 47807 99208
33576 52923 64677
64677 33576 52923
52923 33576 64677
69105 36907 56509
56509 36907 69105
36907 56509 69105
119194 88766 108948
108948 88766 119194
88766 108948 119194
2633 89238 117930
117930 2633 89238
89238 2633 117930
135325 10879 41079
10879 41079 135325
41079 10879 135325
46001 7282 76974
76974 7282 46001
7282 46001 76974
110072 83595 122044
83595 110072 122044
122044 83595 110072
652 130872 138373
130872 652 138373
138373 652 130872
60980 75887 86747
75887 60980 86747
86747 60980 75887
91060 27311 105928
27311 91060 105928
105928 27311 91060
116217 54769 90842
54769 90842 116217
90842 54769 116217
139972 115073 119299
115073 119299 139972
119299 115073 139972
52853 51674 72172
51674 52853 72172
72172 51674 52853
109194 42121 81810
81810 42121 109194
42121 81810 109194
39977 135949 141239
141239 39977 135949
135949 39977 141239
120882 33451 42644
42644 33451 120882
33451 42644 120882
144094 16895 122720
16895 122720 144094
122720 16895 144094
81657 7459 104199
7459 81657 104199
104199 7459 81657
86121 69955 76626
69955 76626 86121
76626 69955 86121
74650 53340 93769
93769 53340 74650
53340 74650 93769
75479 70112 81834
81834 70112 75479
70112 75479 81834
114040 34945 66905
34945 66905 114040
66905 34945 114040
35444 68910 132924
132924 35444 68910
68910 35444 132924
121669 47326 109411
47326 109411 121669
109411 47326 121669
106990 50201 98869
98869 50201 106990
50201 98869 106990
136533 22253 63513
22253 63513 136533
63513 22253 136533
39856 100697 122979
122979 39856 100697
100697 39856 122979
116974 71945 110919
71945 110919 116974
110919 71945 116974
107865 26115 65718
26115 65718 107865
65718 26115 107865
27875 48891 99630
48891 27875 99630
99630 27875 48891
140518 84161 120307
84161 120307 140518
120307 84161 140518
56547 14738 61466
61466 14738 56547
14738 56547 61466
24185 11428 65178
65178 11428 24185
11428 24185 65178
119513 12296 52082
12296 52082 119513
52082 12296 119513
114961 34704 75317
75317 34704 114961
34704 75317 114961
44567 42084 102934
42084 44567 102934
102934 42084 44567
21263 16174 88246
88246 16174 21263
16174 21263 88246
81310 88973 119471
119471 81310 88973
88973 81310 119471
128150 73342 78394
73342 78394 128150
78394 73342 128150
87221 82732 126504
82732 87221 126504
126504 82732 87221
1377 35580 146456
35580 1377 146456
146456 1377 35580
73559 62719 128551
128551 62719 73559
62719 73559 128551
98602 60434 62011
60434 62011 98602
62011 60434 98602
146070 51343 79282
51343 79282 146070
79282 51343 146070
134277 32463 140515
32463 134277 140515
140515 32463 134277
46516 113144 133254
113144 46516 133254
133254 46516 113144
130592 85129 124072
124072 85129 130592
85129 124072 130592
66973 13903 122716
122716 13903 66973
13903 66973 122716
110492 19276 115939
115939 19276 110492
19276 110492 115939
55742 2253 60474
2253 55742 60474
60474 2253 55742
144549 37937 102611
37937 102611 144549
102611 37937 144549
20075 638 143895
638 20075 143895
143895 638 20075
11654 43753 69417
69417 11654 43753
43753 11654 69417
104286 13073 54934
13073 54934 104286
54934 13073 104286
62393 15406 30803
30803 15406 62393
15406 30803 62393
4147 49915 114721
49915 4147 114721
114721 4147 49915
3098 109569 144273
109569 3098 144273
144273 3098 109569
53470 19688 99757
99757 19688 53470
19688 53470 99757
55000 36840 139488
139488 36840 55000
36840 55000 139488
82924 127674 141966
127674 82924 141966
141966 82924 127674
11914 108488 143846
143846 11914 108488
108488 11914 143846
2415 123729 145768
145768 2415 123729
123729 2415 145768
79422 24478 78463
78463 24478 79422
24478 78463 79422
97483 13303 28956
13303 28956 97483
28956 13303 97483
110102 91816 135842
91816 110102 135842
135842 91816 110102
125060 45819 80015
80015 45819 125060
45819 80015 125060
8831 15568 104828
15568 8831 104828
104828 8831 15568
75538 72671 89569
89569 72671 75538
72671 75538 89569
86074 31334 134708
134708 31334 86074
31334 86074 134708
44056 1516 143348
1516 44056 143348
143348 1516 44056
40445 25909 37609
37609 25909 40445
25909 37609 40445
4494 2233 144112
2233 4494 144112
144112 2233 4494
21729 37472 137045
37472 21729 137045
137045 21729 37472
7462 103716 131332
103716 7462 131332
131332 7462 103716
8559 77063 124090
124090 8559 77063
77063 8559 124090
4063 41221 125311
41221 4063 125311
125311 4063 41221
72426 40018 75185
40018 72426 75185
75185 40018 72426
116163 48447 133558
48447 116163 133558
133558 48447 116163
131589 8301 142185
142185 8301 131589
8301 131589 142185
58649 7710 57707
7710 57707 58649
57707 7710 58649
32133 6918 15750
15750 6918 32133
6918 15750 32133
86549 863 80155
80155 863 86549
863 80155 86549
149865 36291 88346
36291 88346 149865
88346 36291 149865
53268 91084 114137
114137 53268 91084
91084 53268 114137
120347 12603 128023
12603 120347 128023
128023 12603 120347
11621 58208 97017
58208 11621 97017
97017 11621 58208
5667 55223 98849
98849 5667 55223
55223 5667 98849
130884 29680 99198
99198 29680 130884
29680 99198 130884
3322 99816 108368
99816 3322 108368
108368 3322 99816
91283 55133 111291
111291 55133 91283
55133 91283 111291
112421 52615 60031
60031 52615 112421
52615 60031 112421
32321 79350 146993
146993 32321 79350
79350 32321 146993
17622 33981 98644
98644 17622 33981
33981 17622 98644
133684 53269 104684
104684 53269 133684
53269 104684 133684
54203 22190 121757
121757 22190 54203
22190 54203 121757
119197 67006 127950
67006 119197 127950
127950 67006 119197
104929 51530 66809
66809 51530 104929
51530 66809 104929
98090 126278 146979
146979 98090 126278
126278 98090 146979
65155 1146 22698
22698 1146 65155
1146 22698 65155
58902 30438 126050
126050 30438 58902
30438 58902 126050
127973 87658 125132
87658 125132 127973
125132 87658 127973
75573 15662 148708
148708 15662 75573
15662 75573 148708
56719 118169 118673
118169 56719 118673
118673 56719 118169
99691 63911 113475
63911 99691 113475
113475 63911 99691
117775 82800 139719
139719 82800 117775
82800 117775 139719
21230 34936 135188
34936 21230 135188
135188 21230 34936
72107 82522 86548
86548 72107 82522
82522 72107 86548
77127 22114 53335
53335 22114 77127
22114 53335 77127
114870 85566 95164
85566 95164 114870
95164 85566 114870
15008 65360 128647
65360 15008 128647
128647 15008 65360
20801 19267 121724
19267 20801 121724
121724 19267 20801
87085 11663 15910
11663 15910 87085
15910 11663 87085
31923 17966 64544
64544 17966 31923
17966 31923 64544
149997 23519 146718
23519 146718 149997
146718 23519 149997
104689 90718 101447
90718 101447 104689
101447 90718 104689
13117 31643 111746
111746 13117 31643
31643 13117 111746
21236 59764 95369
95369 21236 59764
59764 21236 95369
27350 68697 131555
68697 27350 131555
131555 27350 68697
110005 94027 105397
94027 105397 110005
105397 94027 110005
95120 21800 84425
84425 21800 95120
21800 84425 95120
143234 80117 131339
131339 80117 143234
80117 131339 143234
130202 6957 16590
16590 6957 130202
6957 16590 130202
146825 56417 65230
56417 65230 146825
65230 56417 146825
30258 18130 73641
18130 30258 73641
73641 18130 30258
94528 25839 35434
25839 35434 94528
35434 25839 94528
147581 31254 66845
31254 66845 147581
66845 31254 147581
31459 114515 130303
130303 31459 114515
114515 31459 130303
26118 49749 143505
49749 26118 143505
143505 26118 49749
18631 1865 72853
72853 1865 18631
1865 18631 72853
18160 42275 112171
112171 18160 42275
42275 18160 112171
20139 76511 113179
113179 20139 76511
76511 20139 113179
16684 109208 134815
109208 16684 134815
134815 16684 109208
88424 83372 105748
83372 88424 105748
105748 83372 88424
140160 9619 27714
27714 9619 140160
9619 27714 140160
21285 130682 136473
130682 21285 136473
136473 21285 130682
144153 24286 116606
24286 116606 144153
116606 24286 144153
618 97206 144652
97206 618 144652
144652 618 97206
28899 64912 69089
64912 28899 69089
69089 28899 64912
35118 59424 107396
107396 35118 59424
59424 35118 107396
60037 33992 67299
33992 60037 67299
67299 33992 60037
90102 21616 81340
21616 81340 90102
81340 21616 90102
114422 81142 105338
81142 105338 114422
105338 81142 114422
135904 94052 133597
133597 94052 135904
94052 133597 135904
133940 37383 101118
101118 37383 133940
37383 101118 133940
75725 104893 130392
104893 75725 130392
130392 75725 104893
130715 83875 121671
121671 83875 130715
83875 121671 130715
85597 17551 23241
23241 17551 85597
17551 23241 85597
42563 20901 107714
107714 20901 42563
20901 42563 107714
69907 108734 117079
117079 69907 108734
108734 69907 117079
65598 55787 115318
115318 55787 65598
55787 65598 115318
91623 30973 55769
30973 55769 91623
55769 30973 91623
13013 30884 118385
118385 13013 30884
30884 13013 118385
14070 47153 143194
47153 14070 143194
143194 14070 47153
16 30199 144214
30199 16 144214
144214 16 30199
145508 20077 55007
20077 55007 145508
55007 20077 145508
83127 23985 130528
23985 83127 130528
130528 23985 83127
24045 59734 89256
89256 24045 59734
59734 24045 89256
99994 45458 113882
45458 99994 113882
113882 45458 99994
21053 20677 119515
20677 21053 119515
119515 20677 21053
91887 3580 32255
32255 3580 91887
3580 32255 91887
79569 60519 61447
60519 61447 79569
61447 60519 79569
81984 112147 146184
146184 81984 112147
112147 81984 146184
50685 35980 110599
35980 50685 110599
110599 35980 50685
122873 10777 51488
51488 10777 122873
10777 51488 122873
77221 34250 41713
34250 41713 77221
41713 34250 77221
96335 35018 54398
35018 54398 96335
54398 35018 96335
37965 824 31904
31904 824 37965
824 31904 37965
63738 32734 90755
90755 32734 63738
32734 63738 90755
67590 73349 116039
116039 67590 73349
73349 67590 116039
53296 70211 134968
70211 53296 134968
134968 53296 70211
144529 38508 108039
38508 108039 144529
108039 38508 144529
30802 70394 134192
134192 30802 70394
70394 30802 134192
19650 22798 85246
22798 19650 85246
85246 19650 22798
80071 63969 114468
63969 80071 114468
114468 63969 80071
132682 77446 93409
77446 93409 132682
93409 77446 132682
96114 4289 110004
110004 4289 96114
4289 96114 110004
131245 12501 75447
75447 12501 131245
12501 75447 131245
5856 97349 113976
97349 5856 113976
113976 5856 97349
70623 39256 118016
118016 39256 70623
39256 70623 118016
83340 55972 103698
55972 83340 103698
103698 55972 83340
14995 95269 102109
102109 14995 95269
95269 14995 102109
129012 72568 75179
75179 72568 129012
72568 75179 129012
93741 33396 38951
33396 38951 93741
38951 33396 93741
139948 18566 142348
18566 139948 142348
142348 18566 139948
129641 46747 113362
46747 113362 129641
113362 46747 129641
146347 77399 112780
112780 77399 146347
77399 112780 146347
7689 22008 142953
142953 7689 22008
22008 7689 142953
102739 12957 88629
88629 12957 102739
12957 88629 102739
44999 7644 133548
7644 44999 133548
133548 7644 44999
130661 107700 123782
107700 123782 130661
123782 107700 130661
98424 80066 135127
80066 98424 135127
135127 80066 98424
27456 50882 126621
126621 27456 50882
50882 27456 126621
73505 110227 112953
112953 73505 110227
110227 73505 112953
143551 1280 9022
9022 1280 143551
1280 9022 143551
137588 109794 124746
124746 109794 137588
109794 124746 137588
25220 60783 109901
109901 25220 60783
60783 25220 109901
74791 6886 39886
39886 6886 74791
6886 39886 74791
68163 7766 99319
99319 7766 68163
7766 68163 99319
117110 42884 86896
42884 86896 117110
86896 42884 117110
92965 29929 87374
29929 87374 92965
87374 29929 92965
85805 35931 121039
35931 85805 121039
121039 35931 85805
86347 32047 113580
113580 32047 86347
32047 86347 113580
26613 1557 140890
140890 1557 26613
1557 26613 140890
117798 83280 103980
103980 83280 117798
83280 103980 117798
6145 63028 137401
63028 6145 137401
137401 6145 63028
64698 27265 75263
75263 27265 64698
27265 64698 75263
28109 32164 89806
32164 28109 89806
89806 28109 32164
58421 3756 114953
3756 58421 114953
114953 3756 58421
136744 26009 88099
26009 88099 136744
88099 26009 136744
136723 19994 82273
19994 82273 136723
82273 19994 136723
145532 80274 132786
80274 132786 145532
132786 80274 145532
145110 28669 101871
28669 101871 145110
101871 28669 145110
11717 101492 145312
101492 11717 145312
145312 11717 101492
148083 128338 133891
128338 133891 148083
133891 128338 148083
112410 17337 48030
17337 48030 112410
48030 17337 112410
18780 36982 114026
114026 18780 36982
36982 18780 114026
74765 77382 82628
82628 74765 77382
77382 74765 82628
139527 37872 68754
37872 68754 139527
68754 37872 139527
131289 7923 21513
21513 7923 131289
7923 21513 131289
81801 35843 74797
35843 74797 81801
74797 35843 81801
78471 92865 120673
120673 78471 92865
92865 78471 120673
2834 42858 77699
77699 2834 42858
42858 2834 77699
72515 80016 125544
80016 72515 125544
125544 72515 80016
7720 20739 45146
20739 7720 45146
45146 7720 20739
96246 3776 81528
3776 81528 96246
81528 3776 96246
5752 37000 109239
37000 5752 109239
109239 5752 37000
28558 102433 119490
102433 28558 119490
119490 28558 102433
94262 35813 80467
35813 80467 94262
80467 35813 94262
88598 3705 32918
32918 3705 88598
3705 32918 88598
147547 30033 99030
30033 99030 147547
99030 30033 147547
16910 26469 76409
26469 16910 76409
76409 16910 26469
107580 75613 126718
75613 107580 126718
126718 75613 107580
34890 92880 127596
127596 34890 92880
92880 34890 127596
120753 24489 57463
57463 24489 120753
24489 57463 120753
13449 92037 109531
109531 13449 92037
92037 13449 109531
111232 5987 87097
87097 5987 111232
5987 87097 111232
22064 5731 6668
6668 5731 22064
5731 6668 22064
108334 95872 134459
134459 95872 108334
95872 108334 134459
42229 77052 82599
82599 42229 77052
77052 42229 82599
110391 64840 123401
64840 110391 123401
123401 64840 110391
7632 21301 110288
110288 7632 21301
21301 7632 110288
140572 35865 58592
35865 58592 140572
58592 35865 140572
143931 7947 144697
7947 143931 144697
144697 7947 143931
20065 136354 148206
136354 20065 148206
148206 20065 136354
65371 7747 119615
7747 65371 119615
119615 7747 65371
97666 95867 101113
101113 95867 97666
95867 97666 101113
26667 82412 83852
82412 26667 83852
83852 26667 82412
7344 128574 131487
131487 7344 128574
128574 7344 131487
10809 7109 144948
144948 7109 10809
7109 10809 144948
55083 39759 97059
97059 39759 55083
39759 55083 97059
36217 74044 127824
127824 36217 74044
74044 36217 127824
124993 40046 133646
40046 124993 133646
133646 40046 124993
83748 7706 128505
7706 83748 128505
128505 7706 83748
94869 13808 58446
13808 58446 94869
58446 13808 94869
117890 29071 74981
29071 74981 117890
74981 29071 117890
21483 85981 124214
124214 21483 85981
85981 21483 124214
70391 5221 97340
5221 70391 97340
97340 5221 70391
104722 32474 124179
124179 32474 104722
32474 104722 124179
80091 95965 121980
121980 80091 95965
95965 80091 121980
132333 64964 86736
86736 64964 132333
64964 86736 132333
104635 55041 67611
67611 55041 104635
55041 67611 104635
75915 38031 45157
38031 45157 75915
45157 38031 75915
118149 25198 38872
38872 25198 118149
25198 38872 118149
103739 27356 86816
27356 86816 103739
86816 27356 103739
54182 23300 26869
26869 23300 54182
23300 26869 54182
116564 76289 113148
113148 76289 116564
76289 113148 116564
44524 68740 118718
68740 44524 118718
118718 44524 68740
22098 18747 62557
62557 18747 22098
18747 22098 62557
135492 62628 116569
116569 62628 135492
62628 116569 135492
143204 141917 148913
148913 141917 143204
141917 143204 148913
40187 2758 11580
11580 2758 40187
2758 11580 40187
93251 28726 67518
67518 28726 93251
28726 67518 93251
83420 76050 89809
89809 76050 83420
76050 83420 89809
91856 59413 74070
59413 74070 91856
74070 59413 91856
23961 39971 124818
124818 23961 39971
39971 23961 124818
57843 34763 49876
34763 49876 57843
49876 34763 57843
105811 38100 149520
149520 38100 105811
38100 105811 149520
98987 25522 146220
25522 98987 146220
146220 25522 98987
2556 21294 86662
86662 2556 21294
21294 2556 86662
71953 80063 91382
80063 71953 91382
91382 71953 80063
118362 14643 116679
116679 14643 118362
14643 116679 118362
50700 46361 82588
46361 50700 82588
82588 46361 50700
104592 147189 147458
147189 104592 147458
147458 104592 147189
15521 99646 128355
128355 15521 99646
99646 15521 128355
102918 72862 136909
72862 102918 136909
136909 72862 102918
16293 637 67555
67555 637 16293
637 16293 67555
112535 19931 25075
19931 25075 112535
25075 19931 112535
42518 97588 127651
97588 42518 127651
127651 42518 97588
95856 98980 131646
131646 95856 98980
98980 95856 131646
21892 4123 15490
4123 15490 21892
15490 4123 21892
21314 11774 135277
11774 21314 135277
135277 11774 21314
119310 120844 147806
147806 119310 120844
120844 119310 147806
45384 103728 132796
103728 45384 132796
132796 45384 103728
24985 51743 142441
142441 24985 51743
51743 24985 142441
91912 43373 103432
103432 43373 91912
43373 91912 103432
103542 86102 148977
86102 103542 148977
148977 86102 103542
79872 41227 112288
41227 79872 112288
112288 41227 79872
26194 88693 120449
88693 26194 120449
120449 26194 88693
106078 27069 64282
64282 27069 106078
27069 64282 106078
13058 57847 113223
57847 13058 113223
113223 13058 57847
89006 15408 136407
15408 89006 136407
136407 15408 89006
129891 10050 122959
122959 10050 129891
10050 122959 129891
45355 11493 54392
11493 45355 54392
54392 11493 45355
71960 58151 116497
58151 71960 116497
116497 58151 71960
136080 32689 46655
46655 32689 136080
32689 46655 136080
115265 45172 60015
45172 60015 115265
60015 45172 115265
141191 84352 133236
84352 133236 141191
133236 84352 141191
147176 39144 106284
106284 39144 147176
39144 106284 147176
87286 9346 89405
9346 87286 89405
89405 9346 87286
59673 20507 30510
30510 20507 59673
20507 30510 59673
92504 116858 143882
143882 92504 116858
116858 92504 143882
19836 37334 57491
37334 19836 57491
57491 19836 37334
53566 20741 113821
113821 20741 53566
20741 53566 113821
107106 1446 104887
104887 1446 107106
1446 104887 107106
66199 140118 140402
140118 66199 140402
140402 66199 140118
82033 17600 18603
18603 17600 82033
17600 18603 82033
31733 4982 105385
105385 4982 31733
4982 31733 105385
81612 3187 133475
133475 3187 81612
3187 81612 133475
121688 16987 26305
16987 26305 121688
26305 16987 121688
2869 1727 76555
1727 2869 76555
76555 1727 2869
28188 17407 32389
32389 17407 28188
17407 28188 32389
144456 39410 105408
105408 39410 144456
39410 105408 144456
95213 3453 11457
11457 3453 95213
3453 11457 95213
27016 23981 126850
23981 27016 126850
126850 23981 27016
72316 29855 107538
29855 72316 107538
107538 29855 72316
58413 39467 68372
68372 39467 58413
39467 58413 68372
131378 65365 105267
105267 65365 131378
65365 105267 131378
53088 13532 27233
27233 13532 53088
13532 27233 53088
29163 33693 74864
33693 29163 74864
74864 29163 33693
108277 22299 96425
