415 158 1484
1484 158 415
158 415 1484
654 83 876
83 654 876
876 83 654
1129 780 1489
780 1129 1489
1489 780 1129
1167 771 1203
771 1167 1203
1203 771 1167
218 103 331
331 103 218
103 218 331
1499 334 432
432 334 1499
334 432 1499
803 466 696
466 696 803
696 466 803
736 63 759
63 736 759
759 63 736
385 905 1171
905 385 1171
1171 385 905
929 113 288
113 288 929
288 113 929
979 727 1488
1488 727 979
727 979 1488
1214 243 1491
1491 243 1214
243 1214 1491
580 835 1481
835 580 1481
1481 580 835
116 698 1188
1188 116 698
698 116 1188
1230 387 448
448 387 1230
387 448 1230
185 199 1261
1261 185 199
199 185 1261
399 7 884
884 7 399
7 399 884
1467 978 1084
978 1084 1467
1084 978 1467
307 550 1275
550 307 1275
1275 307 550
1020 94 182
94 182 1020
182 94 1020
330 269 723
723 269 330
269 330 723
1078 325 1377
1377 325 1078
325 1078 1377
1439 96 892
892 96 1439
96 892 1439
1069 674 966
966 674 1069
674 966 1069
76 925 1190
1190 76 925
925 76 1190
746 186 233
186 233 746
233 186 746
1093 169 420
169 420 1093
420 169 1093
229 159 1213
159 229 1213
1213 159 229
986 603 1056
1056 603 986
603 986 1056
519 611 1431
1431 519 611
611 519 1431
329 825 1392
825 329 1392
1392 329 825
984 779 801
801 779 984
779 801 984
253 304 747
747 253 304
304 253 747
586 875 1119
875 586 1119
1119 586 875
314 593 1232
593 314 1232
1232 314 593
66 1012 1104
1104 66 1012
1012 66 1104
1378 193 576
193 576 1378
576 193 1378
532 446 1245
446 532 1245
1245 446 532
1121 737 1199
1199 737 1121
737 1121 1199
268 575 833
833 268 575
575 268 833
74 200 355
200 74 355
355 74 200
745 221 337
221 337 745
337 221 745
701 608 1106
608 701 1106
1106 608 701
370 425 757
425 370 757
757 370 425
712 796 997
796 712 997
997 712 796
896 677 900
677 896 900
900 677 896
872 945 1363
1363 872 945
945 872 1363
231 1082 1168
1082 231 1168
1168 231 1082
653 38 788
38 653 788
788 38 653
911 323 351
351 323 911
323 351 911
990 18 1137
1137 18 990
18 990 1137
873 44 1270
1270 44 873
44 873 1270
1313 369 1319
1319 369 1313
369 1313 1319
380 166 707
166 380 707
707 166 380
1054 178 391
178 391 1054
391 178 1054
1437 436 622
622 436 1437
436 622 1437
1135 752 831
752 831 1135
831 752 1135
487 61 1443
1443 61 487
61 487 1443
20 750 1301
1301 20 750
750 20 1301
1165 713 1286
713 1165 1286
1286 713 1165
792 102 364
364 102 792
102 364 792
1317 1037 1314
1037 1314 1317
1314 1037 1317
534 249 1410
1410 249 534
249 534 1410
1375 202 348
202 348 1375
348 202 1375
1393 305 998
998 305 1393
305 998 1393
1202 594 1385
594 1202 1385
1385 594 1202
962 248 1030
248 962 1030
1030 248 962
719 284 1406
284 719 1406
1406 284 719
561 302 1432
302 561 1432
1432 302 561
620 145 275
275 145 620
145 275 620
722 492 913
913 492 722
492 722 913
62 281 1394
281 62 1394
1394 62 281
2 430 748
430 2 748
748 2 430
371 108 1290
1290 108 371
108 371 1290
776 411 769
769 411 776
411 769 776
755 265 541
265 541 755
541 265 755
1343 316 684
684 316 1343
316 684 1343
965 947 955
955 947 965
947 955 965
1116 774 838
774 838 1116
838 774 1116
1494 291 649
291 649 1494
649 291 1494
362 453 1298
1298 362 453
453 362 1298
1019 31 614
31 614 1019
614 31 1019
1450 725 952
952 725 1450
725 952 1450
209 781 1479
1479 209 781
781 209 1479
941 55 363
363 55 941
55 363 941
967 730 1174
1174 730 967
730 967 1174
84 1006 1215
1006 84 1215
1215 84 1006
361 128 292
128 292 361
292 128 361
1386 220 878
878 220 1386
220 878 1386
352 764 1105
764 352 1105
1105 352 764
1229 211 1061
211 1061 1229
1061 211 1229
81 650 816
816 81 650
650 81 816
1337 167 1395
1395 167 1337
167 1337 1395
841 512 669
512 669 841
669 512 841
523 879 1292
879 523 1292
1292 523 879
405 770 1133
1133 405 770
770 405 1133
859 474 932
474 859 932
932 474 859
1183 624 1172
1172 624 1183
624 1172 1183
162 223 1273
223 162 1273
1273 162 223
65 496 1433
1433 65 496
496 65 1433
69 834 923
923 69 834
834 69 923
412 261 705
705 261 412
261 412 705
973 133 258
133 258 973
258 133 973
1238 306 717
717 306 1238
306 717 1238
239 537 954
954 239 537
537 239 954
815 271 887
271 815 887
887 271 815
882 504 598
504 598 882
598 504 882
609 164 1490
1490 164 609
164 609 1490
964 91 912
912 91 964
91 912 964
621 683 1211
1211 621 683
683 621 1211
144 619 1495
1495 144 619
619 144 1495
1293 262 926
926 262 1293
262 926 1293
403 861 1401
861 403 1401
1401 403 861
1243 732 854
854 732 1243
732 854 1243
22 198 285
285 22 198
198 22 285
890 17 1076
17 890 1076
1076 17 890
154 121 1170
121 154 1170
1170 121 154
215 963 1186
963 215 1186
1186 215 963
410 1239 1274
1274 410 1239
1239 410 1274
1416 520 903
520 903 1416
903 520 1416
179 819 1438
1438 179 819
819 179 1438
67 692 874
874 67 692
692 67 874
753 775 1498
1498 753 775
775 753 1498
605 235 857
857 235 605
235 605 857
585 1346 1475
1346 585 1475
1475 585 1346
924 317 928
317 924 928
928 317 924
1161 652 1125
652 1125 1161
1125 652 1161
203 617 1384
617 203 1384
1384 203 617
1005 714 1049
1049 714 1005
714 1005 1049
71 600 671
600 71 671
671 71 600
461 642 761
642 461 761
761 461 642
478 245 452
452 245 478
245 452 478
1396 552 1473
1473 552 1396
552 1396 1473
1153 241 1160
241 1153 1160
1160 241 1153
1339 762 1255
1255 762 1339
762 1255 1339
1146 1055 1383
1055 1146 1383
1383 1055 1146
440 289 321
289 321 440
321 289 440
56 299 333
333 56 299
299 56 333
869 568 927
568 869 927
927 568 869
1113 368 1036
368 1036 1113
1036 368 1113
515 535 560
560 515 535
535 515 560
1295 327 864
327 864 1295
864 327 1295
694 1360 1370
1370 694 1360
1360 694 1370
339 666 1138
666 339 1138
1138 339 666
119 812 1471
1471 119 812
812 119 1471
920 602 1281
1281 602 920
602 920 1281
1400 613 823
823 613 1400
613 823 1400
382 26 194
194 26 382
26 194 382
970 240 1086
240 970 1086
1086 240 970
287 494 1338
494 287 1338
1338 287 494
442 1067 1218
1067 442 1218
1218 442 1067
219 829 1268
1268 219 829
829 219 1268
980 383 542
383 542 980
542 383 980
1284 324 1294
1294 324 1284
324 1284 1294
407 228 1196
228 407 1196
1196 228 407
583 655 1047
1047 583 655
655 583 1047
511 625 1262
625 511 1262
1262 511 625
659 310 1094
310 659 1094
1094 310 659
1025 130 488
130 488 1025
488 130 1025
346 489 503
503 346 489
489 346 503
1149 579 934
579 934 1149
934 579 1149
917 132 1216
132 917 1216
1216 132 917
1267 668 1327
668 1267 1327
1327 668 1267
1442 417 992
417 992 1442
992 417 1442
1462 414 451
451 414 1462
414 451 1462
456 264 856
856 264 456
264 456 856
312 894 921
894 312 921
921 312 894
8 754 915
754 8 915
915 8 754
439 216 1459
1459 216 439
216 439 1459
1496 660 922
922 660 1496
660 922 1496
935 297 1441
1441 297 935
297 935 1441
1193 433 635
635 433 1193
433 635 1193
1326 853 1221
1221 853 1326
853 1221 1326
1234 41 1285
41 1234 1285
1285 41 1234
37 475 1115
1115 37 475
475 37 1115
1407 975 1468
1468 975 1407
975 1407 1468
33 80 567
80 33 567
567 33 80
1173 315 1233
315 1173 1233
1233 315 1173
1219 111 665
665 111 1219
111 665 1219
85 207 372
207 85 372
372 85 207
1356 90 441
441 90 1356
90 441 1356
1417 375 1463
1463 375 1417
375 1417 1463
940 68 784
68 784 940
784 68 940
1472 53 919
53 919 1472
919 53 1472
1097 632 1414
1414 632 1097
632 1097 1414
1345 826 987
987 826 1345
826 987 1345
591 505 1191
505 591 1191
1191 505 591
1150 359 721
721 359 1150
359 721 1150
1181 139 156
139 156 1181
156 139 1181
961 904 1087
1087 904 961
904 961 1087
710 527 1279
1279 527 710
527 710 1279
1065 15 524
15 524 1065
524 15 1065
418 395 888
395 418 888
888 395 418
1492 177 1157
177 1157 1492
1157 177 1492
1329 115 349
349 115 1329
115 349 1329
1482 142 509
509 142 1482
142 509 1482
127 48 236
48 127 236
236 48 127
893 4 1332
1332 4 893
4 893 1332
767 843 1217
1217 767 843
843 767 1217
303 742 1252
1252 303 742
742 303 1252
1145 1040 1258
1258 1040 1145
1040 1145 1258
1353 104 971
104 971 1353
971 104 1353
445 830 1048
1048 445 830
830 445 1048
408 187 960
187 408 960
960 187 408
183 953 1046
1046 183 953
953 183 1046
657 933 1428
1428 657 933
933 657 1428
1038 867 1098
867 1038 1098
1098 867 1038
787 443 1029
443 787 1029
1029 443 787
936 42 230
230 42 936
42 230 936
153 623 799
623 153 799
799 153 623
86 212 401
401 86 212
212 86 401
421 326 427
427 326 421
326 421 427
10 758 1089
1089 10 758
758 10 1089
378 1342 1444
1342 378 1444
1444 378 1342
296 373 700
373 296 700
700 296 373
778 3 117
117 3 778
3 117 778
293 685 1405
685 293 1405
1405 293 685
1072 540 942
540 942 1072
942 540 1072
1321 1236 1350
1236 1321 1350
1350 1236 1321
450 227 571
227 450 571
571 227 450
1271 1080 1476
1476 1080 1271
1080 1271 1476
109 910 1192
1192 109 910
910 109 1192
672 634 995
634 672 995
995 634 672
772 151 214
151 214 772
214 151 772
129 376 539
376 129 539
539 129 376
125 1134 1297
1297 125 1134
1134 125 1297
578 176 1081
176 578 1081
1081 176 578
357 844 1175
1175 357 844
844 357 1175
1158 225 1122
225 1122 1158
1122 225 1158
735 641 908
641 735 908
908 641 735
1470 95 1114
1114 95 1470
95 1114 1470
437 106 510
106 437 510
510 106 437
143 246 1063
1063 143 246
246 143 1063
810 785 1248
1248 785 810
785 810 1248
1016 846 897
846 897 1016
897 846 1016
52 1253 1423
1423 52 1253
1253 52 1423
73 343 743
343 73 743
743 73 343
517 88 189
88 189 517
189 88 517
1070 429 1435
429 1070 1435
1435 429 1070
70 35 47
47 35 70
35 47 70
1075 50 163
50 163 1075
163 50 1075
1028 9 328
328 9 1028
9 328 1028
196 250 1485
1485 196 250
250 196 1485
988 358 1249
1249 358 988
358 988 1249
832 610 1381
1381 610 832
610 832 1381
377 506 533
506 377 533
533 377 506
618 360 460
460 360 618
360 460 618
1465 82 679
82 679 1465
679 82 1465
1449 404 976
976 404 1449
404 976 1449
1205 238 270
270 238 1205
238 270 1205
821 982 1130
982 821 1130
1130 821 982
25 455 1052
455 25 1052
1052 25 455
1322 190 1318
190 1318 1322
1318 190 1322
871 1074 1210
1074 871 1210
1210 871 1074
1357 197 374
197 374 1357
374 197 1357
889 93 907
907 93 889
93 889 907
601 354 607
354 601 607
607 354 601
1415 342 631
342 631 1415
631 342 1415
1136 99 1107
99 1107 1136
1107 99 1136
1376 1335 1398
1335 1376 1398
1398 1335 1376
629 491 1159
491 629 1159
1159 491 629
1110 160 175
160 175 1110
175 160 1110
1302 365 536
536 365 1302
365 536 1302
206 278 1220
278 206 1220
1220 206 278
637 416 734
416 637 734
734 416 637
943 140 1287
140 943 1287
1287 140 943
1306 170 563
170 563 1306
563 170 1306
23 43 1263
1263 23 43
43 23 1263
565 1154 1390
1390 565 1154
1154 565 1390
224 120 1050
120 224 1050
1050 120 224
51 394 1237
394 51 1237
1237 51 394
39 472 1474
472 39 1474
1474 39 472
516 402 1226
402 516 1226
1226 402 516
353 1132 1454
1454 353 1132
1132 353 1454
1448 544 1366
544 1366 1448
1366 544 1448
1307 161 499
499 161 1307
161 499 1307
423 658 1013
658 423 1013
1013 423 658
390 616 1351
616 390 1351
1351 390 616
699 98 1251
1251 98 699
98 699 1251
1 131 454
454 1 131
131 1 454
682 673 1364
1364 673 682
673 682 1364
1077 396 553
553 396 1077
396 553 1077
630 1011 1035
1011 630 1035
1035 630 1011
1246 944 1032
1032 944 1246
944 1032 1246
1189 1100 1310
1310 1100 1189
1100 1189 1310
419 646 763
646 419 763
763 419 646
1458 1027 1341
1027 1341 1458
1341 1027 1458
123 686 800
800 123 686
686 123 800
311 347 790
347 311 790
790 311 347
566 136 1354
136 566 1354
1354 136 566
1024 40 720
40 720 1024
720 40 1024
1000 645 1126
645 1000 1126
1126 645 1000
1440 97 1380
97 1380 1440
1380 97 1440
1424 413 740
740 413 1424
413 740 1424
636 501 664
664 501 636
501 636 664
1176 689 946
689 946 1176
946 689 1176
1112 538 773
773 538 1112
538 773 1112
1066 6 1182
6 1066 1182
1182 6 1066
880 294 1411
294 880 1411
1411 294 880
1111 457 570
570 457 1111
457 570 1111
1224 863 1256
1256 863 1224
863 1224 1256
259 266 318
318 259 266
266 259 318
60 366 1324
366 60 1324
1324 60 366
1429 29 526
526 29 1429
29 526 1429
822 1042 1277
1277 822 1042
1042 822 1277
1397 180 1007
1007 180 1397
180 1007 1397
562 468 1373
1373 468 562
468 562 1373
711 428 640
640 428 711
428 640 711
993 141 1022
1022 141 993
141 993 1022
1312 283 462
283 462 1312
462 283 1312
379 681 818
681 379 818
818 379 681
469 476 706
476 469 706
706 469 476
87 564 870
564 87 870
870 87 564
272 1331 1483
1331 272 1483
1483 272 1331
556 168 463
168 463 556
463 168 556
548 545 1026
1026 545 548
545 548 1026
1304 149 840
149 840 1304
840 149 1304
733 709 1362
1362 709 733
709 733 1362
1430 126 1034
1034 126 1430
126 1034 1430
124 267 1480
1480 124 267
267 124 1480
1225 985 1296
1296 985 1225
985 1225 1296
1015 195 398
398 195 1015
195 398 1015
525 338 447
447 338 525
338 447 525
1120 1200 1355
1200 1120 1355
1355 1120 1200
938 300 1228
300 938 1228
1228 300 938
1039 902 1155
902 1039 1155
1155 902 1039
1282 146 254
254 146 1282
146 254 1282
34 101 729
101 34 729
729 34 101
644 188 1371
188 644 1371
1371 188 644
865 595 793
793 595 865
595 793 865
1280 1053 1079
1053 1079 1280
1079 1053 1280
877 849 1452
1452 849 877
849 877 1452
276 290 1379
290 276 1379
1379 276 290
558 592 1179
592 558 1179
1179 558 592
392 470 782
782 392 470
470 392 782
824 739 1413
739 824 1413
1413 739 824
393 573 1166
1166 393 573
573 393 1166
690 855 862
862 690 855
855 690 862
1469 495 1460
1460 495 1469
495 1460 1469
335 697 1090
697 335 1090
1090 335 697
237 814 1299
814 237 1299
1299 237 814
1445 45 1264
45 1264 1445
1264 45 1445
808 191 280
191 280 808
280 191 808
554 678 728
728 554 678
678 554 728
726 384 588
384 588 726
588 384 726
847 559 1344
559 847 1344
1344 559 847
165 92 662
92 165 662
662 92 165
1023 172 1156
1156 172 1023
172 1023 1156
1131 59 848
848 59 1131
59 848 1131
1017 703 1068
703 1017 1068
1068 703 1017
1051 263 1451
263 1051 1451
1451 263 1051
1244 497 661
497 661 1244
661 497 1244
313 49 1162
1162 49 313
49 313 1162
1184 75 1374
75 1184 1374
1374 75 1184
1330 498 513
513 498 1330
498 513 1330
820 79 891
79 820 891
891 79 820
1365 794 1231
794 1231 1365
1231 794 1365
274 1103 1334
1334 274 1103
1103 274 1334
148 1058 1227
1227 148 1058
1058 148 1227
1352 1044 1487
1044 1352 1487
1487 1044 1352
760 201 458
201 458 760
458 201 760
1291 16 1169
1169 16 1291
16 1169 1291
1389 765 1091
765 1091 1389
1091 765 1389
24 244 1002
1002 24 244
244 24 1002
1073 693 1259
693 1073 1259
1259 693 1073
937 751 1235
751 937 1235
1235 751 937
795 1333 1422
1333 795 1422
1422 795 1333
1303 381 1478
381 1303 1478
1478 381 1303
1222 656 1403
656 1222 1403
1403 656 1222
651 885 1194
1194 651 885
885 651 1194
1201 1033 1308
1033 1201 1308
1308 1033 1201
486 217 549
549 217 486
217 486 549
1241 481 596
596 481 1241
481 596 1241
528 226 530
530 226 528
226 528 530
1311 222 232
232 222 1311
222 232 1311
389 341 914
341 389 914
914 341 389
817 36 547
36 547 817
547 36 817
895 242 431
242 431 895
431 242 895
320 135 837
135 320 837
837 135 320
1250 367 931
931 367 1250
367 931 1250
951 809 1088
809 951 1088
1088 809 951
695 19 514
19 514 695
514 19 695
434 467 1118
1118 434 467
467 434 1118
798 1043 1349
1349 798 1043
1043 798 1349
1187 473 633
633 473 1187
473 633 1187
1358 688 1382
688 1358 1382
1382 688 1358
406 1009 1409
1009 406 1409
1409 406 1009
13 577 1147
577 13 1147
1147 13 577
783 1148 1185
1185 783 1148
1148 783 1185
582 643 899
899 582 643
643 582 899
500 597 1316
1316 500 597
597 500 1316
1240 543 1180
1180 543 1240
543 1180 1240
64 213 308
308 64 213
213 64 308
521 435 1071
1071 435 521
435 521 1071
208 14 1387
14 208 1387
1387 14 208
639 32 54
54 32 639
32 54 639
1283 256 257
257 256 1283
256 257 1283
1361 956 1163
956 1163 1361
1163 956 1361
555 157 839
839 157 555
157 555 839
615 675 1272
675 615 1272
1272 615 675
569 958 1209
1209 569 958
958 569 1209
612 647 1408
647 612 1408
1408 612 647
484 557 850
557 484 850
850 484 557
137 273 1289
273 137 1289
1289 137 273
741 255 1420
255 741 1420
1420 255 741
1455 1278 1461
1278 1455 1461
1461 1278 1455
508 426 881
426 508 881
881 426 508
1436 738 1497
1497 738 1436
738 1436 1497
828 866 1223
866 828 1223
1223 828 866
400 465 1041
465 400 1041
1041 400 465
105 1099 1336
1336 105 1099
1099 105 1336
1412 589 1305
1305 589 1412
589 1305 1412
628 28 1014
28 628 1014
1014 28 628
173 350 1427
350 173 1427
1427 173 350
1059 572 1288
1288 572 1059
572 1059 1288
1399 1254 1325
1325 1254 1399
1254 1325 1399
1064 1143 1446
1143 1064 1446
1446 1064 1143
1464 147 344
344 147 1464
147 344 1464
1340 546 1123
546 1123 1340
1123 546 1340
1008 807 1500
1500 807 1008
807 1008 1500
842 112 493
112 493 842
493 112 842
1003 715 916
715 916 1003
916 715 1003
192 587 1195
587 192 1195
1195 192 587
1402 930 1102
930 1102 1402
1102 930 1402
252 716 858
716 252 858
858 252 716
152 58 409
58 152 409
409 58 152
708 118 356
118 356 708
356 118 708
883 174 1368
174 883 1368
1368 174 883
12 791 1117
791 12 1117
1117 12 791
181 100 529
100 181 529
529 100 181
1178 114 845
114 845 1178
845 114 1178
531 210 804
804 210 531
210 531 804
999 322 918
918 322 999
322 918 999
1096 21 507
507 21 1096
21 507 1096
836 974 1276
974 836 1276
1276 836 974
485 691 1323
1323 485 691
691 485 1323
1206 606 1419
606 1206 1419
1419 606 1206
627 301 1204
301 627 1204
1204 301 627
110 336 949
949 110 336
336 110 949
724 184 806
184 724 806
806 184 724
1212 204 1447
1447 204 1212
204 1212 1447
1062 279 1466
1466 279 1062
279 1062 1466
981 766 1486
1486 766 981
766 981 1486
1347 122 1083
1083 122 1347
122 1083 1347
1045 599 667
599 667 1045
667 599 1045
551 977 1418
977 551 1418
1418 551 977
868 422 1109
1109 422 868
422 868 1109
340 449 480
480 340 449
449 340 480
950 150 909
150 909 950
909 150 950
1140 282 1144
282 1140 1144
1144 282 1140
948 89 1247
89 948 1247
1247 89 948
1018 518 797
797 518 1018
518 797 1018
72 939 1369
939 72 1369
1369 72 939
277 898 1151
898 277 1151
1151 277 898
1493 171 1265
1265 171 1493
171 1265 1493
1260 309 1177
309 1177 1260
1177 309 1260
1197 1359 1391
1359 1197 1391
1391 1197 1359
477 479 1348
479 477 1348
1348 477 479
78 959 1142
959 78 1142
1142 78 959
581 590 1021
1021 581 590
590 581 1021
438 626 670
626 438 670
670 438 626
1152 471 1095
1095 471 1152
471 1095 1152
260 1128 1309
1309 260 1128
1128 260 1309
676 424 574
574 424 676
424 574 676
107 388 1004
1004 107 388
388 107 1004
989 11 1164
11 989 1164
1164 11 989
1477 46 1372
1372 46 1477
46 1372 1477
286 680 1060
1060 286 680
680 286 1060
1328 886 996
996 886 1328
886 996 1328
1300 1092 1425
1425 1092 1300
1092 1300 1425
502 234 851
234 502 851
851 234 502
1257 27 687
687 27 1257
27 687 1257
768 459 482
482 459 768
459 482 768
805 319 1367
1367 319 805
319 805 1367
638 57 813
57 638 813
813 57 638
138 957 1127
957 138 1127
1127 138 957
464 490 901
901 464 490
490 464 901
1208 718 756
756 718 1208
718 756 1208
1139 968 1315
1315 968 1139
968 1139 1315
811 749 802
802 749 811
749 802 811
1085 1010 1101
1101 1010 1085
1010 1085 1101
991 134 522
134 522 991
522 134 991
332 663 1426
1426 332 663
663 332 1426
1242 345 1269
1269 345 1242
345 1242 1269
5 155 983
983 5 155
155 5 983
1124 648 1141
648 1124 1141
1141 648 1124
1266 972 1057
972 1057 1266
1057 972 1266
789 205 584
584 205 789
205 584 789
827 295 1456
1456 295 827
295 827 1456
1108 251 1001
1001 251 1108
251 1001 1108
704 397 1434
1434 397 704
397 704 1434
483 444 852
852 444 483
444 483 852
30 702 906
702 30 906
906 30 702
77 298 1388
1388 77 298
298 77 1388
1453 1404 1457
1404 1453 1457
1457 1404 1453
604 247 1031
247 604 1031
1031 247 604
777 731 994
731 777 994
994 731 777
744 860 1421
1421 744 860
860 744 1421
1198 386 969
969 386 1198
386 969 1198
1320 786 1207
786 1207 1320
1207 786 1320
