1020 691 8745
691 1020 8745
8745 691 1020
10349 4973 10983
4973 10349 10983
10983 4973 10349
6418 4816 10701
10701 4816 6418
4816 6418 10701
10207 1762 5861
1762 5861 10207
5861 1762 10207
5419 74 13768
74 5419 13768
13768 74 5419
1592 12357 14476
14476 1592 12357
12357 1592 14476
2997 5727 9327
5727 2997 9327
9327 2997 5727
5778 6823 14415
6823 5778 14415
14415 5778 6823
7497 9570 12360
9570 7497 12360
12360 7497 9570
8224 3047 4345
4345 3047 8224
3047 4345 8224
5650 11959 14899
11959 5650 14899
14899 5650 11959
14822 7185 13944
7185 13944 14822
13944 7185 14822
8666 2537 8526
8526 2537 8666
2537 8526 8666
6400 1221 2585
1221 2585 6400
2585 1221 6400
12866 10885 11619
10885 11619 12866
11619 10885 12866
6027 7917 9224
9224 6027 7917
7917 6027 9224
6111 9129 10824
10824 6111 9129
9129 6111 10824
3262 4635 4732
4732 3262 4635
4635 3262 4732
14594 10930 11422
10930 11422 14594
11422 10930 14594
10125 4126 9088
9088 4126 10125
4126 9088 10125
4676 1911 7893
7893 1911 4676
1911 4676 7893
13745 8879 14026
14026 8879 13745
8879 13745 14026
10122 10991 11480
11480 10122 10991
10991 10122 11480
12553 1638 5259
1638 5259 12553
5259 1638 12553
2964 6405 11933
11933 2964 6405
6405 2964 11933
6087 1600 5714
5714 1600 6087
1600 5714 6087
13759 3140 6687
6687 3140 13759
3140 6687 13759
3449 10149 11934
11934 3449 10149
10149 3449 11934
4700 12161 13855
13855 4700 12161
12161 4700 13855
7439 3899 8209
3899 7439 8209
8209 3899 7439
4036 12664 13655
12664 4036 13655
13655 4036 12664
12946 3875 12564
3875 12564 12946
12564 3875 12946
4233 3818 8963
3818 4233 8963
8963 3818 4233
8843 1781 2904
2904 1781 8843
1781 2904 8843
4903 1620 8880
8880 1620 4903
1620 4903 8880
10184 1036 2178
1036 2178 10184
2178 1036 10184
710 470 11921
470 710 11921
11921 470 710
1668 4526 12674
12674 1668 4526
4526 1668 12674
12246 10411 10833
10833 10411 12246
10411 10833 12246
143 10089 12701
12701 143 10089
10089 143 12701
10568 10779 11387
11387 10568 10779
10779 10568 11387
3070 3909 14124
3909 3070 14124
14124 3070 3909
5072 5158 12084
12084 5072 5158
5158 5072 12084
3027 2181 14800
14800 2181 3027
2181 3027 14800
7073 3198 4020
4020 3198 7073
3198 4020 7073
5983 8436 14196
14196 5983 8436
8436 5983 14196
4273 1952 6392
6392 1952 4273
1952 4273 6392
6515 2558 14769
2558 6515 14769
14769 2558 6515
13899 9011 9539
9539 9011 13899
9011 9539 13899
9646 4481 7995
4481 7995 9646
7995 4481 9646
1504 2369 5846
2369 1504 5846
5846 1504 2369
1618 6632 10548
10548 1618 6632
6632 1618 10548
3790 6921 9509
6921 3790 9509
9509 3790 6921
13431 3864 4963
3864 4963 13431
4963 3864 13431
3547 3915 9604
3915 3547 9604
9604 3547 3915
13511 6914 12465
6914 12465 13511
12465 6914 13511
6060 1991 8505
1991 6060 8505
8505 1991 6060
8144 5682 9814
9814 5682 8144
5682 8144 9814
10784 10717 12120
10717 10784 12120
12120 10717 10784
12303 5404 6315
5404 6315 12303
6315 5404 12303
7498 11687 13144
13144 7498 11687
11687 7498 13144
3234 5007 13561
13561 3234 5007
5007 3234 13561
1977 7380 10305
10305 1977 7380
7380 1977 10305
3729 6115 11106
11106 3729 6115
6115 3729 11106
774 9156 9756
9156 774 9756
9756 774 9156
13536 3951 4789
3951 4789 13536
4789 3951 13536
3338 4568 5978
4568 3338 5978
5978 3338 4568
12970 2661 6881
6881 2661 12970
2661 6881 12970
10674 4527 12322
4527 10674 12322
12322 4527 10674
1308 5566 12988
5566 1308 12988
12988 1308 5566
7454 468 6559
468 6559 7454
6559 468 7454
2761 1355 7041
1355 2761 7041
7041 1355 2761
10502 3355 3668
3355 3668 10502
3668 3355 10502
12375 4289 14460
14460 4289 12375
4289 12375 14460
14776 9762 11383
9762 11383 14776
11383 9762 14776
7965 4006 5057
4006 5057 7965
5057 4006 7965
11826 4274 4560
4274 4560 11826
4560 4274 11826
3595 350 6414
350 3595 6414
6414 350 3595
12023 6516 8699
6516 8699 12023
8699 6516 12023
611 4862 7148
7148 611 4862
4862 611 7148
13042 7940 11288
7940 11288 13042
11288 7940 13042
440 5602 14550
5602 440 14550
14550 440 5602
6497 1136 2962
2962 1136 6497
1136 2962 6497
12683 2709 12283
12283 2709 12683
2709 12283 12683
9308 1703 7217
1703 7217 9308
7217 1703 9308
9067 944 8724
8724 944 9067
944 8724 9067
388 5201 13887
5201 388 13887
13887 388 5201
2297 2420 5353
5353 2297 2420
2420 2297 5353
4145 5266 10870
5266 4145 10870
10870 4145 5266
4243 6241 12669
12669 4243 6241
6241 4243 12669
4574 7352 13148
13148 4574 7352
7352 4574 13148
3099 9913 12517
12517 3099 9913
9913 3099 12517
1534 3266 13602
13602 1534 3266
3266 1534 13602
10961 1076 2298
2298 1076 10961
1076 2298 10961
4217 490 9219
9219 490 4217
490 4217 9219
14707 1848 5326
5326 1848 14707
1848 5326 14707
501 1286 9039
9039 501 1286
1286 501 9039
5751 10084 14461
10084 5751 14461
14461 5751 10084
196 13704 14102
14102 196 13704
13704 196 14102
7829 6833 7791
7791 6833 7829
6833 7791 7829
1707 7659 11700
7659 1707 11700
11700 1707 7659
6884 5415 13442
13442 5415 6884
5415 6884 13442
3679 9686 12272
12272 3679 9686
9686 3679 12272
12790 376 2092
376 2092 12790
2092 376 12790
10492 11701 13362
11701 10492 13362
13362 10492 11701
9042 1518 11168
1518 9042 11168
11168 1518 9042
2192 134 3251
134 2192 3251
3251 134 2192
3591 5525 6891
6891 3591 5525
5525 3591 6891
6399 6449 8978
8978 6399 6449
6449 6399 8978
1212 7851 8090
8090 1212 7851
7851 1212 8090
8155 4228 5580
5580 4228 8155
4228 5580 8155
138 3174 12562
3174 138 12562
12562 138 3174
466 12440 14155
14155 466 12440
12440 466 14155
14535 3279 10057
10057 3279 14535
3279 10057 14535
7647 4186 9869
4186 7647 9869
9869 4186 7647
8404 2314 11680
2314 8404 11680
11680 2314 8404
14398 5489 11594
11594 5489 14398
5489 11594 14398
7231 2303 10470
10470 2303 7231
2303 7231 10470
6828 7581 8359
8359 6828 7581
7581 6828 8359
14914 3221 7449
7449 3221 14914
3221 7449 14914
13588 6978 14420
6978 13588 14420
14420 6978 13588
11351 1556 14806
14806 1556 11351
1556 11351 14806
6431 2034 5481
2034 5481 6431
5481 2034 6431
6671 3935 13853
3935 6671 13853
13853 3935 6671
3541 7973 8435
7973 3541 8435
8435 3541 7973
6330 1383 14007
14007 1383 6330
1383 6330 14007
14779 8484 12122
12122 8484 14779
8484 12122 14779
3120 8444 11429
11429 3120 8444
8444 3120 11429
1385 11147 13796
11147 1385 13796
13796 1385 11147
10771 3925 9425
3925 9425 10771
9425 3925 10771
3376 4393 5663
5663 3376 4393
4393 3376 5663
12765 5161 5862
5862 5161 12765
5161 5862 12765
1651 5908 10952
10952 1651 5908
5908 1651 10952
5562 4465 13751
13751 4465 5562
4465 5562 13751
7093 3025 4499
3025 4499 7093
4499 3025 7093
1078 3410 14318
14318 1078 3410
3410 1078 14318
1381 3343 12910
3343 1381 12910
12910 1381 3343
12819 7403 13647
7403 12819 13647
13647 7403 12819
8046 2583 14524
14524 2583 8046
2583 8046 14524
14471 1241 8532
8532 1241 14471
1241 8532 14471
14393 6856 8903
8903 6856 14393
6856 8903 14393
10554 7926 10659
7926 10554 10659
10659 7926 10554
9423 2750 11546
11546 2750 9423
2750 9423 11546
8247 6711 6875
6711 6875 8247
6875 6711 8247
107 45 8653
8653 45 107
45 107 8653
9356 10715 14084
10715 9356 14084
14084 9356 10715
8006 2477 4570
4570 2477 8006
2477 4570 8006
5988 8913 12058
12058 5988 8913
8913 5988 12058
7210 9613 10113
10113 7210 9613
9613 7210 10113
5206 296 12402
296 5206 12402
12402 296 5206
7045 4069 4429
4069 4429 7045
4429 4069 7045
14143 8133 10443
10443 8133 14143
8133 10443 14143
12986 7547 10869
7547 10869 12986
10869 7547 12986
13924 2808 7360
7360 2808 13924
2808 7360 13924
9593 13090 13341
13090 9593 13341
13341 9593 13090
673 1047 9552
9552 673 1047
1047 673 9552
3072 1216 13569
13569 1216 3072
1216 3072 13569
13165 6958 8727
6958 8727 13165
8727 6958 13165
9304 6808 13001
13001 6808 9304
6808 9304 13001
5937 713 7263
713 5937 7263
7263 713 5937
11393 4849 7333
4849 7333 11393
7333 4849 11393
7461 5707 10237
10237 5707 7461
5707 7461 10237
12399 2871 8026
2871 8026 12399
8026 2871 12399
1196 329 2682
329 1196 2682
2682 329 1196
4086 3651 9598
9598 3651 4086
3651 4086 9598
10527 225 6759
225 6759 10527
6759 225 10527
12591 11989 14354
11989 12591 14354
14354 11989 12591
9109 2774 7475
2774 7475 9109
7475 2774 9109
12186 1919 2489
2489 1919 12186
1919 2489 12186
1462 11382 12114
11382 1462 12114
12114 1462 11382
6804 5995 7112
7112 5995 6804
5995 6804 7112
11249 3715 14741
14741 3715 11249
3715 11249 14741
275 3194 7339
7339 275 3194
3194 275 7339
1128 205 14413
205 1128 14413
14413 205 1128
5140 2260 12954
12954 2260 5140
2260 5140 12954
11942 12476 12938
12938 11942 12476
12476 11942 12938
1418 3870 11367
3870 1418 11367
11367 1418 3870
12261 2113 11111
2113 11111 12261
11111 2113 12261
5141 409 3764
3764 409 5141
409 3764 5141
4130 1457 7181
1457 4130 7181
7181 1457 4130
6882 6781 9145
9145 6781 6882
6781 6882 9145
13676 2202 6459
2202 6459 13676
6459 2202 13676
6297 5785 7972
5785 6297 7972
7972 5785 6297
3384 4934 13128
4934 3384 13128
13128 3384 4934
5523 9520 12314
12314 5523 9520
9520 5523 12314
947 12093 13349
12093 947 13349
13349 947 12093
168 8607 10200
8607 168 10200
10200 168 8607
2404 1166 9911
1166 2404 9911
9911 1166 2404
6042 10615 13731
13731 6042 10615
10615 6042 13731
8387 8106 9168
9168 8106 8387
8106 8387 9168
13206 1449 10288
1449 10288 13206
10288 1449 13206
3476 9227 10897
9227 3476 10897
10897 3476 9227
1935 824 4920
824 1935 4920
4920 824 1935
1388 264 11608
264 1388 11608
11608 264 1388
8968 6718 10449
10449 6718 8968
6718 8968 10449
9665 7305 13901
13901 7305 9665
7305 9665 13901
3908 3429 10372
3429 3908 10372
10372 3429 3908
12573 10691 13783
10691 12573 13783
13783 10691 12573
142 6171 12269
12269 142 6171
6171 142 12269
3514 3462 14324
3462 3514 14324
14324 3462 3514
4296 503 9901
9901 503 4296
503 4296 9901
6134 10888 11514
11514 6134 10888
10888 6134 11514
5244 12415 13066
13066 5244 12415
12415 5244 13066
12650 8753 9486
8753 9486 12650
9486 8753 12650
566 10754 14568
14568 566 10754
10754 566 14568
659 4585 7180
4585 659 7180
7180 659 4585
9827 754 12162
754 9827 12162
12162 754 9827
11452 7172 8188
8188 7172 11452
7172 8188 11452
702 13391 14018
13391 702 14018
14018 702 13391
1507 7321 8241
8241 1507 7321
7321 1507 8241
757 1412 13124
13124 757 1412
1412 757 13124
6230 11205 13428
13428 6230 11205
11205 6230 13428
1273 3573 4628
3573 1273 4628
4628 1273 3573
4734 10362 14905
10362 4734 14905
14905 4734 10362
8951 7869 10062
7869 8951 10062
10062 7869 8951
7619 2599 2667
2667 2599 7619
2599 2667 7619
11132 6007 10322
6007 10322 11132
10322 6007 11132
13173 3977 12881
3977 12881 13173
12881 3977 13173
10599 4362 13007
13007 4362 10599
4362 10599 13007
1133 13290 14560
13290 1133 14560
14560 1133 13290
3290 1325 11089
11089 1325 3290
1325 3290 11089
7178 4389 13723
4389 7178 13723
13723 4389 7178
7179 1028 7011
7011 1028 7179
1028 7011 7179
3616 817 10016
10016 817 3616
817 3616 10016
11980 5589 7163
5589 7163 11980
7163 5589 11980
11553 13703 14975
13703 11553 14975
14975 11553 13703
4694 3101 10027
10027 3101 4694
3101 4694 10027
11585 12730 13611
12730 11585 13611
13611 11585 12730
4518 7208 10781
7208 4518 10781
10781 4518 7208
12033 10380 12708
12708 10380 12033
10380 12033 12708
1589 160 7042
7042 160 1589
160 1589 7042
7657 1315 4034
4034 1315 7657
1315 4034 7657
10577 3393 11931
11931 3393 10577
3393 10577 11931
12668 511 9073
511 9073 12668
9073 511 12668
7723 1513 13748
13748 1513 7723
1513 7723 13748
4583 4364 13152
13152 4364 4583
4364 4583 13152
3560 1810 3049
1810 3049 3560
3049 1810 3560
2924 4842 12325
4842 2924 12325
12325 2924 4842
10819 4261 11487
11487 4261 10819
4261 10819 11487
7124 871 13340
13340 871 7124
871 7124 13340
8007 12503 14187
14187 8007 12503
12503 8007 14187
3264 514 4131
514 3264 4131
4131 514 3264
14382 5370 13882
5370 13882 14382
13882 5370 14382
7739 36 634
634 36 7739
36 634 7739
12857 606 8789
606 8789 12857
8789 606 12857
11568 1118 5439
5439 1118 11568
1118 5439 11568
8322 4381 13925
13925 4381 8322
4381 8322 13925
9064 4446 6981
6981 4446 9064
4446 6981 9064
12014 7558 14962
7558 12014 14962
14962 7558 12014
7429 6009 9142
9142 6009 7429
6009 7429 9142
9742 1094 3081
1094 3081 9742
3081 1094 9742
7256 5454 12594
12594 5454 7256
5454 7256 12594
4919 4534 10816
10816 4534 4919
4534 4919 10816
8579 3553 11128
11128 3553 8579
3553 8579 11128
8915 9931 11273
9931 8915 11273
11273 8915 9931
13909 5976 14983
5976 13909 14983
14983 5976 13909
5799 10822 12064
10822 5799 12064
12064 5799 10822
7091 10319 11941
10319 7091 11941
11941 7091 10319
9971 5979 13161
5979 9971 13161
13161 5979 9971
2444 536 9355
9355 536 2444
536 2444 9355
2718 6550 12274
6550 2718 12274
12274 2718 6550
2212 1862 3183
3183 1862 2212
1862 2212 3183
6320 6519 11759
11759 6320 6519
6519 6320 11759
11570 513 2876
513 2876 11570
2876 513 11570
8635 1537 5890
5890 1537 8635
1537 5890 8635
7882 4600 10670
4600 7882 10670
10670 4600 7882
6258 1056 13159
1056 6258 13159
13159 1056 6258
6005 1666 14676
1666 6005 14676
14676 1666 6005
13886 13507 14679
13507 13886 14679
14679 13507 13886
1369 4714 4776
4714 1369 4776
4776 1369 4714
14927 605 2449
605 2449 14927
2449 605 14927
2383 1796 5372
1796 2383 5372
5372 1796 2383
11642 3987 10616
10616 3987 11642
3987 10616 11642
6666 2484 7423
7423 2484 6666
2484 6666 7423
8775 3050 3603
3603 3050 8775
3050 3603 8775
7986 1689 5942
1689 5942 7986
5942 1689 7986
10425 4824 7712
4824 7712 10425
7712 4824 10425
12671 5748 7370
7370 5748 12671
5748 7370 12671
13595 12013 13458
12013 13458 13595
13458 12013 13595
2459 1794 6487
6487 1794 2459
1794 2459 6487
11320 8514 12614
12614 8514 11320
8514 11320 12614
6121 6760 11069
11069 6121 6760
6760 6121 11069
3619 2785 3308
3308 2785 3619
2785 3308 3619
4739 14202 14267
14202 4739 14267
14267 4739 14202
11777 7841 11577
7841 11577 11777
11577 7841 11777
10839 2688 4412
2688 4412 10839
4412 2688 10839
4357 333 7590
7590 333 4357
333 4357 7590
6425 7938 12978
12978 6425 7938
7938 6425 12978
5696 801 1866
801 1866 5696
1866 801 5696
4012 11618 11985
11618 4012 11985
11985 4012 11618
6481 8944 14517
14517 6481 8944
8944 6481 14517
2733 6209 11049
11049 2733 6209
6209 2733 11049
5873 3297 13483
3297 5873 13483
13483 3297 5873
14865 2406 9636
2406 9636 14865
9636 2406 14865
1494 1557 2873
2873 1494 1557
1557 1494 2873
896 1594 8141
1594 896 8141
8141 896 1594
2936 9891 14223
9891 2936 14223
14223 2936 9891
7142 590 6496
6496 590 7142
590 6496 7142
5832 11015 13804
11015 5832 13804
13804 5832 11015
13827 7866 12328
7866 12328 13827
12328 7866 13827
66 2434 3137
3137 66 2434
2434 66 3137
5882 7777 9438
9438 5882 7777
7777 5882 9438
9868 1860 10854
1860 9868 10854
10854 1860 9868
7919 1836 9435
9435 1836 7919
1836 7919 9435
9162 12945 14880
12945 9162 14880
14880 9162 12945
863 7680 12651
7680 863 12651
12651 863 7680
5002 8804 9935
9935 5002 8804
8804 5002 9935
7347 1227 1751
1227 1751 7347
1751 1227 7347
441 829 14558
14558 441 829
829 441 14558
273 6896 8285
6896 273 8285
8285 273 6896
4310 2825 10508
10508 2825 4310
2825 4310 10508
5509 2376 2589
2376 2589 5509
2589 2376 5509
6333 6182 11890
6182 6333 11890
11890 6182 6333
3905 6323 11282
11282 3905 6323
6323 3905 11282
2966 2452 12313
12313 2452 2966
2452 2966 12313
3000 166 7614
7614 166 3000
166 3000 7614
11245 337 12598
12598 337 11245
337 11245 12598
12942 6646 12238
6646 12238 12942
12238 6646 12942
12811 4426 10242
4426 10242 12811
10242 4426 12811
11138 5129 9850
5129 9850 11138
9850 5129 11138
2356 5504 12690
5504 2356 12690
12690 2356 5504
3092 8199 13942
8199 3092 13942
13942 3092 8199
13273 3255 13532
3255 13273 13532
13532 3255 13273
14057 2410 9918
2410 9918 14057
9918 2410 14057
7960 847 7643
7643 847 7960
847 7643 7960
3667 1229 3431
1229 3431 3667
3431 1229 3667
8130 12806 14394
12806 8130 14394
14394 8130 12806
6699 1760 5152
5152 1760 6699
1760 5152 6699
5899 8731 10134
10134 5899 8731
8731 5899 10134
4820 11529 12165
12165 4820 11529
11529 4820 12165
11647 842 3555
3555 842 11647
842 3555 11647
14875 9160 10159
9160 10159 14875
10159 9160 14875
10193 9001 9472
9001 9472 10193
9472 9001 10193
7428 7220 12918
12918 7220 7428
7220 7428 12918
8432 3396 3566
3396 3566 8432
3566 3396 8432
10883 3911 10965
3911 10883 10965
10965 3911 10883
3772 9436 9647
9647 3772 9436
9436 3772 9647
6480 11883 11944
11944 6480 11883
11883 6480 11944
8402 3983 11195
11195 3983 8402
3983 8402 11195
2294 5170 10048
10048 2294 5170
5170 2294 10048
929 1000 6078
1000 929 6078
6078 929 1000
13312 12895 14965
14965 12895 13312
12895 13312 14965
12326 114 9838
9838 114 12326
114 9838 12326
1711 7002 13485
13485 1711 7002
7002 1711 13485
6357 2351 12412
2351 6357 12412
12412 2351 6357
2258 3172 14632
14632 2258 3172
3172 2258 14632
13969 7079 12311
12311 7079 13969
7079 12311 13969
11104 8421 10684
10684 8421 11104
8421 10684 11104
2592 554 9466
9466 554 2592
554 2592 9466
1490 6917 14810
14810 1490 6917
6917 1490 14810
13504 9044 12931
9044 12931 13504
12931 9044 13504
14956 8651 8785
8785 8651 14956
8651 8785 14956
3114 2439 7738
2439 3114 7738
7738 2439 3114
4128 6133 11843
11843 4128 6133
6133 4128 11843
1432 4427 14532
14532 1432 4427
4427 1432 14532
7755 4587 12643
4587 7755 12643
12643 4587 7755
3706 482 13339
482 3706 13339
13339 482 3706
10530 10835 11002
11002 10530 10835
10835 10530 11002
2739 11086 12698
12698 2739 11086
11086 2739 12698
9500 2934 11783
2934 9500 11783
11783 2934 9500
9279 3359 4636
4636 3359 9279
3359 4636 9279
12636 945 11319
11319 945 12636
945 11319 12636
6017 8173 14971
14971 6017 8173
8173 6017 14971
8249 6380 13920
6380 8249 13920
13920 6380 8249
10061 1964 10477
10477 1964 10061
1964 10061 10477
2862 5921 8790
5921 2862 8790
8790 2862 5921
9283 5972 7472
5972 7472 9283
7472 5972 9283
13557 4124 9768
4124 9768 13557
9768 4124 13557
14130 3001 11008
3001 11008 14130
11008 3001 14130
10721 4153 5308
5308 4153 10721
4153 5308 10721
11150 6189 7261
6189 7261 11150
7261 6189 11150
5280 12379 14168
14168 5280 12379
12379 5280 14168
5086 518 3926
518 3926 5086
3926 518 5086
3474 2121 13397
13397 2121 3474
2121 3474 13397
10463 799 5794
5794 799 10463
799 5794 10463
6624 1857 6381
1857 6381 6624
6381 1857 6624
14075 3774 11220
11220 3774 14075
3774 11220 14075
10908 12814 14744
14744 10908 12814
12814 10908 14744
2393 1479 5750
1479 2393 5750
5750 1479 2393
4047 1770 11763
11763 1770 4047
1770 4047 11763
1684 3062 12462
12462 1684 3062
3062 1684 12462
7394 6862 10753
6862 7394 10753
10753 6862 7394
8259 8378 14175
14175 8259 8378
8378 8259 14175
1193 6832 11441
11441 1193 6832
6832 1193 11441
13773 4305 11155
11155 4305 13773
4305 11155 13773
1202 13859 14611
14611 1202 13859
13859 1202 14611
833 178 9627
9627 178 833
178 833 9627
11477 6472 13940
6472 11477 13940
13940 6472 11477
4167 8138 11542
8138 4167 11542
11542 4167 8138
6119 491 12490
12490 491 6119
491 6119 12490
6302 2132 14797
14797 2132 6302
2132 6302 14797
14708 9588 11677
11677 9588 14708
9588 11677 14708
1783 2037 12777
2037 1783 12777
12777 1783 2037
2582 7188 8311
7188 2582 8311
8311 2582 7188
7363 279 5535
279 5535 7363
5535 279 7363
4731 9826 10734
10734 4731 9826
9826 4731 10734
4193 1629 8342
8342 1629 4193
1629 4193 8342
11461 1199 7512
1199 7512 11461
7512 1199 11461
13122 6968 13139
13139 6968 13122
6968 13122 13139
9444 5432 14230
14230 5432 9444
5432 9444 14230
6051 1505 11430
1505 6051 11430
11430 1505 6051
9399 1870 2140
1870 2140 9399
2140 1870 9399
1309 949 12545
12545 949 1309
949 1309 12545
9563 6232 14567
14567 6232 9563
6232 9563 14567
9845 7174 11275
11275 7174 9845
7174 9845 11275
4182 1853 13955
13955 1853 4182
1853 4182 13955
10817 2767 10611
10611 2767 10817
2767 10611 10817
14536 1256 2854
1256 2854 14536
2854 1256 14536
8117 5769 10081
5769 8117 10081
10081 5769 8117
2786 10006 13213
13213 2786 10006
10006 2786 13213
13092 3997 5829
3997 5829 13092
5829 3997 13092
10800 2245 14245
14245 2245 10800
2245 10800 14245
1701 6208 10101
6208 1701 10101
10101 1701 6208
2777 4633 6317
6317 2777 4633
4633 2777 6317
6081 11062 11563
11563 6081 11062
11062 6081 11563
10927 3973 6443
6443 3973 10927
3973 6443 10927
13083 7855 14204
14204 7855 13083
7855 13083 14204
10687 2581 4237
4237 2581 10687
2581 4237 10687
1879 1599 3071
1599 1879 3071
3071 1599 1879
7246 6920 8714
8714 6920 7246
6920 7246 8714
1995 11503 11638
11503 1995 11638
11638 1995 11503
11938 5936 6483
6483 5936 11938
5936 6483 11938
7147 8544 13081
8544 7147 13081
13081 7147 8544
1171 4160 8969
8969 1171 4160
4160 1171 8969
10028 6761 7448
6761 7448 10028
7448 6761 10028
13724 1477 5912
1477 5912 13724
5912 1477 13724
12632 4115 8768
4115 8768 12632
8768 4115 12632
941 3685 12930
3685 941 12930
12930 941 3685
11623 4157 13302
4157 11623 13302
13302 4157 11623
9415 124 6913
124 6913 9415
6913 124 9415
3147 5472 7229
5472 3147 7229
7229 3147 5472
8238 2089 5824
5824 2089 8238
2089 5824 8238
9641 326 7075
326 7075 9641
7075 326 9641
14561 3136 12595
3136 12595 14561
12595 3136 14561
6254 1872 10973
10973 1872 6254
1872 6254 10973
9480 727 13135
727 9480 13135
13135 727 9480
3185 6166 8576
8576 3185 6166
6166 3185 8576
11718 14091 14117
14117 11718 14091
14091 11718 14117
5001 4202 7426
7426 4202 5001
4202 5001 7426
13799 629 1622
1622 629 13799
629 1622 13799
5132 5623 6283
6283 5132 5623
5623 5132 6283
13950 11198 11698
11198 11698 13950
11698 11198 13950
12544 9949 11353
9949 11353 12544
11353 9949 12544
7184 4855 13530
13530 4855 7184
4855 7184 13530
1165 11083 12710
11083 1165 12710
12710 1165 11083
12919 6040 12323
6040 12323 12919
12323 6040 12919
9199 1635 12413
12413 1635 9199
1635 9199 12413
9029 11384 13132
11384 9029 13132
13132 9029 11384
8713 1163 5858
5858 1163 8713
1163 5858 8713
9080 6257 9018
9018 6257 9080
6257 9018 9080
6899 254 4878
4878 254 6899
254 4878 6899
8419 3165 14347
3165 8419 14347
14347 3165 8419
6359 2433 3988
2433 3988 6359
3988 2433 6359
4772 7313 9953
7313 4772 9953
9953 4772 7313
13996 8149 13068
13068 8149 13996
8149 13068 13996
463 1888 10764
10764 463 1888
1888 463 10764
12760 11349 14812
11349 12760 14812
14812 11349 12760
5528 1662 9930
9930 1662 5528
1662 5528 9930
10317 3985 7125
7125 3985 10317
3985 7125 10317
14663 5994 7299
5994 7299 14663
7299 5994 14663
232 924 1122
1122 232 924
924 232 1122
11103 1030 5966
5966 1030 11103
1030 5966 11103
6588 800 3007
3007 800 6588
800 3007 6588
13600 4184 12894
4184 12894 13600
12894 4184 13600
4147 2664 11548
11548 2664 4147
2664 4147 11548
8782 7800 14940
14940 7800 8782
7800 8782 14940
10712 1831 14992
14992 1831 10712
1831 10712 14992
2708 704 3239
704 2708 3239
3239 704 2708
8324 10564 11410
10564 8324 11410
11410 8324 10564
5645 1391 8501
8501 1391 5645
1391 5645 8501
5574 3757 4373
4373 3757 5574
3757 4373 5574
1936 1101 10916
10916 1101 1936
1101 1936 10916
7915 10450 10913
10450 7915 10913
10913 7915 10450
1390 696 11840
11840 696 1390
696 1390 11840
4440 10545 12985
10545 4440 12985
12985 4440 10545
6498 148 13378
148 6498 13378
13378 148 6498
8309 5884 8746
5884 8309 8746
8746 5884 8309
5869 2527 3095
2527 3095 5869
3095 2527 5869
7922 3758 5350
3758 5350 7922
5350 3758 7922
1567 1417 11896
11896 1417 1567
1417 1567 11896
8545 5545 5927
5545 5927 8545
5927 5545 8545
12616 6982 10222
10222 6982 12616
6982 10222 12616
8661 10019 10052
10019 8661 10052
10052 8661 10019
3043 1965 4293
1965 3043 4293
4293 1965 3043
11531 331 2614
2614 331 11531
331 2614 11531
3975 2620 10940
2620 3975 10940
10940 2620 3975
6765 8936 11651
11651 6765 8936
8936 6765 11651
11926 6061 11899
11899 6061 11926
6061 11899 11926
3693 4758 7867
7867 3693 4758
4758 3693 7867
13617 3954 14943
14943 3954 13617
3954 13617 14943
9603 1850 8287
8287 1850 9603
1850 8287 9603
11114 5322 12310
5322 11114 12310
12310 5322 11114
5687 9605 12862
12862 5687 9605
9605 5687 12862
4573 2341 3624
3624 2341 4573
2341 3624 4573
9440 4252 11310
11310 4252 9440
4252 9440 11310
5074 7152 13512
13512 5074 7152
7152 5074 13512
9994 694 13016
694 9994 13016
13016 694 9994
12429 3567 13684
13684 3567 12429
3567 12429 13684
11479 722 8836
722 8836 11479
8836 722 11479
3683 10126 10205
10126 3683 10205
10205 3683 10126
13404 8707 12687
8707 12687 13404
12687 8707 13404
5133 7954 11816
11816 5133 7954
7954 5133 11816
9055 3781 5351
3781 5351 9055
5351 3781 9055
1611 67 9782
9782 67 1611
67 1611 9782
5507 9693 13214
9693 5507 13214
13214 5507 9693
8911 1756 3830
1756 3830 8911
3830 1756 8911
701 2906 13976
2906 701 13976
13976 701 2906
4868 8988 14949
14949 4868 8988
8988 4868 14949
14588 5548 14709
14709 5548 14588
5548 14588 14709
5781 4467 6937
4467 5781 6937
6937 4467 5781
1476 685 1452
1452 685 1476
685 1452 1476
12433 4880 6562
4880 6562 12433
6562 4880 12433
12229 8225 12285
8225 12229 12285
12285 8225 12229
116 2424 10698
10698 116 2424
2424 116 10698
12420 1360 5332
5332 1360 12420
1360 5332 12420
1825 6816 10697
10697 1825 6816
6816 1825 10697
8702 7948 12373
12373 7948 8702
7948 8702 12373
8442 8774 11814
8774 8442 11814
11814 8442 8774
203 2648 12513
12513 203 2648
2648 203 12513
132 5624 7618
7618 132 5624
5624 132 7618
7862 314 767
314 767 7862
767 314 7862
6486 7109 11540
11540 6486 7109
7109 6486 11540
6924 10942 13373
13373 6924 10942
10942 6924 13373
12472 5459 5970
5970 5459 12472
5459 5970 12472
934 5586 9644
9644 934 5586
5586 934 9644
4022 3209 7713
3209 4022 7713
7713 3209 4022
968 1944 8875
1944 968 8875
8875 968 1944
4879 5977 13970
5977 4879 13970
13970 4879 5977
8570 3064 6696
6696 3064 8570
3064 6696 8570
7864 7763 11009
11009 7763 7864
7763 7864 11009
9531 698 10593
698 9531 10593
10593 698 9531
13580 1690 14603
14603 1690 13580
1690 13580 14603
7579 6364 14431
6364 7579 14431
14431 6364 7579
10105 6170 10891
10891 6170 10105
6170 10105 10891
796 2441 7711
7711 796 2441
2441 796 7711
8170 2050 13885
13885 2050 8170
2050 8170 13885
8476 237 2447
2447 237 8476
237 2447 8476
2021 5337 10967
10967 2021 5337
5337 2021 10967
7554 10310 13626
13626 7554 10310
10310 7554 13626
1734 1079 1873
1079 1734 1873
1873 1079 1734
8399 9034 13679
9034 8399 13679
13679 8399 9034
13633 2492 5811
2492 5811 13633
5811 2492 13633
11485 2022 11786
11786 2022 11485
2022 11485 11786
9741 4894 6099
4894 6099 9741
6099 4894 9741
6326 12682 14845
12682 6326 14845
14845 6326 12682
4394 1845 13246
13246 1845 4394
1845 4394 13246
7945 2852 5954
5954 2852 7945
2852 5954 7945
14685 4387 13908
4387 13908 14685
13908 4387 14685
3780 13193 13548
13193 3780 13548
13548 3780 13193
10805 4132 7885
4132 7885 10805
7885 4132 10805
6352 3645 13642
3645 6352 13642
13642 3645 6352
11120 1134 4275
4275 1134 11120
1134 4275 11120
9602 2228 11129
11129 2228 9602
2228 9602 11129
3639 8023 12522
8023 3639 12522
12522 3639 8023
13502 9959 13370
13370 9959 13502
9959 13370 13502
1882 191 12569
191 1882 12569
12569 191 1882
9305 5080 8057
5080 8057 9305
8057 5080 9305
7792 3890 5560
3890 5560 7792
5560 3890 7792
6212 5427 14672
14672 5427 6212
5427 6212 14672
2996 2932 9326
2932 2996 9326
9326 2932 2996
4533 8984 11741
8984 4533 11741
11741 4533 8984
6440 7518 14357
14357 6440 7518
7518 6440 14357
10612 4630 7569
4630 7569 10612
7569 4630 10612
9221 285 5536
285 5536 9221
5536 285 9221
14746 7514 11710
7514 11710 14746
11710 7514 14746
9806 8642 14649
14649 8642 9806
8642 9806 14649
13013 7258 8882
7258 8882 13013
8882 7258 13013
1575 2060 5047
2060 1575 5047
5047 1575 2060
5272 4090 14479
4090 5272 14479
14479 4090 5272
3665 10481 13407
13407 3665 10481
10481 3665 13407
2894 6855 12613
12613 2894 6855
6855 2894 12613
12295 647 1926
1926 647 12295
647 1926 12295
1109 1114 14805
1114 1109 14805
14805 1109 1114
5167 5279 6961
6961 5167 5279
5279 5167 6961
2638 1823 13197
13197 1823 2638
1823 2638 13197
6493 5188 11534
5188 6493 11534
11534 5188 6493
11308 7082 7545
7545 7082 11308
7082 7545 11308
6969 9506 10798
9506 6969 10798
10798 6969 9506
407 11892 13333
11892 407 13333
13333 407 11892
7541 2471 6999
6999 2471 7541
2471 6999 7541
8659 2796 6204
2796 6204 8659
6204 2796 8659
791 6600 14931
14931 791 6600
6600 791 14931
5320 9583 14459
14459 5320 9583
9583 5320 14459
2331 7337 13147
7337 2331 13147
13147 2331 7337
12056 1930 8118
8118 1930 12056
1930 8118 12056
3299 3751 13494
3751 3299 13494
13494 3299 3751
6708 5111 11102
11102 5111 6708
5111 6708 11102
8721 7465 10518
7465 8721 10518
10518 7465 8721
1100 4476 8179
8179 1100 4476
4476 1100 8179
6616 2414 14422
2414 6616 14422
14422 2414 6616
10273 8164 13170
8164 10273 13170
13170 8164 10273
13669 8056 9258
9258 8056 13669
8056 9258 13669
164 5827 14666
14666 164 5827
5827 164 14666
1540 954 1675
1675 954 1540
954 1540 1675
10977 261 4707
4707 261 10977
261 4707 10977
5347 108 6090
6090 108 5347
108 5347 6090
10875 1318 6347
1318 6347 10875
6347 1318 10875
1249 862 9739
9739 862 1249
862 1249 9739
10063 6199 7661
7661 6199 10063
6199 7661 10063
10853 10638 14698
10638 10853 14698
14698 10638 10853
5260 8345 13714
13714 5260 8345
8345 5260 13714
12935 6206 14428
14428 6206 12935
6206 12935 14428
8678 7035 8960
8960 7035 8678
7035 8678 8960
11263 4723 14760
4723 11263 14760
14760 4723 11263
14150 7880 10650
10650 7880 14150
7880 10650 14150
1524 874 3274
874 1524 3274
3274 874 1524
1506 5969 14906
14906 1506 5969
5969 1506 14906
8670 8330 9962
8330 8670 9962
9962 8330 8670
12386 6275 10320
6275 10320 12386
10320 6275 12386
10096 6822 9612
6822 9612 10096
9612 6822 10096
5038 481 585
481 585 5038
585 481 5038
6960 9705 14669
14669 6960 9705
9705 6960 14669
8172 5508 12959
5508 8172 12959
12959 5508 8172
8565 8150 13816
13816 8150 8565
8150 8565 13816
13129 7703 13813
13813 7703 13129
7703 13129 13813
6916 480 4490
480 4490 6916
4490 480 6916
6272 3164 10001
3164 6272 10001
10001 3164 6272
14487 3463 6872
3463 6872 14487
6872 3463 14487
7983 2482 10714
2482 7983 10714
10714 2482 7983
3171 7652 10837
10837 3171 7652
7652 3171 10837
8866 12198 14449
12198 8866 14449
14449 8866 12198
2131 6264 7012
6264 2131 7012
7012 2131 6264
5418 528 7785
7785 528 5418
528 5418 7785
8686 5753 11916
5753 8686 11916
11916 5753 8686
3283 844 9426
9426 844 3283
844 3283 9426
3003 4227 9846
9846 3003 4227
4227 3003 9846
12339 7658 8167
7658 8167 12339
8167 7658 12339
7414 3349 12731
3349 7414 12731
12731 3349 7414
8503 3443 6851
6851 3443 8503
3443 6851 8503
13750 11191 12066
11191 12066 13750
12066 11191 13750
13694 7690 13982
7690 13694 13982
13982 7690 13694
13248 5583 14960
5583 13248 14960
14960 5583 13248
11902 3835 8987
3835 8987 11902
8987 3835 11902
1998 5202 13105
13105 1998 5202
5202 1998 13105
5123 8669 13073
8669 5123 13073
13073 5123 8669
10421 11516 13563
13563 10421 11516
11516 10421 13563
12305 10405 12909
12909 10405 12305
10405 12305 12909
13547 1111 14257
1111 13547 14257
14257 1111 13547
2309 6901 13253
13253 2309 6901
6901 2309 13253
3159 1501 2252
1501 2252 3159
2252 1501 3159
7586 3502 5907
5907 3502 7586
3502 5907 7586
5833 3217 12625
3217 5833 12625
12625 3217 5833
3166 9408 12484
12484 3166 9408
9408 3166 12484
6991 8997 11077
11077 6991 8997
8997 6991 11077
9991 5731 13575
5731 9991 13575
13575 5731 9991
2639 12920 13342
12920 2639 13342
13342 2639 12920
10152 935 9318
935 9318 10152
9318 935 10152
12059 13134 13220
13220 12059 13134
13134 12059 13220
14869 8233 8907
8233 8907 14869
8907 8233 14869
1773 3865 9759
9759 1773 3865
3865 1773 9759
4388 8650 12071
8650 4388 12071
12071 4388 8650
10876 541 3995
3995 541 10876
541 3995 10876
9866 3807 6268
6268 3807 9866
3807 6268 9866
10107 3461 6004
3461 6004 10107
6004 3461 10107
3691 9252 14551
14551 3691 9252
9252 3691 14551
10534 3906 7386
3906 7386 10534
7386 3906 10534
10326 5658 7158
7158 5658 10326
5658 7158 10326
2281 1809 12029
1809 2281 12029
12029 1809 2281
2942 426 10283
426 2942 10283
10283 426 2942
1692 5301 10652
10652 1692 5301
5301 1692 10652
1489 5291 6210
5291 1489 6210
6210 1489 5291
2832 3227 3874
3874 2832 3227
3227 2832 3874
9653 298 3638
298 3638 9653
3638 298 9653
14407 953 14384
953 14384 14407
14384 953 14407
2701 9115 12144
12144 2701 9115
9115 2701 12144
4262 3962 12199
3962 4262 12199
12199 3962 4262
6618 2790 6537
6537 2790 6618
2790 6537 6618
7628 4371 8346
4371 7628 8346
8346 4371 7628
7768 12620 13516
12620 7768 13516
13516 7768 12620
144 6175 7326
6175 144 7326
7326 144 6175
858 5722 13753
13753 858 5722
5722 858 13753
12897 7037 10986
7037 10986 12897
10986 7037 12897
8377 931 7455
7455 931 8377
931 7455 8377
7649 10763 14662
14662 7649 10763
10763 7649 14662
7402 8855 12169
12169 7402 8855
8855 7402 12169
5631 8445 14693
8445 5631 14693
14693 5631 8445
13396 8475 14331
8475 13396 14331
14331 8475 13396
14321 5349 10892
5349 10892 14321
10892 5349 14321
1024 13084 13625
13625 1024 13084
13084 1024 13625
11337 5745 13337
13337 5745 11337
5745 11337 13337
8942 11210 14802
14802 8942 11210
11210 8942 14802
3829 4875 13622
13622 3829 4875
4875 3829 13622
8862 3471 13426
3471 8862 13426
13426 3471 8862
2372 11796 12913
11796 2372 12913
12913 2372 11796
7145 1984 8761
1984 7145 8761
8761 1984 7145
2803 11764 12334
11764 2803 12334
12334 2803 11764
3289 4258 9751
4258 3289 9751
9751 3289 4258
4535 1921 13216
13216 1921 4535
1921 4535 13216
5765 3889 6578
3889 5765 6578
6578 3889 5765
8139 11524 12542
12542 8139 11524
11524 8139 12542
13466 854 4159
4159 854 13466
854 4159 13466
3819 8143 12293
12293 3819 8143
8143 3819 12293
1448 2706 11234
11234 1448 2706
2706 1448 11234
228 4385 11593
11593 228 4385
4385 228 11593
13907 1469 9714
9714 1469 13907
1469 9714 13907
1520 6612 13514
13514 1520 6612
6612 1520 13514
7660 4027 13730
13730 4027 7660
4027 7660 13730
14721 5628 10404
5628 10404 14721
10404 5628 14721
1847 2747 10979
2747 1847 10979
10979 1847 2747
4730 2588 14387
14387 2588 4730
2588 4730 14387
14134 3548 12849
3548 12849 14134
12849 3548 14134
4608 7524 7535
7524 4608 7535
7535 4608 7524
6883 6281 6686
6686 6281 6883
6281 6686 6883
8654 2201 10540
2201 8654 10540
10540 2201 8654
11421 3969 9197
9197 3969 11421
3969 9197 11421
8017 4430 5573
5573 4430 8017
4430 5573 8017
1910 2233 12377
2233 1910 12377
12377 1910 2233
10454 2921 6964
6964 2921 10454
2921 6964 10454
14915 2916 11521
2916 11521 14915
11521 2916 14915
1087 5493 12455
12455 1087 5493
5493 1087 12455
2926 4366 9977
4366 2926 9977
9977 2926 4366
5926 3512 5777
5777 3512 5926
3512 5777 5926
4906 4144 4219
4144 4219 4906
4219 4144 4906
2388 9548 10713
10713 2388 9548
9548 2388 10713
2109 3561 4967
4967 2109 3561
3561 2109 4967
13112 9357 13229
13229 9357 13112
9357 13112 13229
10898 6611 12277
12277 6611 10898
6611 10898 12277
11948 3570 8337
8337 3570 11948
3570 8337 11948
2054 2091 6727
6727 2054 2091
2091 2054 6727
7794 2840 3079
2840 3079 7794
3079 2840 7794
10958 853 3322
853 3322 10958
3322 853 10958
4392 5971 9106
9106 4392 5971
5971 4392 9106
14720 2361 13234
2361 13234 14720
13234 2361 14720
2133 12230 13680
12230 2133 13680
13680 2133 12230
7416 8551 11340
11340 7416 8551
8551 7416 11340
10838 4589 8450
4589 8450 10838
8450 4589 10838
2752 8845 9662
9662 2752 8845
8845 2752 9662
2986 12884 13934
12884 2986 13934
13934 2986 12884
12129 892 5288
892 5288 12129
5288 892 12129
12474 9122 11122
11122 9122 12474
9122 11122 12474
4928 10602 11347
11347 4928 10602
10602 4928 11347
14339 3545 11139
3545 11139 14339
11139 3545 14339
3900 4292 9735
4292 3900 9735
9735 3900 4292
11385 9512 10235
10235 9512 11385
9512 10235 11385
6871 4961 5842
4961 5842 6871
5842 4961 6871
11399 4698 6207
4698 6207 11399
6207 4698 11399
8961 9672 14148
9672 8961 14148
14148 8961 9672
11694 3697 10511
10511 3697 11694
3697 10511 11694
7422 5505 6332
6332 5505 7422
5505 6332 7422
8631 744 12197
744 8631 12197
12197 744 8631
448 8683 12744
12744 448 8683
8683 448 12744
3663 9533 13262
13262 3663 9533
9533 3663 13262
9630 1704 4099
1704 4099 9630
4099 1704 9630
13874 7301 8587
7301 8587 13874
8587 7301 13874
7742 3470 11967
3470 7742 11967
11967 3470 7742
2005 1234 9193
9193 1234 2005
1234 2005 9193
41 4575 7128
7128 41 4575
4575 41 7128
9551 11746 13192
13192 9551 11746
11746 9551 13192
5463 8498 9339
9339 5463 8498
8498 5463 9339
9637 1774 6755
1774 6755 9637
6755 1774 9637
5097 4290 8174
4290 5097 8174
8174 4290 5097
1393 5708 14445
14445 1393 5708
5708 1393 14445
6682 6639 14885
6639 6682 14885
14885 6639 6682
14772 9083 13009
13009 9083 14772
9083 13009 14772
6413 3805 4417
4417 3805 6413
3805 4417 6413
5477 8115 14745
8115 5477 14745
14745 5477 8115
12851 3269 11804
3269 11804 12851
11804 3269 12851
6354 9336 12233
12233 6354 9336
9336 6354 12233
943 3146 13598
3146 943 13598
13598 943 3146
8400 146 8784
8784 146 8400
146 8400 8784
5143 8893 11075
8893 5143 11075
11075 5143 8893
5787 3590 4921
4921 3590 5787
3590 4921 5787
14718 2412 13482
2412 13482 14718
13482 2412 14718
10256 5013 14222
14222 5013 10256
5013 10256 14222
12658 864 12838
864 12658 12838
12838 864 12658
11311 11413 13274
11413 11311 13274
13274 11311 11413
14189 1581 5590
1581 5590 14189
5590 1581 14189
9089 12235 13738
13738 9089 12235
12235 9089 13738
13519 8821 13110
13110 8821 13519
8821 13110 13519
1073 11013 11331
11013 1073 11331
11331 1073 11013
11886 6046 9856
6046 9856 11886
9856 6046 11886
14033 8035 14903
8035 14033 14903
14903 8035 14033
7905 4374 11912
4374 7905 11912
11912 4374 7905
10945 4597 13304
4597 10945 13304
13304 4597 10945
14734 3640 13384
13384 3640 14734
3640 13384 14734
2787 64 1228
1228 64 2787
64 1228 2787
4257 7183 14176
7183 4257 14176
14176 4257 7183
10370 6617 13281
6617 10370 13281
13281 6617 10370
2167 11221 13299
11221 2167 13299
13299 2167 11221
2171 4170 14704
4170 2171 14704
14704 2171 4170
9412 1433 8031
8031 1433 9412
1433 8031 9412
909 5412 6287
5412 909 6287
6287 909 5412
4463 1775 2890
1775 2890 4463
2890 1775 4463
876 11557 12422
11557 876 12422
12422 876 11557
10895 3887 7775
3887 7775 10895
7775 3887 10895
12995 1738 2609
1738 2609 12995
2609 1738 12995
7890 1161 9340
1161 7890 9340
9340 1161 7890
10988 4302 9791
4302 9791 10988
9791 4302 10988
13843 3424 7906
3424 7906 13843
7906 3424 13843
2220 3045 9661
9661 2220 3045
3045 2220 9661
8793 540 9985
540 8793 9985
9985 540 8793
9487 1691 2024
2024 1691 9487
1691 2024 9487
3956 1399 7254
1399 3956 7254
7254 1399 3956
1001 1801 7031
7031 1001 1801
1801 1001 7031
3480 4082 13636
13636 3480 4082
4082 3480 13636
7248 341 12109
12109 341 7248
341 7248 12109
9398 2991 10075
10075 2991 9398
2991 9398 10075
14045 10444 14177
10444 14045 14177
14177 10444 14045
3411 4061 10220
4061 3411 10220
10220 3411 4061
14547 3710 7452
3710 7452 14547
7452 3710 14547
13037 9857 13263
9857 13037 13263
13263 9857 13037
11203 1532 5205
5205 1532 11203
1532 5205 11203
1640 1003 14728
1003 1640 14728
14728 1003 1640
5570 1753 3492
3492 1753 5570
1753 3492 5570
12797 10555 11869
10555 11869 12797
11869 10555 12797
14577 6720 6722
6722 6720 14577
6720 6722 14577
8429 3730 8061
8061 3730 8429
3730 8061 8429
14816 10996 11964
10996 11964 14816
11964 10996 14816
14240 932 14390
932 14240 14390
14390 932 14240
14338 2562 4999
4999 2562 14338
2562 4999 14338
179 271 7413
271 179 7413
7413 179 271
2187 2386 3927
3927 2187 2386
2386 2187 3927
6163 5079 6698
5079 6163 6698
6698 5079 6163
3628 6825 9619
6825 3628 9619
9619 3628 6825
734 10710 12149
12149 734 10710
10710 734 12149
1966 3009 12372
3009 1966 12372
12372 1966 3009
2780 9987 11913
9987 2780 11913
11913 2780 9987
6737 1120 11167
11167 1120 6737
1120 6737 11167
4519 8638 9217
8638 4519 9217
9217 4519 8638
9309 7476 9431
7476 9309 9431
9431 7476 9309
10847 4998 7372
7372 4998 10847
4998 7372 10847
3580 798 12754
798 3580 12754
12754 798 3580
8512 272 13176
13176 272 8512
272 8512 13176
12363 6568 14984
6568 12363 14984
14984 6568 12363
6876 2533 3703
3703 2533 6876
2533 3703 6876
5933 3504 10608
10608 3504 5933
3504 5933 10608
8021 3336 7757
3336 7757 8021
7757 3336 8021
9775 3119 11901
11901 3119 9775
3119 9775 11901
7354 3846 12878
3846 7354 12878
12878 3846 7354
13677 6650 7214
7214 6650 13677
6650 7214 13677
4737 7463 9048
7463 4737 9048
9048 4737 7463
9709 2805 6922
6922 2805 9709
2805 6922 9709
1577 6334 9352
9352 1577 6334
6334 1577 9352
12382 1553 11338
11338 1553 12382
1553 11338 12382
11574 3057 10343
3057 10343 11574
10343 3057 11574
12842 4604 11056
4604 11056 12842
11056 4604 12842
5510 4265 5289
5289 4265 5510
4265 5289 5510
1142 4993 8898
4993 1142 8898
8898 1142 4993
6011 2 3220
2 3220 6011
3220 2 6011
9535 775 5930
775 5930 9535
5930 775 9535
419 4033 5437
5437 419 4033
4033 419 5437
8306 1295 9285
1295 8306 9285
9285 1295 8306
7615 3189 12948
3189 7615 12948
12948 3189 7615
9226 5681 12225
5681 9226 12225
12225 5681 9226
