204 2208 14411
2208 204 14411
14411 204 2208
9262 2101 9452
2101 9262 9452
9452 2101 9262
5331 3238 14295
14295 3238 5331
3238 5331 14295
14819 619 13648
619 13648 14819
13648 619 14819
6535 343 11035
343 6535 11035
11035 343 6535
5233 178 5864
5864 178 5233
178 5233 5864
11365 1208 7538
7538 1208 11365
1208 7538 11365
3604 10683 12410
12410 3604 10683
10683 3604 12410
6527 1548 11807
11807 1548 6527
1548 6527 11807
8350 2506 6327
6327 2506 8350
2506 6327 8350
14298 4160 5944
5944 4160 14298
4160 5944 14298
4133 7552 13372
7552 4133 13372
13372 4133 7552
954 6649 13290
13290 954 6649
6649 954 13290
11881 5689 9473
5689 9473 11881
9473 5689 11881
9123 6606 13253
6606 9123 13253
13253 6606 9123
3366 1696 9332
1696 3366 9332
9332 1696 3366
7619 3085 14329
14329 3085 7619
3085 7619 14329
9405 749 3923
3923 749 9405
749 3923 9405
12745 6452 13311
6452 12745 13311
13311 6452 12745
11750 8561 14743
8561 11750 14743
14743 8561 11750
6816 11798 13243
11798 6816 13243
13243 6816 11798
13547 4945 6484
6484 4945 13547
4945 6484 13547
12332 3906 9102
3906 9102 12332
9102 3906 12332
10310 4853 14581
4853 10310 14581
14581 4853 10310
5248 673 14840
14840 673 5248
673 5248 14840
7694 1262 12697
12697 1262 7694
1262 7694 12697
12893 126 12703
12703 126 12893
126 12703 12893
7142 6673 10676
6673 7142 10676
10676 6673 7142
11258 3727 4274
3727 4274 11258
4274 3727 11258
9306 5268 13249
5268 9306 13249
13249 5268 9306
605 2777 10513
10513 605 2777
2777 605 10513
9630 976 3827
3827 976 9630
976 3827 9630
12048 4225 13278
13278 4225 12048
4225 12048 13278
4934 10370 11597
10370 4934 11597
11597 4934 10370
13793 11598 13913
11598 13793 13913
13913 11598 13793
8978 7245 10659
10659 7245 8978
7245 8978 10659
3452 621 11934
11934 621 3452
621 3452 11934
3742 10903 12007
10903 3742 12007
12007 3742 10903
13626 2369 3476
3476 2369 13626
2369 3476 13626
25 179 3067
3067 25 179
179 25 3067
2389 9551 10224
10224 2389 9551
9551 2389 10224
12546 9602 12283
9602 12283 12546
12283 9602 12546
33 5279 13370
5279 33 13370
13370 33 5279
12816 3402 10132
10132 3402 12816
3402 10132 12816
9664 13849 14219
14219 9664 13849
13849 9664 14219
10221 13195 13974
13974 10221 13195
13195 10221 13974
5091 5536 5918
5536 5091 5918
5918 5091 5536
9361 7248 10538
10538 7248 9361
7248 9361 10538
13201 6290 14094
14094 6290 13201
6290 13201 14094
1204 1852 12201
12201 1204 1852
1852 1204 12201
8433 10823 11631
10823 8433 11631
11631 8433 10823
5364 3795 5976
5976 3795 5364
3795 5364 5976
7833 1824 9688
1824 7833 9688
9688 1824 7833
6211 12416 14303
12416 6211 14303
14303 6211 12416
13428 5169 7755
7755 5169 13428
5169 7755 13428
3117 1903 2987
2987 1903 3117
1903 2987 3117
3775 2778 6648
6648 2778 3775
2778 3775 6648
3821 3398 11420
3398 3821 11420
11420 3398 3821
12042 169 998
998 169 12042
169 998 12042
2559 4848 11291
11291 2559 4848
4848 2559 11291
4147 8229 14527
14527 4147 8229
8229 4147 14527
7154 7549 13616
7549 7154 13616
13616 7154 7549
7218 412 2240
412 2240 7218
2240 412 7218
14659 800 4849
4849 800 14659
800 4849 14659
1040 6916 12525
12525 1040 6916
6916 1040 12525
12547 7433 10964
7433 10964 12547
10964 7433 12547
12132 6714 7186
7186 6714 12132
6714 7186 12132
2881 7814 11081
7814 2881 11081
11081 2881 7814
1571 5468 8136
8136 1571 5468
5468 1571 8136
14501 9107 11530
11530 9107 14501
9107 11530 14501
7923 182 6469
182 6469 7923
6469 182 7923
7582 1869 13515
13515 1869 7582
1869 7582 13515
6835 1007 14895
14895 1007 6835
1007 6835 14895
6126 3229 7632
3229 6126 7632
7632 3229 6126
3690 9644 13949
13949 3690 9644
9644 3690 13949
5449 6192 11761
6192 5449 11761
11761 5449 6192
12489 3720 7402
3720 7402 12489
7402 3720 12489
564 1585 3150
3150 564 1585
1585 564 3150
14271 1636 7234
1636 7234 14271
7234 1636 14271
6131 4154 7030
4154 6131 7030
7030 4154 6131
3013 5135 13960
5135 3013 13960
13960 3013 5135
6700 2786 3386
2786 3386 6700
3386 2786 6700
4800 6720 12582
12582 4800 6720
6720 4800 12582
1061 5353 8312
8312 1061 5353
5353 1061 8312
13116 3555 6305
6305 3555 13116
3555 6305 13116
1057 4672 8490
8490 1057 4672
4672 1057 8490
14238 1293 11235
11235 1293 14238
1293 11235 14238
1597 12707 13762
13762 1597 12707
12707 1597 13762
1561 5225 8521
5225 1561 8521
8521 1561 5225
730 10785 13959
10785 730 13959
13959 730 10785
7470 4953 8251
4953 7470 8251
8251 4953 7470
14995 1473 9145
1473 9145 14995
9145 1473 14995
2896 14843 14924
14924 2896 14843
14843 2896 14924
14589 256 6235
256 6235 14589
6235 256 14589
520 9140 13391
13391 520 9140
9140 520 13391
9797 754 8818
754 8818 9797
8818 754 9797
6015 3992 7352
7352 3992 6015
3992 6015 7352
9296 277 12483
277 9296 12483
12483 277 9296
14829 79 2966
2966 79 14829
79 2966 14829
4275 4605 12334
4605 4275 12334
12334 4275 4605
5878 210 585
210 585 5878
585 210 5878
1354 10019 13298
10019 1354 13298
13298 1354 10019
12365 3559 8923
3559 8923 12365
8923 3559 12365
9876 9423 14551
9423 9876 14551
14551 9423 9876
9459 5738 11510
5738 9459 11510
11510 5738 9459
13854 11755 13852
13852 11755 13854
11755 13852 13854
13658 8476 11467
11467 8476 13658
8476 11467 13658
4038 3806 9998
3806 4038 9998
9998 3806 4038
9400 2844 5498
5498 2844 9400
2844 5498 9400
2345 4773 14950
14950 2345 4773
4773 2345 14950
13828 4957 5742
5742 4957 13828
4957 5742 13828
7332 6749 11610
11610 6749 7332
6749 7332 11610
6375 2099 13174
2099 6375 13174
13174 2099 6375
11741 4802 8857
4802 8857 11741
8857 4802 11741
11326 2204 11594
2204 11326 11594
11594 2204 11326
3711 6346 8835
6346 3711 8835
8835 3711 6346
2526 3086 11223
11223 2526 3086
3086 2526 11223
10598 8948 13026
13026 8948 10598
8948 10598 13026
3794 3069 13496
13496 3069 3794
3069 3794 13496
1678 5833 10211
5833 1678 10211
10211 1678 5833
5015 5249 10725
5249 5015 10725
10725 5015 5249
8135 962 8772
8772 962 8135
962 8135 8772
5585 7143 11058
11058 5585 7143
7143 5585 11058
12123 3222 5606
3222 5606 12123
5606 3222 12123
1573 12199 14669
14669 1573 12199
12199 1573 14669
2861 7075 12447
12447 2861 7075
7075 2861 12447
5292 3965 14526
14526 3965 5292
3965 5292 14526
10502 1708 6214
1708 6214 10502
6214 1708 10502
8440 6326 11014
11014 6326 8440
6326 8440 11014
5731 5753 13599
13599 5731 5753
5753 5731 13599
9842 1213 12194
12194 1213 9842
1213 9842 12194
1468 6658 9889
6658 1468 9889
9889 1468 6658
11866 10001 11416
10001 11416 11866
11416 10001 11866
1280 6118 9553
6118 1280 9553
9553 1280 6118
14133 1819 3300
3300 1819 14133
1819 3300 14133
13576 1787 7960
1787 7960 13576
7960 1787 13576
7911 1971 11585
11585 1971 7911
1971 7911 11585
9024 1006 4081
1006 4081 9024
4081 1006 9024
6489 7563 9149
7563 6489 9149
9149 6489 7563
94 4618 13562
13562 94 4618
4618 94 13562
1217 11253 13448
13448 1217 11253
11253 1217 13448
5139 5884 14050
5884 5139 14050
14050 5139 5884
8098 5885 12660
5885 8098 12660
12660 5885 8098
5943 4536 9711
4536 5943 9711
9711 4536 5943
10765 2200 3135
2200 3135 10765
3135 2200 10765
4379 7674 12581
12581 4379 7674
7674 4379 12581
2260 5535 13756
13756 2260 5535
5535 2260 13756
6237 59 7970
7970 59 6237
59 6237 7970
9596 11126 13110
13110 9596 11126
11126 9596 13110
14900 9865 10756
10756 9865 14900
9865 10756 14900
14777 4449 7388
4449 7388 14777
7388 4449 14777
7589 2195 9377
9377 2195 7589
2195 7589 9377
14647 5599 6001
5599 6001 14647
6001 5599 14647
13221 9074 12978
12978 9074 13221
9074 12978 13221
9729 9249 14152
14152 9249 9729
9249 9729 14152
11692 12478 14966
12478 11692 14966
14966 11692 12478
4742 2653 3066
3066 2653 4742
2653 3066 4742
13694 5329 6833
5329 6833 13694
6833 5329 13694
12208 6310 12353
6310 12208 12353
12353 6310 12208
690 8563 10330
10330 690 8563
8563 690 10330
2088 7215 12969
7215 2088 12969
12969 2088 7215
11426 2385 13107
13107 2385 11426
2385 11426 13107
10704 7884 13473
13473 7884 10704
7884 10704 13473
5430 3130 12474
3130 5430 12474
12474 3130 5430
11786 13384 13586
13586 11786 13384
13384 11786 13586
8453 5897 9576
9576 5897 8453
5897 8453 9576
5254 11727 14881
14881 5254 11727
11727 5254 14881
4684 3267 14758
14758 3267 4684
3267 4684 14758
11957 10059 10671
10671 10059 11957
10059 10671 11957
11175 4000 4323
4000 4323 11175
4323 4000 11175
91 4234 6506
4234 91 6506
6506 91 4234
5699 5334 7068
5334 5699 7068
7068 5334 5699
11314 3332 13112
3332 11314 13112
13112 3332 11314
5443 1592 5649
1592 5443 5649
5649 1592 5443
8450 11626 14866
11626 8450 14866
14866 8450 11626
9624 1043 9353
1043 9353 9624
9353 1043 9624
2483 8311 9814
9814 2483 8311
8311 2483 9814
1107 11747 12231
12231 1107 11747
11747 1107 12231
13180 9625 11989
11989 9625 13180
9625 11989 13180
2113 4396 13279
13279 2113 4396
4396 2113 13279
7484 5029 12195
5029 7484 12195
12195 5029 7484
516 3156 14138
14138 516 3156
3156 516 14138
8327 4907 6036
6036 4907 8327
4907 6036 8327
4051 1726 10590
1726 4051 10590
10590 1726 4051
6625 2618 11443
2618 6625 11443
11443 2618 6625
10648 4824 14394
4824 10648 14394
14394 4824 10648
14996 4847 5056
4847 5056 14996
5056 4847 14996
10257 7253 9582
7253 9582 10257
9582 7253 10257
6525 3390 8108
8108 3390 6525
3390 6525 8108
12667 5910 8532
8532 5910 12667
5910 8532 12667
2264 141 5844
141 2264 5844
5844 141 2264
11547 1761 11094
11094 1761 11547
1761 11094 11547
8209 7744 8914
8914 7744 8209
7744 8209 8914
13872 1988 9519
1988 9519 13872
9519 1988 13872
8841 1785 4473
4473 1785 8841
1785 4473 8841
4865 2331 8950
8950 2331 4865
2331 4865 8950
1972 1644 14130
1644 1972 14130
14130 1644 1972
14418 1770 1774
1770 1774 14418
1774 1770 14418
5785 3714 4027
4027 3714 5785
3714 4027 5785
9215 1516 3951
3951 1516 9215
1516 3951 9215
1545 3263 5772
3263 1545 5772
5772 1545 3263
7668 6705 14654
6705 7668 14654
14654 6705 7668
12597 9560 11378
9560 11378 12597
11378 9560 12597
14917 12909 14309
14309 12909 14917
12909 14309 14917
14276 3372 11468
11468 3372 14276
3372 11468 14276
12209 3990 11551
11551 3990 12209
3990 11551 12209
6024 3107 11936
3107 6024 11936
11936 3107 6024
11923 10144 12029
12029 10144 11923
10144 11923 12029
6874 568 3925
568 3925 6874
3925 568 6874
9525 2118 7707
2118 7707 9525
7707 2118 9525
12276 814 9952
814 9952 12276
9952 814 12276
4690 11123 14634
14634 4690 11123
11123 4690 14634
106 1149 6637
1149 106 6637
6637 106 1149
11093 606 8366
606 8366 11093
8366 606 11093
921 6707 7699
7699 921 6707
6707 921 7699
9416 1510 14538
14538 1510 9416
1510 9416 14538
5104 1733 8961
1733 5104 8961
8961 1733 5104
5894 11415 13725
11415 5894 13725
13725 5894 11415
13309 785 11174
785 11174 13309
11174 785 13309
11051 674 9573
674 9573 11051
9573 674 11051
11356 248 3901
248 3901 11356
3901 248 11356
4760 1919 10878
1919 4760 10878
10878 1919 4760
3377 9792 12763
9792 3377 12763
12763 3377 9792
133 3526 13082
3526 133 13082
13082 133 3526
4434 4735 14539
14539 4434 4735
4735 4434 14539
13053 5935 9681
5935 9681 13053
9681 5935 13053
9243 10670 12159
12159 9243 10670
10670 9243 12159
3001 4409 8798
8798 3001 4409
4409 3001 8798
3449 7226 9973
9973 3449 7226
7226 3449 9973
4461 2573 7817
7817 2573 4461
2573 4461 7817
1658 4839 10965
4839 1658 10965
10965 1658 4839
5201 4338 7067
7067 4338 5201
4338 5201 7067
2092 7309 10308
7309 2092 10308
10308 2092 7309
7944 7502 9704
9704 7502 7944
7502 7944 9704
5477 7231 11079
7231 5477 11079
11079 5477 7231
11327 3704 11122
11122 3704 11327
3704 11122 11327
10478 4649 6915
4649 6915 10478
6915 4649 10478
13271 1752 3161
3161 1752 13271
1752 3161 13271
3918 6228 6863
6863 3918 6228
6228 3918 6863
12060 2060 6471
6471 2060 12060
2060 6471 12060
11725 719 13550
13550 719 11725
719 11725 13550
13810 3658 5907
3658 5907 13810
5907 3658 13810
11482 389 3443
389 3443 11482
3443 389 11482
2952 3596 6406
3596 2952 6406
6406 2952 3596
4317 11459 11968
11968 4317 11459
11459 4317 11968
8333 2744 10276
2744 8333 10276
10276 2744 8333
14853 742 12272
742 12272 14853
12272 742 14853
6218 902 3288
3288 902 6218
902 3288 6218
7556 4318 14302
4318 7556 14302
14302 4318 7556
11808 9997 13199
9997 11808 13199
13199 9997 11808
14786 1783 10499
10499 1783 14786
1783 10499 14786
9779 8861 10883
8861 9779 10883
10883 8861 9779
14515 3127 10902
10902 3127 14515
3127 10902 14515
4938 5779 11783
11783 4938 5779
5779 4938 11783
1342 745 3132
745 1342 3132
3132 745 1342
5607 8785 11899
11899 5607 8785
8785 5607 11899
8827 5266 10893
5266 8827 10893
10893 5266 8827
7006 7854 12904
12904 7006 7854
7854 7006 12904
14554 4851 14107
4851 14107 14554
14107 4851 14554
14934 6965 8353
8353 6965 14934
6965 8353 14934
1497 1290 10640
10640 1290 1497
1290 1497 10640
6360 8980 11010
8980 6360 11010
11010 6360 8980
12787 1328 6470
6470 1328 12787
1328 6470 12787
3647 3902 8127
3902 3647 8127
8127 3647 3902
8315 1148 8789
8789 1148 8315
1148 8315 8789
9748 7543 7598
7598 7543 9748
7543 7598 9748
10505 10279 14124
14124 10279 10505
10279 10505 14124
4783 5320 13686
13686 4783 5320
5320 4783 13686
14827 6066 13300
6066 13300 14827
13300 6066 14827
11964 1248 8569
1248 8569 11964
8569 1248 11964
2397 5205 10873
5205 2397 10873
10873 2397 5205
11311 4765 6109
4765 6109 11311
6109 4765 11311
7528 980 8670
980 7528 8670
8670 980 7528
5933 3252 10678
10678 3252 5933
3252 5933 10678
10013 5565 12377
12377 5565 10013
5565 10013 12377
14530 5377 9185
5377 9185 14530
9185 5377 14530
4240 3654 8398
3654 4240 8398
8398 3654 4240
7417 2353 11241
11241 2353 7417
2353 7417 11241
12831 12415 14158
12415 12831 14158
14158 12415 12831
813 3805 4931
3805 813 4931
4931 813 3805
10193 1893 14957
14957 1893 10193
1893 10193 14957
1420 5217 13403
13403 1420 5217
5217 1420 13403
8518 991 13945
13945 991 8518
991 8518 13945
10035 7838 14079
7838 10035 14079
14079 7838 10035
797 7675 8545
8545 797 7675
7675 797 8545
4314 2838 13693
13693 2838 4314
2838 4314 13693
5672 2143 9001
9001 2143 5672
2143 5672 9001
9477 355 3676
3676 355 9477
355 3676 9477
11006 6273 12613
12613 6273 11006
6273 11006 12613
12448 9351 9804
9351 9804 12448
9804 9351 12448
7721 6501 14442
14442 6501 7721
6501 7721 14442
13910 6770 12397
6770 12397 13910
12397 6770 13910
7008 875 4930
4930 875 7008
875 4930 7008
7261 207 6191
6191 207 7261
207 6191 7261
14905 3023 13565
13565 3023 14905
3023 13565 14905
5960 2811 8116
8116 2811 5960
2811 5960 8116
10764 2120 6524
6524 2120 10764
2120 6524 10764
14912 4811 11483
11483 4811 14912
4811 11483 14912
3856 3813 10049
3813 3856 10049
10049 3813 3856
6530 8071 13139
13139 6530 8071
8071 6530 13139
4180 4631 11991
4631 4180 11991
11991 4180 4631
3341 2912 12769
2912 3341 12769
12769 2912 3341
12942 4535 10580
4535 10580 12942
10580 4535 12942
3612 12360 14445
12360 3612 14445
14445 3612 12360
3594 5092 5937
5092 3594 5937
5937 3594 5092
13170 1697 7101
1697 7101 13170
7101 1697 13170
12044 5395 12523
5395 12044 12523
12523 5395 12044
1351 131 4435
4435 131 1351
131 1351 4435
4371 2904 6335
6335 2904 4371
2904 4371 6335
6 2763 10098
2763 6 10098
10098 6 2763
13896 7389 9675
9675 7389 13896
7389 9675 13896
380 10845 14006
10845 380 14006
14006 380 10845
9652 9044 10658
9044 9652 10658
10658 9044 9652
12445 10554 13312
10554 12445 13312
13312 10554 12445
4706 3845 8321
3845 4706 8321
8321 3845 4706
11117 3268 5832
3268 5832 11117
5832 3268 11117
10283 2647 9813
2647 9813 10283
9813 2647 10283
7211 1542 11856
1542 7211 11856
11856 1542 7211
8401 4603 14633
14633 4603 8401
4603 8401 14633
10968 7498 9420
7498 9420 10968
9420 7498 10968
12386 5755 9126
5755 9126 12386
9126 5755 12386
5786 2877 8271
8271 2877 5786
2877 5786 8271
4651 3541 7422
3541 4651 7422
7422 3541 4651
12848 4776 8972
4776 8972 12848
8972 4776 12848
3382 533 13465
13465 533 3382
533 3382 13465
5310 7140 12782
7140 5310 12782
12782 5310 7140
10511 1278 12776
12776 1278 10511
1278 10511 12776
13050 13353 13856
13856 13050 13353
13353 13050 13856
5765 6571 12150
6571 5765 12150
12150 5765 6571
3858 1576 14742
14742 1576 3858
1576 3858 14742
4587 5662 13457
13457 4587 5662
5662 4587 13457
6864 4272 8533
8533 4272 6864
4272 6864 8533
3915 10493 14349
14349 3915 10493
10493 3915 14349
10262 12709 14019
12709 10262 14019
14019 10262 12709
12096 2261 14311
2261 12096 14311
14311 2261 12096
12506 9722 10501
10501 9722 12506
9722 10501 12506
10700 2578 6402
6402 2578 10700
2578 6402 10700
8031 8973 10642
8973 8031 10642
10642 8031 8973
6546 9839 13582
9839 6546 13582
13582 6546 9839
8436 1720 14964
14964 1720 8436
1720 8436 14964
2621 15 11114
15 2621 11114
11114 15 2621
4222 8364 8927
8927 4222 8364
8364 4222 8927
4739 3080 7943
3080 4739 7943
7943 3080 4739
3677 2285 5676
5676 2285 3677
2285 3677 5676
7636 1579 9656
9656 1579 7636
1579 7636 9656
12900 416 12620
12620 416 12900
416 12620 12900
5683 1142 4091
4091 1142 5683
1142 4091 5683
10114 5194 13840
13840 5194 10114
5194 10114 13840
7317 2356 9094
2356 7317 9094
9094 2356 7317
2207 9539 12595
9539 2207 12595
12595 2207 9539
11954 1499 4012
4012 1499 11954
1499 4012 11954
13173 642 12030
12030 642 13173
642 12030 13173
6077 7628 11884
11884 6077 7628
7628 6077 11884
2079 102 5992
102 2079 5992
5992 102 2079
4427 7236 7341
7341 4427 7236
7236 4427 7341
13523 4218 11711
4218 11711 13523
11711 4218 13523
5825 160 14639
14639 160 5825
160 5825 14639
6582 6345 6701
6345 6582 6701
6701 6345 6582
14990 2010 8160
2010 8160 14990
8160 2010 14990
6973 8640 10404
8640 6973 10404
10404 6973 8640
13921 8750 11752
11752 8750 13921
8750 11752 13921
3199 1263 10289
1263 3199 10289
10289 1263 3199
11917 1259 6119
6119 1259 11917
1259 6119 11917
11850 12127 12568
12568 11850 12127
12127 11850 12568
14472 5908 14412
5908 14412 14472
14412 5908 14472
863 1865 14422
1865 863 14422
14422 863 1865
8986 3281 11822
11822 3281 8986
3281 8986 11822
13222 136 1004
136 1004 13222
1004 136 13222
506 6592 10931
6592 506 10931
10931 506 6592
12692 7241 9202
9202 7241 12692
7241 9202 12692
14960 3120 3418
3120 3418 14960
3418 3120 14960
6563 8709 11895
8709 6563 11895
11895 6563 8709
1137 1930 11627
1930 1137 11627
11627 1137 1930
6271 3983 11553
11553 3983 6271
3983 6271 11553
14879 3359 10721
3359 10721 14879
10721 3359 14879
12726 7571 10847
10847 7571 12726
7571 10847 12726
8633 5995 14033
5995 8633 14033
14033 5995 8633
14860 12402 14343
14343 12402 14860
12402 14343 14860
1440 9005 14618
14618 1440 9005
9005 1440 14618
2677 375 7978
7978 375 2677
375 2677 7978
12126 7731 11022
11022 7731 12126
7731 11022 12126
14872 8449 12484
12484 8449 14872
8449 12484 14872
10992 3301 5134
5134 3301 10992
3301 5134 10992
1952 2632 12367
12367 1952 2632
2632 1952 12367
4157 2743 4639
4639 2743 4157
2743 4157 4639
9545 1992 8765
8765 1992 9545
1992 8765 9545
2033 8939 14833
8939 2033 14833
14833 2033 8939
11570 4111 4412
4412 4111 11570
4111 4412 11570
2655 7061 7217
7061 2655 7217
7217 2655 7061
7931 272 13430
13430 272 7931
272 7931 13430
9848 8020 12752
12752 8020 9848
8020 9848 12752
7291 11636 11638
11638 7291 11636
11636 7291 11638
2479 5548 12863
5548 2479 12863
12863 2479 5548
9798 802 6958
6958 802 9798
802 6958 9798
8065 10431 11558
11558 8065 10431
10431 8065 11558
14709 3223 11204
11204 3223 14709
3223 11204 14709
12450 6289 8427
8427 6289 12450
6289 8427 12450
5488 783 5975
783 5488 5975
5975 783 5488
8383 12290 13245
13245 8383 12290
12290 8383 13245
14911 1455 3564
3564 1455 14911
1455 3564 14911
12309 3867 8032
8032 3867 12309
3867 8032 12309
1651 2922 11012
11012 1651 2922
2922 1651 11012
14088 8884 14571
14571 8884 14088
8884 14088 14571
1254 7137 12768
7137 1254 12768
12768 1254 7137
10026 4843 9153
9153 4843 10026
4843 9153 10026
13965 484 13514
13514 484 13965
484 13514 13965
14711 4937 14277
14277 4937 14711
4937 14277 14711
6480 7771 9649
7771 6480 9649
9649 6480 7771
11516 3994 4615
4615 3994 11516
3994 4615 11516
6576 1713 9327
9327 1713 6576
1713 6576 9327
4175 734 2604
734 2604 4175
2604 734 4175
5238 1201 4353
1201 4353 5238
4353 1201 5238
11436 3583 11921
11921 3583 11436
3583 11436 11921
3819 2187 4443
2187 3819 4443
4443 2187 3819
12296 5260 10055
10055 5260 12296
5260 10055 12296
3719 9491 14028
14028 3719 9491
9491 3719 14028
2398 2387 14174
2387 2398 14174
14174 2387 2398
2954 11177 13583
11177 2954 13583
13583 2954 11177
11557 232 1791
232 1791 11557
1791 232 11557
10978 893 7759
893 7759 10978
7759 893 10978
4750 2801 14039
2801 4750 14039
14039 2801 4750
914 2222 2736
2222 914 2736
2736 914 2222
13764 7157 11799
11799 7157 13764
7157 11799 13764
1424 398 622
622 398 1424
398 622 1424
4291 6858 7295
6858 4291 7295
7295 4291 6858
10268 3497 14337
14337 3497 10268
3497 10268 14337
8409 2782 11041
2782 8409 11041
11041 2782 8409
10392 5142 12469
5142 10392 12469
12469 5142 10392
1888 3519 11800
3519 1888 11800
11800 1888 3519
2148 6657 12526
6657 2148 12526
12526 2148 6657
13423 1643 2218
1643 2218 13423
2218 1643 13423
9303 1896 10245
1896 9303 10245
10245 1896 9303
12158 2306 10156
10156 2306 12158
2306 10156 12158
11352 2957 6569
6569 2957 11352
2957 6569 11352
9451 12783 13006
12783 9451 13006
13006 9451 12783
6594 8412 11224
11224 6594 8412
8412 6594 11224
1077 8199 13641
8199 1077 13641
13641 1077 8199
14319 252 6909
252 6909 14319
6909 252 14319
4020 360 4573
4573 360 4020
360 4020 4573
11942 1085 7047
7047 1085 11942
1085 7047 11942
10355 7659 12099
7659 10355 12099
12099 7659 10355
13179 11532 11817
11817 11532 13179
11532 11817 13179
9092 4339 14971
4339 9092 14971
14971 4339 9092
5949 1784 13438
13438 1784 5949
1784 5949 13438
2552 8665 10621
10621 2552 8665
8665 2552 10621
7516 11125 13593
13593 7516 11125
11125 7516 13593
10052 11829 13439
11829 10052 13439
13439 10052 11829
815 3624 7921
3624 815 7921
7921 815 3624
1640 1222 1383
1222 1383 1640
1383 1222 1640
11034 9638 10859
9638 10859 11034
10859 9638 11034
346 1203 2635
2635 346 1203
1203 346 2635
4572 10876 13531
10876 4572 13531
13531 4572 10876
4912 7633 9424
9424 4912 7633
7633 4912 9424
2309 374 10304
374 2309 10304
10304 374 2309
2561 3360 11539
11539 2561 3360
3360 2561 11539
6379 8385 10566
8385 6379 10566
10566 6379 8385
9717 8877 11663
11663 8877 9717
8877 9717 11663
5570 6919 10030
10030 5570 6919
6919 5570 10030
12774 1949 14482
1949 12774 14482
14482 1949 12774
8374 517 13919
517 8374 13919
13919 517 8374
10955 7150 7754
7754 7150 10955
7150 7754 10955
8595 3501 9388
9388 3501 8595
3501 8595 9388
1075 4273 14040
4273 1075 14040
14040 1075 4273
4033 3287 13150
3287 4033 13150
13150 3287 4033
1987 1401 9658
9658 1401 1987
1401 1987 9658
7861 1 7394
7394 1 7861
1 7394 7861
6259 143 4875
4875 143 6259
143 4875 6259
14021 6279 7749
6279 7749 14021
7749 6279 14021
5519 5062 5929
5062 5519 5929
5929 5062 5519
5250 969 5165
969 5165 5250
5165 969 5250
13284 7144 13079
13079 7144 13284
7144 13079 13284
4641 5760 14339
14339 4641 5760
5760 4641 14339
4654 2245 9212
2245 4654 9212
9212 2245 4654
10709 2708 4845
4845 2708 10709
2708 4845 10709
10606 7485 14495
14495 7485 10606
7485 10606 14495
10673 7841 11304
11304 7841 10673
7841 10673 11304
10592 3253 11766
3253 10592 11766
11766 3253 10592
5115 2684 8647
8647 2684 5115
2684 5115 8647
10126 13691 13746
13746 10126 13691
13691 10126 13746
12488 725 10623
10623 725 12488
725 10623 12488
5036 4809 5012
5012 4809 5036
4809 5012 5036
9994 2965 3148
3148 2965 9994
2965 3148 9994
2328 5750 6867
6867 2328 5750
5750 2328 6867
386 904 12915
904 386 12915
12915 386 904
9489 6639 11983
11983 6639 9489
6639 9489 11983
1084 9738 14955
9738 1084 14955
14955 1084 9738
5008 9309 11005
9309 5008 11005
11005 5008 9309
7019 8489 12565
8489 7019 12565
12565 7019 8489
13074 3098 14120
14120 3098 13074
3098 13074 14120
62 8937 12671
12671 62 8937
8937 62 12671
4838 7720 14145
14145 4838 7720
7720 4838 14145
14549 5150 10926
10926 5150 14549
5150 10926 14549
7210 1886 3436
3436 1886 7210
1886 3436 7210
9431 1849 5803
5803 1849 9431
1849 5803 9431
9765 1719 4854
1719 4854 9765
4854 1719 9765
4812 4376 7058
4376 4812 7058
7058 4376 4812
2528 7611 14747
7611 2528 14747
14747 2528 7611
1989 8893 11723
11723 1989 8893
8893 1989 11723
12318 7986 9643
9643 7986 12318
7986 9643 12318
11166 4034 6266
6266 4034 11166
4034 6266 11166
14164 14043 14809
14043 14164 14809
14809 14043 14164
12699 2410 10979
2410 10979 12699
10979 2410 12699
4569 2141 13678
13678 2141 4569
2141 4569 13678
10626 748 4705
4705 748 10626
748 4705 10626
457 1445 12459
1445 457 12459
12459 457 1445
12559 11698 14848
14848 11698 12559
11698 12559 14848
4588 12704 13028
12704 4588 13028
13028 4588 12704
10459 3048 8644
3048 8644 10459
8644 3048 10459
1562 2941 3941
2941 1562 3941
3941 1562 2941
348 9396 12742
12742 348 9396
9396 348 12742
13740 1871 14617
14617 1871 13740
1871 13740 14617
8996 7214 10371
7214 8996 10371
10371 7214 8996
11480 11470 14763
14763 11470 11480
11470 11480 14763
13347 588 8850
588 8850 13347
8850 588 13347
9180 10190 13469
10190 9180 13469
13469 9180 10190
14643 3397 9668
9668 3397 14643
3397 9668 14643
13559 3392 13871
13871 3392 13559
3392 13559 13871
2785 1712 12946
12946 1712 2785
1712 2785 12946
9724 4230 10663
10663 4230 9724
4230 9724 10663
5727 5511 14899
14899 5511 5727
5511 5727 14899
9708 3272 12503
3272 9708 12503
12503 3272 9708
2403 1483 4680
1483 2403 4680
4680 1483 2403
6155 10039 14455
10039 6155 14455
14455 6155 10039
2735 2457 14779
14779 2457 2735
2457 2735 14779
4582 6137 14359
14359 4582 6137
6137 4582 14359
6094 5459 8005
5459 6094 8005
8005 5459 6094
3868 11395 14849
14849 3868 11395
11395 3868 14849
4400 688 11036
11036 688 4400
688 4400 11036
1091 7806 8264
8264 1091 7806
7806 1091 8264
11042 1179 11512
1179 11042 11512
11512 1179 11042
10093 8695 14142
14142 8695 10093
8695 10093 14142
8865 544 10702
544 8865 10702
10702 544 8865
6949 5119 11284
5119 6949 11284
11284 5119 6949
10918 1606 10217
10217 1606 10918
1606 10217 10918
4394 8195 11432
8195 4394 11432
11432 4394 8195
4465 10131 13209
13209 4465 10131
10131 4465 13209
6274 1825 8754
1825 6274 8754
8754 1825 6274
12018 13128 14933
13128 12018 14933
14933 12018 13128
6677 1094 4920
4920 1094 6677
1094 4920 6677
8022 2114 4801
4801 2114 8022
2114 4801 8022
5422 4895 10911
4895 5422 10911
10911 4895 5422
83 9924 11272
11272 83 9924
9924 83 11272
2248 7491 14141
7491 2248 14141
14141 2248 7491
7531 6710 10409
6710 7531 10409
10409 6710 7531
205 7665 8201
7665 205 8201
8201 205 7665
9915 1923 9341
1923 9341 9915
9341 1923 9915
7729 1812 13466
13466 1812 7729
1812 7729 13466
13633 2812 14770
2812 13633 14770
14770 2812 13633
10537 2213 13031
2213 10537 13031
13031 2213 10537
14404 6800 12987
12987 6800 14404
6800 12987 14404
6260 10400 12512
12512 6260 10400
10400 6260 12512
2661 1528 10317
1528 2661 10317
10317 1528 2661
449 5100 9027
5100 449 9027
9027 449 5100
8998 1504 9983
1504 8998 9983
9983 1504 8998
1980 1847 8779
8779 1847 1980
1847 1980 8779
14199 549 14637
549 14199 14637
14637 549 14199
10656 3450 13123
13123 3450 10656
3450 10656 13123
10920 3634 6607
3634 6607 10920
6607 3634 10920
1693 3469 11362
3469 1693 11362
11362 1693 3469
2665 5899 7532
5899 2665 7532
7532 2665 5899
3336 11560 13322
11560 3336 13322
13322 3336 11560
12521 1765 7187
1765 7187 12521
7187 1765 12521
5858 3861 7569
3861 5858 7569
7569 3861 5858
1092 4057 5054
4057 1092 5054
5054 1092 4057
13811 2319 13650
13650 2319 13811
2319 13650 13811
4491 10410 10849
10849 4491 10410
10410 4491 10849
12472 9996 13341
13341 9996 12472
9996 12472 13341
10091 2138 14283
2138 10091 14283
14283 2138 10091
13158 6034 8643
8643 6034 13158
6034 8643 13158
5940 58 13192
13192 58 5940
58 5940 13192
917 8309 14125
14125 917 8309
8309 917 14125
750 127 9949
127 750 9949
9949 127 750
1196 1252 4457
1252 1196 4457
4457 1196 1252
11489 11185 13459
11185 11489 13459
13459 11185 11489
876 10602 14136
14136 876 10602
10602 876 14136
2549 3255 3506
3506 2549 3255
3255 2549 3506
1398 558 10771
10771 558 1398
558 1398 10771
4442 5118 6203
6203 4442 5118
5118 4442 6203
8844 1703 2857
1703 2857 8844
2857 1703 8844
11462 13254 14056
13254 11462 14056
14056 11462 13254
647 10937 11535
11535 647 10937
10937 647 11535
810 5164 9221
9221 810 5164
5164 810 9221
5444 5708 13317
5708 5444 13317
13317 5444 5708
7743 10682 11945
10682 7743 11945
11945 7743 10682
151 2654 2940
2654 151 2940
2940 151 2654
10984 1258 8891
8891 1258 10984
1258 8891 10984
11919 6415 8302
6415 8302 11919
8302 6415 11919
1792 4913 12174
12174 1792 4913
4913 1792 12174
9516 7553 14982
7553 9516 14982
14982 7553 9516
60 859 869
869 60 859
859 60 869
8456 165 7758
165 7758 8456
7758 165 8456
220 8484 8928
8484 220 8928
8928 220 8484
6533 2206 14450
14450 2206 6533
2206 6533 14450
715 13671 14010
13671 715 14010
14010 715 13671
6742 3400 14497
14497 3400 6742
3400 6742 14497
1745 1154 5321
1154 1745 5321
5321 1154 1745
11864 3896 8119
8119 3896 11864
3896 8119 11864
369 317 14143
317 369 14143
14143 317 369
4024 1665 7677
1665 4024 7677
7677 1665 4024
12077 302 8734
8734 302 12077
302 8734 12077
4754 7879 13489
7879 4754 13489
13489 4754 7879
14686 2259 3104
3104 2259 14686
2259 3104 14686
2516 8913 9290
8913 2516 9290
9290 2516 8913
2803 7981 12286
12286 2803 7981
7981 2803 12286
8310 4512 8004
4512 8004 8310
8004 4512 8310
10782 1348 2121
1348 2121 10782
2121 1348 10782
1844 2894 7133
7133 1844 2894
2894 1844 7133
13447 4797 8248
8248 4797 13447
4797 8248 13447
5986 1226 1319
1319 1226 5986
1226 1319 5986
2426 3829 8935
8935 2426 3829
3829 2426 8935
2050 6030 12051
12051 2050 6030
6030 2050 12051
11840 3459 8207
3459 8207 11840
8207 3459 11840
8418 8875 9090
8875 8418 9090
9090 8418 8875
9971 12259 14444
12259 9971 14444
14444 9971 12259
4016 2295 9385
9385 2295 4016
2295 4016 9385
3105 7162 9404
9404 3105 7162
7162 3105 9404
1868 1255 11033
11033 1255 1868
1255 1868 11033
10564 11310 14198
14198 10564 11310
11310 10564 14198
739 7997 8197
7997 739 8197
8197 739 7997
14237 9766 14101
9766 14101 14237
14101 9766 14237
9374 1022 10907
1022 9374 10907
10907 1022 9374
2407 1997 4556
1997 2407 4556
4556 1997 2407
2323 532 4962
532 2323 4962
4962 532 2323
9805 9590 12684
12684 9590 9805
9590 9805 12684
7416 2836 7015
7015 2836 7416
2836 7015 7416
14191 2992 11853
2992 11853 14191
11853 2992 14191
11004 1190 12422
12422 1190 11004
1190 11004 12422
11949 10322 12553
10322 11949 12553
12553 10322 11949
3368 3737 9003
9003 3368 3737
3737 3368 9003
11348 7 11015
11015 7 11348
7 11015 11348
12590 552 7805
7805 552 12590
552 7805 12590
8855 2451 9718
9718 2451 8855
2451 8855 9718
4201 2600 6350
2600 4201 6350
6350 2600 4201
3895 9314 14434
9314 3895 14434
14434 3895 9314
3664 8324 12874
12874 3664 8324
8324 3664 12874
5232 6056 10029
10029 5232 6056
6056 5232 10029
14383 1685 10229
1685 10229 14383
10229 1685 14383
10536 3873 13687
3873 10536 13687
13687 3873 10536
696 7811 12630
12630 696 7811
7811 696 12630
2175 2192 9293
9293 2175 2192
2192 2175 9293
10273 6699 9819
6699 9819 10273
9819 6699 10273
6591 3426 3823
3426 3823 6591
3823 3426 6591
9307 6414 7607
7607 6414 9307
6414 7607 9307
5892 5081 11095
11095 5081 5892
5081 5892 11095
2384 4547 7684
4547 2384 7684
7684 2384 4547
10821 525 3863
525 3863 10821
3863 525 10821
14702 508 1225
1225 508 14702
508 1225 14702
4307 559 4696
559 4307 4696
4696 559 4307
880 5456 11656
11656 880 5456
5456 880 11656
7096 2415 13912
2415 7096 13912
13912 2415 7096
3822 4510 11763
4510 3822 11763
11763 3822 4510
5117 6343 13980
6343 5117 13980
13980 5117 6343
5983 8386 10313
10313 5983 8386
8386 5983 10313
10449 2540 8429
2540 8429 10449
8429 2540 10449
5328 7667 8205
7667 5328 8205
8205 5328 7667
6623 3510 13664
13664 3510 6623
3510 6623 13664
5457 879 3910
879 3910 5457
3910 879 5457
2822 1998 7784
1998 2822 7784
7784 1998 2822
11308 10496 14839
10496 11308 14839
14839 10496 11308
7927 4357 11759
11759 4357 7927
4357 7927 11759
1541 6603 12610
12610 1541 6603
6603 1541 12610
3726 4663 8749
4663 3726 8749
8749 3726 4663
437 13346 13834
13346 437 13834
13834 437 13346
4954 5887 12705
12705 4954 5887
5887 4954 12705
4708 5955 6371
5955 4708 6371
6371 4708 5955
6806 2675 5800
5800 2675 6806
2675 5800 6806
6627 2823 8134
8134 2823 6627
2823 6627 8134
1843 6998 7899
6998 1843 7899
7899 1843 6998
4026 3755 5042
3755 4026 5042
5042 3755 4026
14092 9380 10148
9380 10148 14092
10148 9380 14092
9088 3053 14925
3053 9088 14925
14925 3053 9088
5793 474 6656
6656 474 5793
474 5793 6656
5769 483 14518
14518 483 5769
483 5769 14518
2283 8344 11765
11765 2283 8344
8344 2283 11765
1466 3759 13240
3759 1466 13240
13240 1466 3759
9497 5460 7511
7511 5460 9497
5460 7511 9497
12037 1133 10286
10286 1133 12037
1133 10286 12037
2 10079 10681
10079 2 10681
10681 2 10079
14315 8161 10466
10466 8161 14315
8161 10466 14315
8008 4066 11161
4066 8008 11161
11161 4066 8008
10939 8378 11104
8378 10939 11104
11104 8378 10939
243 3724 5836
3724 243 5836
5836 243 3724
77 2000 5121
5121 77 2000
2000 77 5121
12875 3090 7467
3090 7467 12875
7467 3090 12875
7822 3099 14157
14157 3099 7822
3099 7822 14157
13878 1071 11902
1071 11902 13878
11902 1071 13878
2167 1413 7560
7560 1413 2167
1413 2167 7560
2718 10867 14090
14090 2718 10867
10867 2718 14090
8341 3869 8172
8172 3869 8341
3869 8172 8341
10324 2882 13742
13742 2882 10324
2882 10324 13742
6217 2350 2700
2350 2700 6217
2700 2350 6217
1522 1858 8144
1858 1522 8144
8144 1522 1858
4493 10936 14901
14901 4493 10936
10936 4493 14901
1851 4233 7168
7168 1851 4233
4233 1851 7168
465 2104 7349
2104 465 7349
7349 465 2104
1732 498 4763
4763 498 1732
498 1732 4763
4232 4302 14682
4302 4232 14682
14682 4232 4302
6344 4072 7752
7752 4072 6344
4072 6344 7752
10574 11519 13289
13289 10574 11519
11519 10574 13289
5984 2510 11913
2510 5984 11913
11913 2510 5984
9988 1270 3800
3800 1270 9988
1270 3800 9988
1638 3447 10192
3447 1638 10192
10192 1638 3447
14852 34 12499
34 12499 14852
12499 34 14852
1769 889 4290
889 1769 4290
4290 889 1769
9081 5014 8965
8965 5014 9081
5014 8965 9081
4022 3089 3508
3089 3508 4022
3508 3089 4022
9948 1432 14967
14967 1432 9948
1432 9948 14967
4660 5024 14544
5024 4660 14544
14544 4660 5024
4999 1748 8196
8196 1748 4999
1748 4999 8196
14352 4884 9978
9978 4884 14352
4884 9978 14352
4571 8181 9887
9887 4571 8181
8181 4571 9887
1857 8184 10643
10643 1857 8184
8184 1857 10643
841 6511 8958
6511 841 8958
8958 841 6511
11454 5312 7932
7932 5312 11454
5312 7932 11454
3096 147 6672
6672 147 3096
147 3096 6672
14134 3056 11998
11998 3056 14134
3056 11998 14134
6176 5107 13366
5107 6176 13366
13366 5107 6176
9703 2938 3705
3705 2938 9703
2938 3705 9703
11019 43 11401
43 11019 11401
11401 43 11019
8599 9433 10133
9433 8599 10133
10133 8599 9433
5244 1881 11331
11331 1881 5244
1881 5244 11331
12574 5723 9693
5723 9693 12574
9693 5723 12574
10048 534 8724
534 8724 10048
8724 534 10048
12454 10073 14314
10073 12454 14314
14314 10073 12454
11973 5504 5560
5560 5504 11973
5504 5560 11973
3640 7328 12913
7328 3640 12913
12913 3640 7328
4647 10249 11025
10249 4647 11025
11025 4647 10249
6417 2814 12617
2814 6417 12617
12617 2814 6417
11684 1219 10237
10237 1219 11684
1219 10237 11684
2463 8272 10468
10468 2463 8272
8272 2463 10468
5294 6815 14342
14342 5294 6815
6815 5294 14342
12217 4035 4437
4437 4035 12217
4035 4437 12217
1353 1024 2800
2800 1024 1353
1024 1353 2800
5614 9197 11845
9197 5614 11845
11845 5614 9197
5203 4515 14502
14502 4515 5203
4515 5203 14502
14355 5112 14093
14093 5112 14355
5112 14093 14355
13619 2885 4497
4497 2885 13619
2885 4497 13619
11844 8457 9719
9719 8457 11844
8457 9719 11844
2797 2520 2568
2520 2568 2797
2568 2520 2797
2067 5433 8230
5433 2067 8230
8230 2067 5433
3246 1772 7249
1772 3246 7249
7249 1772 3246
2076 11931 13367
13367 2076 11931
11931 2076 13367
7062 3496 14452
14452 3496 7062
3496 7062 14452
7203 6708 12045
6708 7203 12045
12045 6708 7203
13057 6737 9427
9427 6737 13057
6737 9427 13057
14103 2486 10233
2486 10233 14103
10233 2486 14103
13318 1552 3886
1552 3886 13318
3886 1552 13318
701 7764 13938
13938 701 7764
7764 701 13938
11572 7756 8375
7756 8375 11572
8375 7756 11572
10769 5531 6185
6185 5531 10769
5531 6185 10769
12420 7829 14919
7829 12420 14919
14919 7829 12420
13818 11810 14663
14663 11810 13818
11810 13818 14663
10780 12541 13570
13570 10780 12541
12541 10780 13570
7166 6355 12800
6355 7166 12800
12800 6355 7166
3176 13445 13673
13445 3176 13673
13673 3176 13445
10254 3113 14320
14320 3113 10254
3113 10254 14320
13607 1961 11760
1961 11760 13607
11760 1961 13607
13987 3316 5502
3316 5502 13987
5502 3316 13987
8780 11148 12407
11148 8780 12407
12407 8780 11148
340 12155 13788
12155 340 13788
13788 340 12155
5017 1912 5482
5482 1912 5017
1912 5017 5482
8583 3183 4996
3183 4996 8583
4996 3183 8583
6780 9453 10827
10827 6780 9453
9453 6780 10827
10758 8882 12955
12955 8882 10758
8882 10758 12955
9855 3167 5757
3167 5757 9855
5757 3167 9855
7442 6871 14802
14802 6871 7442
6871 7442 14802
3630 6992 7212
6992 3630 7212
7212 3630 6992
1811 9139 13360
9139 1811 13360
13360 1811 9139
8775 871 13425
871 8775 13425
13425 871 8775
13085 2979 10094
10094 2979 13085
2979 10094 13085
5774 2045 3025
3025 2045 5774
2045 3025 5774
7411 8648 14961
8648 7411 14961
14961 7411 8648
883 2991 6084
2991 883 6084
6084 883 2991
3350 8906 9831
8906 3350 9831
9831 3350 8906
331 5086 13044
13044 331 5086
5086 331 13044
3044 8017 12179
12179 3044 8017
8017 3044 12179
887 282 14562
14562 282 887
282 887 14562
5695 9844 10047
10047 5695 9844
9844 5695 10047
13104 8501 11657
11657 8501 13104
8501 11657 13104
10627 5436 9278
9278 5436 10627
5436 9278 10627
7681 3872 11084
11084 3872 7681
3872 7681 11084
6617 388 3639
388 3639 6617
3639 388 6617
999 1737 3282
1737 999 3282
3282 999 1737
10230 429 681
429 681 10230
681 429 10230
12901 12413 12735
12413 12735 12901
12735 12413 12901
2062 1496 12362
12362 1496 2062
1496 2062 12362
4264 1193 12458
1193 4264 12458
12458 1193 4264
766 6529 8552
6529 766 8552
8552 766 6529
4608 5481 6543
6543 4608 5481
5481 4608 6543
1968 8807 9483
8807 1968 9483
9483 1968 8807
10996 6334 10000
10000 6334 10996
6334 10000 10996
789 8578 11031
8578 789 11031
11031 789 8578
9552 886 6942
886 6942 9552
6942 886 9552
13748 8933 13639
13639 8933 13748
8933 13639 13748
14106 1806 3106
1806 3106 14106
3106 1806 14106
2454 11333 13985
13985 2454 11333
11333 2454 13985
462 3059 13296
13296 462 3059
3059 462 13296
5841 117 12101
117 5841 12101
12101 117 5841
8766 172 9618
172 8766 9618
9618 172 8766
14190 361 3608
361 3608 14190
3608 361 14190
7001 1228 14598
14598 1228 7001
1228 7001 14598
5780 2406 3991
3991 2406 5780
2406 3991 5780
7486 199 3575
199 3575 7486
3575 199 7486
3649 9227 12294
12294 3649 9227
9227 3649 12294
759 186 1104
1104 186 759
186 759 1104
7990 1153 10110
10110 1153 7990
1153 7990 10110
12663 6172 8313
6172 8313 12663
8313 6172 12663
7090 63 2558
63 2558 7090
2558 63 7090
14443 11307 14446
11307 14443 14446
14446 11307 14443
12571 23 9989
23 9989 12571
9989 23 12571
9222 10635 13244
10635 9222 13244
13244 9222 10635
11319 2869 3415
2869 3415 11319
3415 2869 11319
14887 3324 10572
10572 3324 14887
3324 10572 14887
10820 1086 4983
4983 1086 10820
1086 4983 10820
11424 4249 4328
4249 4328 11424
4328 4249 11424
2265 4993 6122
6122 2265 4993
4993 2265 6122
2106 4862 11579
11579 2106 4862
4862 2106 11579
6550 5641 9824
5641 6550 9824
9824 5641 6550
11951 5911 6825
6825 5911 11951
5911 6825 11951
41 3137 8966
8966 41 3137
3137 41 8966
2443 2543 7077
2543 2443 7077
7077 2443 2543
3509 4749 9031
4749 3509 9031
9031 3509 4749
5795 11370 13972
11370 5795 13972
13972 5795 11370
8493 4425 10871
4425 8493 10871
10871 4425 8493
12688 677 7037
677 7037 12688
7037 677 12688
5084 1008 6051
1008 5084 6051
6051 1008 5084
12406 3339 5301
5301 3339 12406
3339 5301 12406
6050 4795 8509
4795 6050 8509
8509 4795 6050
3777 1836 13851
13851 1836 3777
1836 3777 13851
4492 9235 12501
9235 4492 12501
12501 4492 9235
7425 1158 8474
1158 7425 8474
8474 1158 7425
3686 3208 3703
3703 3208 3686
3208 3686 3703
9965 2880 12142
2880 9965 12142
12142 2880 9965
12723 6223 12710
6223 12710 12723
12710 6223 12723
6548 1478 10429
1478 6548 10429
10429 1478 6548
13120 1132 14841
14841 1132 13120
1132 13120 14841
12993 11487 14035
14035 11487 12993
11487 12993 14035
6272 4723 9629
4723 6272 9629
9629 4723 6272
5474 3430 11427
3430 5474 11427
11427 3430 5474
7189 3622 9337
9337 3622 7189
3622 7189 9337
12921 5270 10442
10442 5270 12921
5270 10442 12921
1580 450 2918
450 1580 2918
2918 450 1580
2610 670 14123
670 2610 14123
14123 670 2610
13575 4560 7230
4560 7230 13575
7230 4560 13575
10408 13551 14480
14480 10408 13551
