2244 9307 13613
9307 2244 13613
13613 2244 9307
1862 4878 12903
4878 1862 12903
12903 1862 4878
8714 904 10294
10294 904 8714
904 8714 10294
6880 2031 11978
2031 6880 11978
11978 2031 6880
4982 9222 11313
9222 4982 11313
11313 4982 9222
9445 9181 13716
9181 9445 13716
13716 9181 9445
1772 2660 3510
2660 1772 3510
3510 1772 2660
254 8432 11607
11607 254 8432
8432 254 11607
4534 2372 5418
5418 2372 4534
2372 4534 5418
499 4980 14666
14666 499 4980
4980 499 14666
13299 4905 11830
11830 4905 13299
4905 11830 13299
8479 2798 4250
4250 2798 8479
2798 4250 8479
7334 1680 8727
1680 7334 8727
8727 1680 7334
10042 1372 12207
12207 1372 10042
1372 10042 12207
9485 8187 13324
8187 9485 13324
13324 8187 9485
10994 9536 12120
12120 9536 10994
9536 10994 12120
11017 2340 11048
11048 2340 11017
2340 11017 11048
3880 3405 7413
7413 3405 3880
3405 3880 7413
14190 11947 13330
11947 13330 14190
13330 11947 14190
7970 10676 11772
10676 7970 11772
11772 7970 10676
4363 4079 6714
4079 4363 6714
6714 4079 4363
14045 1949 7270
7270 1949 14045
1949 7270 14045
12997 1331 2138
1331 2138 12997
2138 1331 12997
2744 5824 10246
10246 2744 5824
5824 2744 10246
12390 136 9035
136 9035 12390
9035 136 12390
490 9473 10388
9473 490 10388
10388 490 9473
5231 5929 11675
5929 5231 11675
11675 5231 5929
108 8204 10093
10093 108 8204
8204 108 10093
14774 852 5325
852 5325 14774
5325 852 14774
4171 1361 4918
4918 1361 4171
1361 4171 4918
8277 702 6488
702 6488 8277
6488 702 8277
10698 5939 7784
7784 5939 10698
5939 7784 10698
6523 738 8711
738 6523 8711
8711 738 6523
2688 10853 13821
13821 2688 10853
10853 2688 13821
3438 4186 13417
4186 3438 13417
13417 3438 4186
10512 3096 7650
7650 3096 10512
3096 7650 10512
14508 9100 9741
9741 9100 14508
9100 9741 14508
2608 6515 8259
6515 2608 8259
8259 2608 6515
7090 7312 9587
7312 7090 9587
9587 7090 7312
636 3733 7580
7580 636 3733
3733 636 7580
13863 7651 13739
13739 7651 13863
7651 13739 13863
2116 3530 12361
12361 2116 3530
3530 2116 12361
5903 2461 14188
2461 5903 14188
14188 2461 5903
12184 128 6896
6896 128 12184
128 6896 12184
12895 3373 3635
3635 3373 12895
3373 3635 12895
14846 7210 12756
12756 7210 14846
7210 12756 14846
10291 1382 4118
1382 4118 10291
4118 1382 10291
4847 1912 8323
1912 4847 8323
8323 1912 4847
9614 1575 5455
5455 1575 9614
1575 5455 9614
3042 308 6279
308 3042 6279
6279 308 3042
9895 5227 12993
12993 5227 9895
5227 9895 12993
7185 9204 14349
9204 7185 14349
14349 7185 9204
3754 5687 10494
5687 3754 10494
10494 3754 5687
4405 3677 13871
13871 3677 4405
3677 4405 13871
12777 3709 12688
3709 12688 12777
12688 3709 12777
9007 11983 12952
11983 9007 12952
12952 9007 11983
11052 951 5608
5608 951 11052
951 5608 11052
5355 1531 4204
1531 4204 5355
4204 1531 5355
507 3398 13653
13653 507 3398
3398 507 13653
5310 6549 11674
11674 5310 6549
6549 5310 11674
8900 11362 12281
12281 8900 11362
11362 8900 12281
2201 6538 10141
6538 2201 10141
10141 2201 6538
14700 1678 10325
10325 1678 14700
1678 10325 14700
11706 8383 10256
8383 10256 11706
10256 8383 11706
5147 6110 12550
6110 5147 12550
12550 5147 6110
410 7957 11202
7957 410 11202
11202 410 7957
1421 4709 13580
13580 1421 4709
4709 1421 13580
1847 6453 10449
10449 1847 6453
6453 1847 10449
1201 13438 13895
13895 1201 13438
13438 1201 13895
1493 6498 11467
11467 1493 6498
6498 1493 11467
4070 4080 9890
9890 4070 4080
4080 4070 9890
3684 4531 14878
4531 3684 14878
14878 3684 4531
4433 2373 11309
2373 4433 11309
11309 2373 4433
14634 2021 8879
8879 2021 14634
2021 8879 14634
3056 4212 7607
4212 3056 7607
7607 3056 4212
11777 5127 6593
6593 5127 11777
5127 6593 11777
12005 3970 9002
3970 9002 12005
9002 3970 12005
18 2962 12180
12180 18 2962
2962 18 12180
1585 7376 10785
7376 1585 10785
10785 1585 7376
12239 4246 10637
10637 4246 12239
4246 10637 12239
14030 8936 12406
12406 8936 14030
8936 12406 14030
12917 1464 14520
14520 1464 12917
1464 12917 14520
8076 8554 12389
12389 8076 8554
8554 8076 12389
9323 9503 14356
14356 9323 9503
9503 9323 14356
7029 1389 14305
1389 7029 14305
14305 1389 7029
13903 4583 14660
14660 4583 13903
4583 13903 14660
9761 4638 14598
4638 9761 14598
14598 4638 9761
4730 559 4345
559 4345 4730
4345 559 4730
9212 2536 4431
4431 2536 9212
2536 4431 9212
4634 2007 9370
9370 2007 4634
2007 4634 9370
7078 4138 6265
6265 4138 7078
4138 6265 7078
14657 12 4581
4581 12 14657
12 4581 14657
6410 5711 12523
12523 5711 6410
5711 6410 12523
6873 4804 7737
4804 6873 7737
7737 4804 6873
10740 884 6921
884 6921 10740
6921 884 10740
13720 3467 7847
7847 3467 13720
3467 7847 13720
3696 6328 13736
13736 3696 6328
6328 3696 13736
1018 10561 14216
14216 1018 10561
10561 1018 14216
7409 1689 9898
9898 1689 7409
1689 7409 9898
6014 2643 6417
2643 6014 6417
6417 2643 6014
5704 1845 7008
7008 1845 5704
1845 5704 7008
14719 6210 8153
6210 8153 14719
8153 6210 14719
5126 5347 7475
7475 5126 5347
5347 5126 7475
2420 11051 12743
12743 2420 11051
11051 2420 12743
8857 6225 10859
6225 8857 10859
10859 6225 8857
6300 12737 13663
13663 6300 12737
12737 6300 13663
5259 90 583
90 583 5259
583 90 5259
2357 8114 9841
9841 2357 8114
8114 2357 9841
6703 12283 13607
13607 6703 12283
12283 6703 13607
8957 11176 11648
11648 8957 11176
11176 8957 11648
10898 4601 5263
5263 4601 10898
4601 5263 10898
10275 2508 3981
2508 3981 10275
3981 2508 10275
11182 1251 4215
1251 4215 11182
4215 1251 11182
13420 3534 5743
5743 3534 13420
3534 5743 13420
1300 3129 13828
3129 1300 13828
13828 1300 3129
4162 744 6115
6115 744 4162
744 4162 6115
4261 3875 12552
12552 3875 4261
3875 4261 12552
163 8021 8572
8572 163 8021
8021 163 8572
12686 9017 13326
13326 9017 12686
9017 12686 13326
517 2968 5913
5913 517 2968
2968 517 5913
7985 3452 8440
3452 7985 8440
8440 3452 7985
2833 260 6701
260 2833 6701
6701 260 2833
607 8624 10200
10200 607 8624
8624 607 10200
1812 7611 11366
7611 1812 11366
11366 1812 7611
11180 1996 7902
7902 1996 11180
1996 7902 11180
1020 1837 14747
1837 1020 14747
14747 1020 1837
2866 1646 2337
2337 1646 2866
1646 2337 2866
7040 1291 5476
5476 1291 7040
1291 5476 7040
112 667 4148
667 112 4148
4148 112 667
5155 11658 13106
13106 5155 11658
11658 5155 13106
3484 252 9024
252 3484 9024
9024 252 3484
3411 3126 4046
3126 3411 4046
4046 3126 3411
1151 5914 7250
7250 1151 5914
5914 1151 7250
3137 11615 14699
11615 3137 14699
14699 3137 11615
2832 10111 10308
10308 2832 10111
10111 2832 10308
13243 10263 10790
10263 10790 13243
10790 10263 13243
3449 837 6491
6491 837 3449
837 3449 6491
9441 7225 12217
7225 9441 12217
12217 7225 9441
2227 699 2851
2851 699 2227
699 2227 2851
11809 7805 13245
13245 7805 11809
7805 11809 13245
6108 2325 12817
12817 2325 6108
2325 6108 12817
8690 10435 12316
12316 8690 10435
10435 8690 12316
8425 7896 8799
8799 7896 8425
7896 8425 8799
7411 3690 9596
9596 3690 7411
3690 7411 9596
10153 2210 11292
2210 10153 11292
11292 2210 10153
12927 4402 6028
6028 4402 12927
4402 6028 12927
13184 101 13109
101 13109 13184
13109 101 13184
7558 10458 13679
13679 7558 10458
10458 7558 13679
2615 819 941
819 941 2615
941 819 2615
11432 2191 8072
2191 8072 11432
8072 2191 11432
14383 8733 8793
8793 8733 14383
8733 8793 14383
13296 6969 9342
6969 9342 13296
9342 6969 13296
11443 2383 5267
2383 5267 11443
5267 2383 11443
13002 2819 14199
14199 2819 13002
2819 13002 14199
982 5978 9911
9911 982 5978
5978 982 9911
8233 7926 10854
7926 8233 10854
10854 7926 8233
8929 1065 8829
8829 1065 8929
1065 8829 8929
72 2366 14439
14439 72 2366
2366 72 14439
7327 3412 11903
3412 7327 11903
11903 3412 7327
11782 3271 9258
9258 3271 11782
3271 9258 11782
13130 2441 7645
2441 7645 13130
7645 2441 13130
11384 2050 6022
6022 2050 11384
2050 6022 11384
5812 2314 14533
14533 2314 5812
2314 5812 14533
37 7126 12664
12664 37 7126
7126 37 12664
14288 3099 8528
3099 8528 14288
8528 3099 14288
12437 8141 13519
8141 12437 13519
13519 8141 12437
11632 5229 12123
12123 5229 11632
5229 11632 12123
10707 1867 7813
7813 1867 10707
1867 7813 10707
10585 8552 13569
8552 10585 13569
13569 8552 10585
7608 9205 11355
9205 7608 11355
11355 7608 9205
1640 4783 11235
11235 1640 4783
4783 1640 11235
231 2748 6439
2748 231 6439
6439 231 2748
4044 2055 7408
7408 2055 4044
2055 4044 7408
8877 2344 14834
14834 2344 8877
2344 8877 14834
7229 2044 11526
11526 2044 7229
2044 7229 11526
168 4750 13494
13494 168 4750
4750 168 13494
678 2498 14833
14833 678 2498
2498 678 14833
6895 3434 13671
13671 3434 6895
3434 6895 13671
3959 840 10201
840 3959 10201
10201 840 3959
10489 8073 12043
12043 8073 10489
8073 10489 12043
8637 2919 5361
5361 2919 8637
2919 5361 8637
9581 2506 3028
3028 2506 9581
2506 3028 9581
3986 6623 7157
6623 3986 7157
7157 3986 6623
9395 339 11863
11863 339 9395
339 9395 11863
10749 1792 6079
1792 6079 10749
6079 1792 10749
10463 11315 12948
12948 10463 11315
11315 10463 12948
9718 12246 14653
14653 9718 12246
12246 9718 14653
8764 3929 6223
6223 3929 8764
3929 6223 8764
8152 384 10689
10689 384 8152
384 8152 10689
11373 12721 13199
13199 11373 12721
12721 11373 13199
12574 2296 14197
14197 2296 12574
2296 12574 14197
13246 814 9306
9306 814 13246
814 9306 13246
8143 7759 9705
9705 7759 8143
7759 8143 9705
13773 1252 5419
1252 5419 13773
5419 1252 13773
9114 6661 13928
13928 6661 9114
6661 9114 13928
9671 2675 11350
2675 9671 11350
11350 2675 9671
8291 11117 11818
11117 8291 11818
11818 8291 11117
2156 50 2721
2721 50 2156
50 2156 2721
369 1392 11037
11037 369 1392
1392 369 11037
7716 4631 14521
14521 4631 7716
4631 7716 14521
391 5075 13662
5075 391 13662
13662 391 5075
9071 1015 8720
8720 1015 9071
1015 8720 9071
13595 2752 7253
7253 2752 13595
2752 7253 13595
6381 12505 13415
13415 6381 12505
12505 6381 13415
6979 2364 4329
4329 2364 6979
2364 4329 6979
2285 1617 10101
1617 2285 10101
10101 1617 2285
4800 1929 2286
2286 1929 4800
1929 2286 4800
10371 4917 14753
14753 4917 10371
4917 10371 14753
1466 1155 12970
1155 1466 12970
12970 1155 1466
8898 1007 7473
7473 1007 8898
1007 7473 8898
2664 10813 14138
10813 2664 14138
14138 2664 10813
12344 4532 5838
5838 4532 12344
4532 5838 12344
9438 9335 10092
9335 9438 10092
10092 9335 9438
7489 7158 8256
7158 7489 8256
8256 7158 7489
8962 7121 11343
7121 8962 11343
11343 7121 8962
1874 6142 7501
7501 1874 6142
6142 1874 7501
11369 3268 4282
4282 3268 11369
3268 4282 11369
14651 1324 7623
7623 1324 14651
1324 7623 14651
8453 6422 6521
6422 6521 8453
6521 6422 8453
9048 6962 13588
13588 6962 9048
6962 9048 13588
11732 5214 9939
5214 9939 11732
9939 5214 11732
11151 2256 3323
3323 2256 11151
2256 3323 11151
694 9902 10318
9902 694 10318
10318 694 9902
12742 9547 11160
11160 9547 12742
9547 11160 12742
693 2126 8616
8616 693 2126
2126 693 8616
12915 436 9317
436 9317 12915
9317 436 12915
1378 1062 12581
1062 1378 12581
12581 1062 1378
13800 569 2560
569 2560 13800
2560 569 13800
3888 1806 12833
1806 3888 12833
12833 1806 3888
5647 1092 10781
10781 1092 5647
1092 5647 10781
14265 1450 3865
3865 1450 14265
1450 3865 14265
4209 5736 10395
5736 4209 10395
10395 4209 5736
9769 2759 10963
2759 9769 10963
10963 2759 9769
12594 2417 9556
9556 2417 12594
2417 9556 12594
8225 7177 9734
9734 7177 8225
7177 8225 9734
10563 1220 8796
8796 1220 10563
1220 8796 10563
4928 1328 9000
9000 1328 4928
1328 4928 9000
10551 7119 8265
8265 7119 10551
7119 8265 10551
13643 6582 10368
6582 10368 13643
10368 6582 13643
4335 12153 14572
12153 4335 14572
14572 4335 12153
14641 4095 4331
4095 4331 14641
4331 4095 14641
4220 2587 3067
3067 2587 4220
2587 3067 4220
2269 1145 4858
1145 2269 4858
4858 1145 2269
8954 9617 10889
9617 8954 10889
10889 8954 9617
3358 9988 14805
14805 3358 9988
9988 3358 14805
11042 1115 9625
1115 9625 11042
9625 1115 11042
8390 3418 14600
14600 3418 8390
3418 8390 14600
2467 177 13088
177 2467 13088
13088 177 2467
14148 9080 12689
12689 9080 14148
9080 12689 14148
955 882 1591
882 955 1591
1591 882 955
6542 6135 9099
6135 6542 9099
9099 6135 6542
11965 9049 13777
9049 11965 13777
13777 9049 11965
5118 9266 9693
9693 5118 9266
9266 5118 9693
2625 11979 14272
14272 2625 11979
11979 2625 14272
3378 8586 8932
8586 3378 8932
8932 3378 8586
14219 4932 7346
7346 4932 14219
4932 7346 14219
3708 7089 10292
7089 3708 10292
10292 3708 7089
8993 1905 11749
11749 1905 8993
1905 8993 11749
14626 8394 12519
8394 12519 14626
12519 8394 14626
7735 8549 11444
11444 7735 8549
8549 7735 11444
11928 6556 6980
6980 6556 11928
6556 6980 11928
6195 6772 10611
6772 6195 10611
10611 6195 6772
3721 1705 13551
13551 1705 3721
1705 3721 13551
7146 681 13022
681 7146 13022
13022 681 7146
7772 1510 13782
1510 7772 13782
13782 1510 7772
5501 8548 12325
8548 5501 12325
12325 5501 8548
4109 2917 7176
7176 2917 4109
2917 4109 7176
6268 5643 9557
5643 6268 9557
9557 5643 6268
8550 4953 9836
9836 4953 8550
4953 8550 9836
13437 6380 11598
6380 11598 13437
11598 6380 13437
4732 12563 13496
12563 4732 13496
13496 4732 12563
14963 8719 14127
8719 14127 14963
14127 8719 14963
415 10982 12620
12620 415 10982
10982 415 12620
8617 2237 11935
11935 2237 8617
2237 8617 11935
14381 6185 14365
6185 14365 14381
14365 6185 14381
13946 3806 8062
8062 3806 13946
3806 8062 13946
10521 1918 12224
12224 1918 10521
1918 10521 12224
14067 9838 11296
11296 9838 14067
9838 11296 14067
13931 1216 6342
1216 6342 13931
6342 1216 13931
7391 8517 12747
12747 7391 8517
8517 7391 12747
1261 5693 14060
5693 1261 14060
14060 1261 5693
8605 3210 11494
11494 3210 8605
3210 8605 11494
7453 7860 12223
7860 7453 12223
12223 7453 7860
10562 1418 4731
4731 1418 10562
1418 4731 10562
7196 10919 11247
11247 7196 10919
10919 7196 11247
4407 13040 14902
13040 4407 14902
14902 4407 13040
7844 2395 8414
8414 2395 7844
2395 7844 8414
9443 13355 13596
13355 9443 13596
13596 9443 13355
6016 11997 13169
13169 6016 11997
11997 6016 13169
13765 2482 8075
2482 8075 13765
8075 2482 13765
6367 13302 13573
13573 6367 13302
13302 6367 13573
3835 3804 11139
11139 3804 3835
3804 3835 11139
5108 13938 14950
14950 5108 13938
13938 5108 14950
11034 8415 10211
10211 8415 11034
8415 10211 11034
6291 10626 12300
10626 6291 12300
12300 6291 10626
4398 292 4279
292 4279 4398
4279 292 4398
4605 6554 13372
13372 4605 6554
6554 4605 13372
5530 1279 7789
7789 1279 5530
1279 5530 7789
9446 1750 5132
1750 5132 9446
5132 1750 9446
10722 5623 9338
9338 5623 10722
5623 9338 10722
10878 2146 8569
8569 2146 10878
2146 8569 10878
13872 5404 5890
5890 5404 13872
5404 5890 13872
8116 7963 13402
7963 8116 13402
13402 7963 8116
1488 10580 11448
10580 1488 11448
11448 1488 10580
13779 1439 14023
1439 13779 14023
14023 1439 13779
13940 13742 13987
13987 13742 13940
13742 13940 13987
8381 9913 11341
9913 8381 11341
11341 8381 9913
1048 1660 8240
8240 1048 1660
1660 1048 8240
13875 1746 8893
1746 8893 13875
8893 1746 13875
14155 4879 4897
4897 4879 14155
4879 4897 14155
4027 10244 10973
10244 4027 10973
10973 4027 10244
10924 251 9436
9436 251 10924
251 9436 10924
6720 1976 14249
14249 1976 6720
1976 6720 14249
11449 5265 14968
5265 11449 14968
14968 5265 11449
14522 3652 5114
5114 3652 14522
3652 5114 14522
10073 6828 8839
6828 8839 10073
8839 6828 10073
5016 10705 12232
12232 5016 10705
10705 5016 12232
5359 672 11490
11490 672 5359
672 5359 11490
10205 3158 12509
12509 3158 10205
3158 10205 12509
14895 3008 3327
3008 3327 14895
3327 3008 14895
5088 11 9919
9919 11 5088
11 5088 9919
5649 6740 14867
14867 5649 6740
6740 5649 14867
7880 1639 12149
1639 7880 12149
12149 1639 7880
3842 5976 7862
5976 3842 7862
7862 3842 5976
13535 7976 9795
7976 9795 13535
9795 7976 13535
3780 11924 14531
14531 3780 11924
11924 3780 14531
10922 9687 13227
13227 9687 10922
9687 10922 13227
3314 5456 14320
14320 3314 5456
5456 3314 14320
9058 7167 10873
10873 7167 9058
7167 9058 10873
2455 8860 10686
10686 2455 8860
8860 2455 10686
8926 2354 5639
5639 2354 8926
2354 5639 8926
10630 3994 6987
6987 3994 10630
3994 6987 10630
11568 5931 9758
5931 9758 11568
9758 5931 11568
9388 606 9568
606 9388 9568
9568 606 9388
14007 8374 10257
8374 10257 14007
10257 8374 14007
3397 5900 8329
5900 3397 8329
8329 3397 5900
10362 3114 8429
3114 8429 10362
8429 3114 10362
8172 6004 7695
7695 6004 8172
6004 7695 8172
145 2612 9999
9999 145 2612
2612 145 9999
12555 7428 12459
7428 12459 12555
12459 7428 12555
8801 4736 10966
4736 8801 10966
10966 4736 8801
6111 4478 7739
7739 4478 6111
4478 6111 7739
5594 6495 8555
8555 5594 6495
6495 5594 8555
11119 3671 14431
3671 11119 14431
14431 3671 11119
6505 3960 9872
9872 3960 6505
3960 6505 9872
3005 7505 10096
10096 3005 7505
7505 3005 10096
10404 9926 14818
14818 9926 10404
9926 10404 14818
2322 12626 14830
14830 2322 12626
12626 2322 14830
363 6452 11301
6452 363 11301
11301 363 6452
299 4117 10062
4117 299 10062
10062 299 4117
11907 2037 8482
8482 2037 11907
2037 8482 11907
14294 7915 10372
7915 10372 14294
10372 7915 14294
11403 4590 12038
12038 4590 11403
4590 11403 12038
5358 2476 8934
2476 5358 8934
8934 2476 5358
9184 8525 10133
8525 9184 10133
10133 8525 9184
88 3821 12622
3821 88 12622
12622 88 3821
14720 2477 14610
14610 2477 14720
2477 14610 14720
14300 5433 9627
5433 9627 14300
9627 5433 14300
13744 6092 14120
6092 13744 14120
14120 6092 13744
1773 8780 9543
9543 1773 8780
8780 1773 9543
6094 2038 2773
2038 2773 6094
2773 2038 6094
53 6230 7732
6230 53 7732
7732 53 6230
7476 4889 12901
4889 7476 12901
12901 4889 7476
3887 863 4657
863 3887 4657
4657 863 3887
14292 5403 9772
9772 5403 14292
5403 9772 14292
74 4160 8651
4160 74 8651
8651 74 4160
9109 6795 11190
11190 6795 9109
6795 9109 11190
10706 14185 14674
14674 10706 14185
14185 10706 14674
130 5648 10604
10604 130 5648
5648 130 10604
341 2934 9922
2934 341 9922
9922 341 2934
1668 12173 13452
13452 1668 12173
12173 1668 13452
3380 7182 12920
12920 3380 7182
7182 3380 12920
5658 8355 13780
13780 5658 8355
8355 5658 13780
6290 4188 5398
4188 5398 6290
5398 4188 6290
12628 4086 13567
4086 12628 13567
13567 4086 12628
13996 2841 13625
13625 2841 13996
2841 13625 13996
6695 6445 8335
8335 6445 6695
6445 6695 8335
9827 934 9657
934 9657 9827
9657 934 9827
3043 2873 14903
14903 2873 3043
2873 3043 14903
1318 8146 11489
8146 1318 11489
11489 1318 8146
5659 11677 14782
11677 5659 14782
14782 5659 11677
12417 2255 2284
2284 2255 12417
2255 2284 12417
3693 11451 13249
11451 3693 13249
13249 3693 11451
11370 10172 14595
14595 10172 11370
10172 11370 14595
971 12975 13925
12975 971 13925
13925 971 12975
6535 6249 6295
6295 6249 6535
6249 6295 6535
13669 11154 13968
13968 11154 13669
11154 13669 13968
7495 3381 10741
10741 3381 7495
3381 7495 10741
14311 7228 13071
13071 7228 14311
7228 13071 14311
11844 2242 8254
2242 8254 11844
8254 2242 11844
3547 1298 1437
1298 1437 3547
1437 1298 3547
4168 7809 13898
13898 4168 7809
7809 4168 13898
4684 6282 8318
6282 4684 8318
8318 4684 6282
1491 2953 14144
2953 1491 14144
14144 1491 2953
5175 10763 11038
10763 5175 11038
11038 5175 10763
11532 7642 10518
7642 10518 11532
10518 7642 11532
323 10453 13638
10453 323 13638
13638 323 10453
14842 1292 8439
8439 1292 14842
1292 8439 14842
12936 1111 6316
6316 1111 12936
1111 6316 12936
385 1714 5457
1714 385 5457
5457 385 1714
14299 8741 12522
8741 12522 14299
12522 8741 14299
5395 653 3917
3917 653 5395
653 3917 5395
9854 885 9309
885 9309 9854
9309 885 9854
6968 4857 8707
8707 4857 6968
4857 6968 8707
2599 3526 13667
13667 2599 3526
3526 2599 13667
3914 3420 6534
6534 3420 3914
3420 3914 6534
5197 3562 5487
5487 3562 5197
3562 5197 5487
13232 1031 13831
13831 1031 13232
1031 13232 13831
7315 2768 2924
2924 2768 7315
2768 2924 7315
7072 2278 8441
2278 7072 8441
8441 2278 7072
12565 7635 14914
7635 12565 14914
14914 7635 12565
6427 10000 10421
10421 6427 10000
10000 6427 10421
3694 12410 14165
12410 3694 14165
14165 3694 12410
13650 12109 14733
12109 13650 14733
14733 12109 13650
3153 6334 8809
6334 3153 8809
8809 3153 6334
2510 9571 12750
9571 2510 12750
12750 2510 9571
7382 3317 9219
3317 7382 9219
9219 3317 7382
7467 9525 11269
9525 7467 11269
11269 7467 9525
3303 3142 7396
3142 3303 7396
7396 3142 3303
4501 8034 10913
8034 4501 10913
10913 4501 8034
11224 8296 9505
9505 8296 11224
8296 9505 11224
7088 11557 12454
12454 7088 11557
11557 7088 12454
8197 1939 3638
1939 3638 8197
3638 1939 8197
11283 4868 9161
4868 9161 11283
9161 4868 11283
8232 6990 8427
8427 6990 8232
6990 8232 8427
14831 110 2266
2266 110 14831
110 2266 14831
538 4082 14430
14430 538 4082
4082 538 14430
2959 3252 14195
14195 2959 3252
3252 2959 14195
3174 2445 13673
13673 2445 3174
2445 3174 13673
2629 4563 9409
9409 2629 4563
4563 2629 9409
13255 10403 11736
11736 10403 13255
10403 11736 13255
5014 4428 4797
4428 4797 5014
4797 4428 5014
14090 477 13901
477 13901 14090
13901 477 14090
4572 6561 7783
6561 4572 7783
7783 4572 6561
11054 7435 14481
14481 7435 11054
7435 11054 14481
2193 5614 10234
5614 2193 10234
10234 2193 5614
3637 11425 12330
11425 3637 12330
12330 3637 11425
5413 6423 6833
6423 5413 6833
6833 5413 6423
14803 1021 12322
12322 1021 14803
1021 12322 14803
9191 827 8823
827 8823 9191
8823 827 9191
10281 6899 10120
10120 6899 10281
6899 10120 10281
8748 3336 5590
3336 5590 8748
5590 3336 8748
12729 5612 12720
12720 5612 12729
5612 12720 12729
10959 7057 7841
7841 7057 10959
7057 7841 10959
3207 202 10011
202 3207 10011
10011 202 3207
12607 6669 10773
6669 10773 12607
10773 6669 12607
7527 8771 13661
13661 7527 8771
8771 7527 13661
12143 1423 12499
12499 1423 12143
1423 12143 12499
11000 9033 10759
10759 9033 11000
9033 10759 11000
4801 2579 8290
8290 2579 4801
2579 4801 8290
7965 1807 3237
1807 3237 7965
3237 1807 7965
8217 3483 5756
3483 5756 8217
5756 3483 8217
2993 1282 8044
1282 2993 8044
8044 1282 2993
2523 6601 12718
12718 2523 6601
6601 2523 12718
524 10564 14152
14152 524 10564
10564 524 14152
3661 8308 8732
8308 3661 8732
8732 3661 8308
1190 2532 9550
9550 1190 2532
2532 1190 9550
3391 1359 9245
1359 3391 9245
9245 1359 3391
12788 3950 12953
12953 3950 12788
3950 12788 12953
13276 2920 11846
11846 2920 13276
2920 11846 13276
5275 1297 6752
6752 1297 5275
1297 5275 6752
6938 7541 10674
7541 6938 10674
10674 6938 7541
2013 12159 14465
12159 2013 14465
14465 2013 12159
4173 12021 13723
13723 4173 12021
12021 4173 13723
1916 800 12730
800 1916 12730
12730 800 1916
9678 5872 9140
9140 5872 9678
5872 9140 9678
4993 57 12177
12177 57 4993
57 4993 12177
13659 4945 13710
4945 13659 13710
13710 4945 13659
5435 6469 7956
6469 5435 7956
7956 5435 6469
565 10985 11291
11291 565 10985
10985 565 11291
8166 5708 6773
6773 5708 8166
5708 6773 8166
5171 6642 13375
13375 5171 6642
6642 5171 13375
10052 2326 7509
2326 7509 10052
7509 2326 10052
3167 1098 2181
2181 1098 3167
1098 2181 3167
5350 756 12716
756 5350 12716
12716 756 5350
12403 8677 10942
10942 8677 12403
8677 10942 12403
9762 3712 5044
5044 3712 9762
3712 5044 9762
4350 3515 4995
4995 3515 4350
3515 4350 4995
9780 5568 7856
7856 5568 9780
5568 7856 9780
3579 810 12629
810 3579 12629
12629 810 3579
707 10081 12724
10081 707 12724
12724 707 10081
7676 13367 14342
14342 7676 13367
13367 7676 14342
7968 7743 12725
7743 7968 12725
12725 7743 7968
11492 6182 10554
6182 10554 11492
10554 6182 11492
4714 7948 11288
7948 4714 11288
11288 4714 7948
8749 2456 6134
6134 2456 8749
2456 6134 8749
7842 5319 7047
7047 5319 7842
5319 7047 7842
11667 6243 9987
6243 9987 11667
9987 6243 11667
14082 2196 7010
2196 7010 14082
7010 2196 14082
8558 7668 10314
7668 8558 10314
10314 7668 8558
6233 5013 7485
5013 6233 7485
7485 5013 6233
13951 9451 11354
11354 9451 13951
9451 11354 13951
993 6510 11411
6510 993 11411
11411 993 6510
7354 5957 9453
9453 5957 7354
5957 7354 9453
7377 3860 5996
5996 3860 7377
3860 5996 7377
3013 2419 5670
5670 2419 3013
2419 3013 5670
3598 5518 7328
5518 3598 7328
7328 3598 5518
1633 9783 11126
9783 1633 11126
11126 1633 9783
690 2316 14512
2316 690 14512
14512 690 2316
13608 708 6811
708 6811 13608
6811 708 13608
2632 10999 11391
10999 2632 11391
11391 2632 10999
14068 162 8372
162 8372 14068
8372 162 14068
496 1041 4444
1041 496 4444
4444 496 1041
8740 11394 13693
13693 8740 11394
11394 8740 13693
12562 9905 12466
12466 9905 12562
9905 12466 12562
12656 5564 7111
5564 7111 12656
7111 5564 12656
14752 4768 13350
13350 4768 14752
4768 13350 14752
5596 3029 5860
5860 3029 5596
3029 5596 5860
6021 5800 12824
12824 5800 6021
5800 6021 12824
6953 10697 12931
12931 6953 10697
10697 6953 12931
3245 9944 12191
9944 3245 12191
12191 3245 9944
4552 5773 12531
12531 4552 5773
5773 4552 12531
2079 353 12728
353 2079 12728
12728 353 2079
831 2735 9642
2735 831 9642
9642 831 2735
7814 7275 13369
7275 7814 13369
13369 7275 7814
9531 1628 11728
11728 1628 9531
1628 9531 11728
13843 4594 8953
4594 8953 13843
8953 4594 13843
6255 182 2582
2582 182 6255
182 2582 6255
147 1974 5486
5486 147 1974
1974 147 5486
8531 724 1875
724 1875 8531
1875 724 8531
5083 1109 5961
1109 5083 5961
5961 1109 5083
3060 3248 13338
3248 3060 13338
13338 3060 3248
880 8228 11504
8228 880 11504
11504 880 8228
14967 10605 13524
10605 13524 14967
13524 10605 14967
2413 2742 4751
2742 2413 4751
4751 2413 2742
8341 8250 10177
10177 8250 8341
8250 8341 10177
8424 2700 8987
8987 2700 8424
2700 8424 8987
9803 2192 10625
10625 2192 9803
2192 9803 10625
13859 1032 11720
1032 11720 13859
11720 1032 13859
2026 5818 12812
5818 2026 12812
12812 2026 5818
4039 4371 9041
4371 4039 9041
9041 4039 4371
13156 4910 14969
14969 4910 13156
4910 13156 14969
4447 4808 9360
9360 4447 4808
4808 4447 9360
4640 8083 9331
8083 4640 9331
9331 4640 8083
8356 4286 7857
4286 7857 8356
7857 4286 8356
12160 929 1049
1049 929 12160
929 1049 12160
12151 7550 14482
7550 12151 14482
14482 7550 12151
14946 7740 9501
7740 9501 14946
9501 7740 14946
3094 4673 7497
7497 3094 4673
4673 3094 7497
886 2430 7573
2430 886 7573
7573 886 2430
8446 4895 7665
7665 4895 8446
4895 7665 8446
6141 243 13861
13861 243 6141
243 6141 13861
6179 2966 14905
2966 6179 14905
14905 2966 6179
10918 4313 11244
11244 4313 10918
4313 10918 11244
8830 901 14310
901 8830 14310
14310 901 8830
14636 4045 12350
4045 12350 14636
12350 4045 14636
12819 13134 13899
13899 12819 13134
13134 12819 13899
2207 8958 9377
9377 2207 8958
8958 2207 9377
14429 9630 13211
13211 9630 14429
9630 13211 14429
2568 2567 12715
12715 2567 2568
2567 2568 12715
9298 4462 10334
4462 9298 10334
10334 4462 9298
11121 10542 12261
10542 11121 12261
12261 10542 11121
9452 10027 10713
10713 9452 10027
10027 9452 10713
5622 6212 7283
7283 5622 6212
6212 5622 7283
6248 586 9368
9368 586 6248
586 6248 9368
6331 1181 1255
1181 1255 6331
1255 1181 6331
12108 613 6884
613 6884 12108
6884 613 12108
10948 13896 14856
13896 10948 14856
14856 10948 13896
5858 1344 10199
1344 5858 10199
10199 1344 5858
8538 5477 8230
5477 8230 8538
8230 5477 8538
2830 6054 9804
6054 2830 9804
9804 2830 6054
11521 8810 10472
8810 10472 11521
10472 8810 11521
10691 1452 3980
1452 3980 10691
3980 1452 10691
2136 8001 12921
8001 2136 12921
12921 2136 8001
7069 220 2978
220 2978 7069
2978 220 7069
11008 8540 12533
8540 11008 12533
12533 8540 11008
4955 5936 7518
5936 4955 7518
7518 4955 5936
1133 1472 7027
1472 1133 7027
7027 1133 1472
13332 1191 11045
11045 1191 13332
1191 11045 13332
8722 3651 14798
14798 3651 8722
3651 8722 14798
8218 2120 11737
2120 8218 11737
11737 2120 8218
2651 325 7563
7563 325 2651
325 2651 7563
4832 1727 1960
1727 1960 4832
1960 1727 4832
1839 3 9577
3 1839 9577
9577 3 1839
10603 3259 3942
3259 3942 10603
3942 3259 10603
3045 4446 9141
9141 3045 4446
4446 3045 9141
3345 714 12712
714 3345 12712
12712 714 3345
1461 2155 6063
2155 1461 6063
6063 1461 2155
11904 2257 14590
14590 2257 11904
2257 11904 14590
12746 3288 6403
6403 3288 12746
3288 6403 12746
4926 2397 14239
14239 2397 4926
2397 4926 14239
370 7422 14046
14046 370 7422
7422 370 14046
7559 12494 12925
12925 7559 12494
12494 7559 12925
3368 5813 6827
5813 3368 6827
6827 3368 5813
3768 4779 6914
4779 3768 6914
6914 3768 4779
14184 3472 14079
14079 3472 14184
3472 14079 14184
2047 13656 14262
14262 2047 13656
13656 2047 14262
6156 3425 13314
3425 6156 13314
13314 3425 6156
2598 8325 13148
8325 2598 13148
13148 2598 8325
705 1132 13879
13879 705 1132
1132 705 13879
10908 6482 9378
6482 9378 10908
9378 6482 10908
3018 5922 10123
10123 3018 5922
5922 3018 10123
1619 2122 5074
5074 1619 2122
2122 1619 5074
11205 10929 14800
10929 11205 14800
14800 10929 11205
2011 5002 9229
5002 2011 9229
9229 2011 5002
5879 3961 13147
13147 3961 5879
3961 5879 13147
14201 3315 11770
11770 3315 14201
3315 11770 14201
710 4413 7888
4413 710 7888
7888 710 4413
4651 806 9497
806 4651 9497
9497 806 4651
14628 3666 13709
3666 13709 14628
13709 3666 14628
737 10862 11647
11647 737 10862
10862 737 11647
3023 2124 5555
5555 2124 3023
2124 3023 5555
2733 2327 12508
2327 2733 12508
12508 2327 2733
8535 3287 5453
3287 5453 8535
5453 3287 8535
1496 7879 8081
7879 1496 8081
8081 1496 7879
4008 5326 5954
5326 4008 5954
5954 4008 5326
912 8654 12467
8654 912 12467
12467 912 8654
2347 3489 7230
3489 2347 7230
7230 2347 3489
11763 1052 4514
1052 4514 11763
4514 1052 11763
11155 1436 10204
10204 1436 11155
1436 10204 11155
6580 10420 10957
10957 6580 10420
10420 6580 10957
12192 7405 12353
12353 7405 12192
7405 12192 12353
9228 2081 8088
2081 8088 9228
8088 2081 9228
8951 3877 11156
11156 3877 8951
3877 8951 11156
1872 10654 12977
10654 1872 12977
12977 1872 10654
4543 107 5484
5484 107 4543
107 4543 5484
11734 3442 11688
11688 3442 11734
3442 11688 11734
6080 5516 8754
8754 5516 6080
5516 6080 8754
4988 4256 10499
4256 4988 10499
10499 4256 4988
2083 9407 11351
11351 2083 9407
9407 2083 11351
1235 7822 12999
7822 1235 12999
12999 1235 7822
11125 1011 10493
10493 1011 11125
1011 10493 11125
9634 704 13812
704 9634 13812
13812 704 9634
12658 1283 4283
1283 4283 12658
4283 1283 12658
11554 8022 11047
8022 11047 11554
11047 8022 11554
4415 7363 12783
7363 4415 12783
12783 4415 7363
4519 7901 7974
7974 4519 7901
7901 4519 7974
4658 1573 6077
6077 1573 4658
1573 4658 6077
13697 9966 13254
13254 9966 13697
9966 13254 13697
13158 2879 3612
2879 3612 13158
3612 2879 13158
3246 5104 6242
6242 3246 5104
5104 3246 6242
4072 10344 10812
10812 4072 10344
10344 4072 10812
7235 721 4748
721 4748 7235
4748 721 7235
1818 919 8694
919 1818 8694
8694 919 1818
11709 1310 7496
1310 7496 11709
7496 1310 11709
11419 1017 4919
4919 1017 11419
1017 4919 11419
12569 3945 11337
3945 11337 12569
11337 3945 12569
921 1815 3801
1815 921 3801
3801 921 1815
4308 4764 13980
13980 4308 4764
4764 4308 13980
13907 1430 3305
1430 3305 13907
3305 1430 13907
9548 1304 14762
14762 1304 9548
1304 9548 14762
8996 9365 13522
13522 8996 9365
9365 8996 13522
9719 6011 14517
14517 6011 9719
6011 9719 14517
1925 9816 14140
14140 1925 9816
9816 1925 14140
6603 8461 11838
11838 6603 8461
8461 6603 11838
1254 4544 13584
4544 1254 13584
13584 1254 4544
8198 1204 6687
1204 6687 8198
6687 1204 8198
4258 2609 4718
4718 2609 4258
2609 4258 4718
7697 3717 13060
13060 3717 7697
3717 7697 13060
8630 4896 6612
4896 6612 8630
6612 4896 8630
11328 4971 14552
14552 4971 11328
4971 11328 14552
2727 1314 8935
1314 2727 8935
8935 1314 2727
4545 4564 5179
5179 4545 4564
4564 4545 5179
4916 1307 10466
10466 1307 4916
1307 4916 10466
12854 873 6541
6541 873 12854
873 6541 12854
12974 9799 10261
9799 10261 12974
10261 9799 12974
3549 3646 11477
3646 3549 11477
11477 3549 3646
3145 3599 7967
7967 3145 3599
3599 3145 7967
9379 13075 13786
13075 9379 13786
13786 9379 13075
8870 12357 14784
12357 8870 14784
14784 8870 12357
8293 2526 13705
2526 8293 13705
13705 2526 8293
1013 7771 7818
7771 1013 7818
7818 1013 7771
11442 2714 5392
5392 2714 11442
2714 5392 11442
58 141 1108
141 58 1108
1108 58 141
12479 8971 14691
14691 8971 12479
8971 12479 14691
2274 6956 11371
11371 2274 6956
6956 2274 11371
790 9764 11157
11157 790 9764
9764 790 11157
9344 2049 14811
14811 2049 9344
2049 9344 14811
5134 206 1846
1846 206 5134
206 1846 5134
11510 3293 11954
3293 11510 11954
11954 3293 11510
5825 7156 8959
8959 5825 7156
7156 5825 8959
13291 8097 13250
8097 13250 13291
13250 8097 13291
6289 349 12984
12984 349 6289
349 6289 12984
5451 5222 13491
13491 5222 5451
5222 5451 13491
9060 792 11525
11525 792 9060
792 9060 11525
14865 8071 11872
11872 8071 14865
8071 11872 14865
6399 214 14099
214 6399 14099
14099 214 6399
6568 1158 11152
11152 1158 6568
1158 6568 11152
11970 5853 14436
5853 11970 14436
14436 5853 11970
654 4104 6421
6421 654 4104
4104 654 6421
11845 3289 9320
9320 3289 11845
3289 9320 11845
12787 7696 10923
7696 10923 12787
10923 7696 12787
10757 3435 13275
3435 10757 13275
13275 3435 10757
9016 3571 9952
3571 9016 9952
9952 3571 9016
14435 11064 12263
12263 11064 14435
11064 12263 14435
11883 205 9754
205 9754 11883
9754 205 11883
7722 4007 6102
4007 6102 7722
6102 4007 7722
5562 4872 5237
5237 4872 5562
4872 5237 5562
7578 169 14008
169 7578 14008
14008 169 7578
1623 7056 13146
7056 1623 13146
13146 1623 7056
22 9145 11262
11262 22 9145
9145 22 11262
515 8124 9702
9702 515 8124
8124 515 9702
5245 1075 9661
1075 5245 9661
9661 1075 5245
5928 2881 14076
2881 5928 14076
14076 2881 5928
6672 8760 11243
8760 6672 11243
11243 6672 8760
5281 2167 6339
2167 5281 6339
6339 2167 5281
12172 10696 14319
10696 12172 14319
14319 10696 12172
7933 872 6349
6349 872 7933
872 6349 7933
8671 2979 14663
14663 2979 8671
2979 8671 14663
3019 8110 10461
8110 3019 10461
10461 3019 8110
11105 4147 10065
4147 10065 11105
10065 4147 11105
3202 853 10323
853 3202 10323
10323 853 3202
9914 1024 7342
1024 7342 9914
7342 1024 9914
14696 9291 14193
14193 9291 14696
9291 14193 14696
13772 10505 13231
10505 13231 13772
13231 10505 13772
2248 3352 8811
3352 2248 8811
8811 2248 3352
3955 150 10546
150 3955 10546
10546 150 3955
11171 2570 12963
12963 2570 11171
2570 11171 12963
12781 8206 9893
8206 9893 12781
9893 8206 12781
5199 8836 13682
8836 5199 13682
13682 5199 8836
11409 7619 9206
7619 9206 11409
9206 7619 11409
8498 9265 14860
14860 8498 9265
9265 8498 14860
11544 13196 13974
13196 11544 13974
13974 11544 13196
13233 8763 10901
8763 10901 13233
10901 8763 13233
81 3488 7220
3488 81 7220
7220 81 3488
2737 10960 12933
10960 2737 12933
12933 2737 10960
14229 674 923
923 674 14229
674 923 14229
11078 6563 11194
6563 11078 11194
11194 6563 11078
8889 9296 12861
12861 8889 9296
9296 8889 12861
13218 2650 14627
14627 2650 13218
2650 13218 14627
10891 5172 13554
13554 5172 10891
5172 10891 13554
11565 2790 14246
14246 2790 11565
2790 11565 14246
11799 4408 9023
9023 4408 11799
4408 9023 11799
497 7832 8802
7832 497 8802
8802 497 7832
11365 5926 7815
5926 7815 11365
7815 5926 11365
14267 7285 11386
7285 11386 14267
11386 7285 14267
4920 953 9449
953 4920 9449
9449 953 4920
2240 5211 12545
5211 2240 12545
12545 2240 5211
3932 2500 6997
6997 2500 3932
2500 3932 6997
6709 8282 9613
8282 6709 9613
9613 6709 8282
11392 378 14058
378 11392 14058
14058 378 11392
3808 1824 13301
13301 1824 3808
1824 3808 13301
6360 1340 12705
12705 1340 6360
1340 6360 12705
11595 1995 9658
1995 9658 11595
9658 1995 11595
6820 12913 14218
12913 6820 14218
14218 6820 12913
7762 11629 11649
11649 7762 11629
11629 7762 11649
14565 13264 14085
14085 13264 14565
13264 14085 14565
10577 1309 14244
14244 1309 10577
1309 10577 14244
5291 10188 12940
12940 5291 10188
10188 5291 12940
1687 4364 5381
5381 1687 4364
4364 1687 5381
8819 7049 7241
7049 7241 8819
7241 7049 8819
14854 4392 14906
4392 14854 14906
14906 4392 14854
10971 8370 9960
9960 8370 10971
8370 9960 10971
8041 1063 14410
1063 8041 14410
14410 1063 8041
6050 10485 12235
12235 6050 10485
10485 6050 12235
1126 4976 10214
4976 1126 10214
10214 1126 4976
4081 85 12423
12423 85 4081
85 4081 12423
5829 3209 13688
3209 5829 13688
13688 3209 5829
8514 9604 14510
9604 8514 14510
14510 8514 9604
2831 10137 10881
10137 2831 10881
10881 2831 10137
834 2499 5137
5137 834 2499
2499 834 5137
13327 7000 8618
7000 8618 13327
8618 7000 13327
12751 479 2842
479 2842 12751
2842 479 12751
8613 3341 9595
9595 3341 8613
3341 8613 9595
4135 3116 13576
3116 4135 13576
13576 3116 4135
5863 4174 9047
4174 5863 9047
9047 4174 5863
3956 3856 7004
3856 3956 7004
7004 3856 3956
3240 10895 11181
10895 3240 11181
11181 3240 10895
3217 6489 9953
9953 3217 6489
6489 3217 9953
4455 793 1684
793 1684 4455
1684 793 4455
10845 1854 4739
4739 1854 10845
1854 4739 10845
8512 10736 11065
11065 8512 10736
10736 8512 11065
6629 12094 14995
12094 6629 14995
14995 6629 12094
4113 448 4030
448 4030 4113
4030 448 4113
3629 5000 13394
5000 3629 13394
13394 3629 5000
11768 8226 9885
9885 8226 11768
8226 9885 11768
5059 2706 3499
2706 3499 5059
3499 2706 5059
3998 431 11279
431 3998 11279
11279 431 3998
9660 4600 12471
12471 4600 9660
4600 9660 12471
2708 319 727
319 727 2708
727 319 2708
7969 2334 6271
2334 6271 7969
6271 2334 7969
3306 2010 6726
6726 2010 3306
2010 3306 6726
8657 717 14911
717 8657 14911
14911 717 8657
2783 5531 8219
5531 2783 8219
8219 2783 5531
13119 2339 8968
8968 2339 13119
2339 8968 13119
3590 2165 13483
13483 2165 3590
2165 3590 13483
9976 5979 8724
5979 8724 9976
8724 5979 9976
6889 13012 13986
13012 6889 13986
13986 6889 13012
7336 3999 13059
3999 7336 13059
13059 3999 7336
10527 3619 6705
6705 3619 10527
3619 6705 10527
13852 2054 12617
12617 2054 13852
2054 12617 13852
10972 4211 9826
4211 9826 10972
9826 4211 10972
2634 10364 14026
10364 2634 14026
14026 2634 10364
5504 3851 4950
4950 3851 5504
3851 4950 5504
9433 4966 6908
4966 6908 9433
6908 4966 9433
13034 2976 12547
12547 2976 13034
2976 12547 13034
9934 3616 6823
6823 3616 9934
3616 6823 9934
13771 2281 12767
12767 2281 13771
2281 12767 13771
2300 5079 5840
5079 2300 5840
5840 2300 5079
7340 2469 3496
2469 3496 7340
3496 2469 7340
10708 2540 6462
6462 2540 10708
2540 6462 10708
10665 3206 7720
7720 3206 10665
3206 7720 10665
10964 7821 12968
12968 7821 10964
7821 10964 12968
980 433 3474
433 980 3474
3474 433 980
1379 9891 14000
14000 1379 9891
9891 1379 14000
9304 5545 10683
10683 5545 9304
5545 9304 10683
10254 8080 14130
8080 10254 14130
14130 8080 10254
9957 1168 11123
1168 9957 11123
11123 1168 9957
13364 763 11460
763 11460 13364
11460 763 13364
5212 4958 8901
4958 5212 8901
8901 4958 5212
2381 2997 4729
2997 2381 4729
4729 2381 2997
7949 1161 13508
13508 1161 7949
1161 7949 13508
12488 7034 11817
7034 11817 12488
11817 7034 12488
176 3182 6297
3182 176 6297
6297 176 3182
703 4725 11766
11766 703 4725
4725 703 11766
4876 7309 11427
11427 4876 7309
7309 4876 11427
4273 7869 11592
7869 4273 11592
11592 4273 7869
12955 591 859
591 859 12955
859 591 12955
10764 3036 6059
3036 6059 10764
6059 3036 10764
12276 1895 14368
1895 12276 14368
14368 1895 12276
6974 4260 8286
4260 6974 8286
8286 4260 6974
3087 5272 14403
5272 3087 14403
14403 3087 5272
14880 1562 12587
1562 12587 14880
12587 1562 14880
10623 4021 11218
4021 10623 11218
11218 4021 10623
4922 7286 10834
7286 4922 10834
10834 4922 7286
7123 683 10601
10601 683 7123
683 7123 10601
1125 9186 14083
14083 1125 9186
9186 1125 14083
12030 7586 11483
11483 7586 12030
7586 11483 12030
10331 2661 5135
5135 2661 10331
2661 5135 10331
3822 4152 7622
4152 3822 7622
7622 3822 4152
7290 6088 11428
6088 7290 11428
11428 6088 7290
12411 343 3275
3275 343 12411
343 3275 12411
10321 5584 10516
5584 10321 10516
10516 5584 10321
4816 5251 11690
5251 4816 11690
11690 4816 5251
2683 7927 12122
7927 2683 12122
12122 2683 7927
6089 523 3194
523 3194 6089
3194 523 6089
7207 5629 13337
5629 7207 13337
13337 5629 7207
5196 6910 9448
9448 5196 6910
6910 5196 9448
11921 7106 12079
7106 11921 12079
12079 7106 11921
995 7282 14284
7282 995 14284
14284 995 7282
736 6744 12060
12060 736 6744
6744 736 12060
5826 405 1358
1358 405 5826
405 1358 5826
13999 2437 8709
2437 8709 13999
8709 2437 13999
2331 6913 11098
11098 2331 6913
6913 2331 11098
9348 7338 9608
7338 9348 9608
9608 7338 9348
8177 7549 14977
14977 7549 8177
7549 8177 14977
905 2053 9662
2053 905 9662
9662 905 2053
8773 10312 13856
10312 8773 13856
13856 8773 10312
12254 666 6394
666 6394 12254
6394 666 12254
9782 7353 9147
9147 7353 9782
7353 9147 9782
11074 9257 13205
13205 9257 11074
9257 11074 13205
6447 7733 13150
13150 6447 7733
7733 6447 13150
13409 1327 3553
3553 1327 13409
1327 3553 13409
1566 3053 12121
3053 1566 12121
12121 1566 3053
1009 1507 12037
1507 1009 12037
12037 1009 1507
5690 12077 12208
