903 904 913
904 903 913
913 903 904
1010 582 1096
582 1010 1096
1096 582 1010
77 646 1486
1486 77 646
646 77 1486
539 192 293
293 192 539
192 293 539
1196 1007 1395
1395 1007 1196
1007 1196 1395
158 395 781
395 158 781
781 158 395
1213 213 841
213 841 1213
841 213 1213
1206 56 878
878 56 1206
56 878 1206
1064 956 1460
1460 956 1064
956 1064 1460
1212 1050 1148
1148 1050 1212
1050 1148 1212
1240 805 967
805 967 1240
967 805 1240
1375 712 912
912 712 1375
712 912 1375
644 313 750
313 644 750
750 313 644
1023 118 985
985 118 1023
118 985 1023
1034 85 1320
1320 85 1034
85 1034 1320
766 526 651
651 526 766
526 651 766
677 679 1169
679 677 1169
1169 677 679
986 443 593
593 443 986
443 593 986
693 267 1309
267 693 1309
1309 267 693
1218 329 1477
329 1218 1477
1477 329 1218
380 95 952
952 95 380
95 380 952
812 173 847
173 812 847
847 173 812
738 163 687
163 687 738
687 163 738
1222 542 1305
542 1222 1305
1305 542 1222
1349 762 1069
762 1069 1349
1069 762 1349
566 955 1282
955 566 1282
1282 566 955
561 284 317
317 284 561
284 317 561
1354 235 1421
1421 235 1354
235 1354 1421
32 331 730
730 32 331
331 32 730
1273 1435 1448
1435 1273 1448
1448 1273 1435
714 1152 1173
1173 714 1152
1152 714 1173
1183 107 146
146 107 1183
107 146 1183
776 35 725
35 725 776
725 35 776
1119 219 418
418 219 1119
219 418 1119
481 61 105
105 61 481
61 105 481
667 257 1454
1454 257 667
257 667 1454
463 807 1416
1416 463 807
807 463 1416
204 555 742
555 204 742
742 204 555
1389 48 559
559 48 1389
48 559 1389
523 126 1499
1499 126 523
126 523 1499
545 53 136
53 136 545
136 53 545
253 773 1337
1337 253 773
773 253 1337
1322 901 1154
901 1154 1322
1154 901 1322
34 969 1394
1394 34 969
969 34 1394
18 589 992
589 18 992
992 18 589
1453 829 1227
1227 829 1453
829 1227 1453
114 7 713
713 7 114
7 114 713
560 92 1275
92 560 1275
1275 92 560
1018 3 899
3 899 1018
899 3 1018
144 294 916
916 144 294
294 144 916
1336 557 645
557 645 1336
645 557 1336
260 353 906
353 260 906
906 260 353
569 208 229
208 229 569
229 208 569
245 744 811
811 245 744
744 245 811
761 895 1161
1161 761 895
895 761 1161
445 82 680
82 445 680
680 82 445
684 250 1347
1347 250 684
250 684 1347
1452 366 907
907 366 1452
366 907 1452
850 587 1338
1338 587 850
587 850 1338
885 840 1150
840 885 1150
1150 840 885
683 723 917
723 683 917
917 683 723
1228 591 1376
1376 591 1228
591 1228 1376
1221 50 1054
1054 50 1221
50 1054 1221
934 119 403
403 119 934
119 403 934
1433 175 1316
175 1316 1433
1316 175 1433
1220 549 922
549 922 1220
922 549 1220
377 9 1295
1295 9 377
9 377 1295
43 282 858
858 43 282
282 43 858
1358 301 1401
301 1358 1401
1401 301 1358
1021 47 1292
47 1021 1292
1292 47 1021
852 982 1263
982 852 1263
1263 852 982
1480 1364 1398
1398 1364 1480
1364 1398 1480
150 648 927
927 150 648
648 150 927
874 1114 1300
1114 874 1300
1300 874 1114
390 307 824
307 390 824
824 307 390
1011 36 318
36 318 1011
318 36 1011
236 487 528
528 236 487
487 236 528
151 132 427
132 151 427
427 132 151
1466 450 500
500 450 1466
450 500 1466
1235 255 870
870 255 1235
255 870 1235
920 470 1441
1441 470 920
470 920 1441
605 1290 1410
1410 605 1290
1290 605 1410
1219 299 1077
1077 299 1219
299 1077 1219
618 125 279
279 125 618
125 279 618
694 256 696
256 694 696
696 256 694
1155 703 919
703 919 1155
919 703 1155
1022 1372 1403
1372 1022 1403
1403 1022 1372
1274 311 457
311 457 1274
457 311 1274
1066 590 749
749 590 1066
590 749 1066
378 10 719
10 378 719
719 10 378
688 154 548
548 154 688
154 548 688
1223 826 872
826 872 1223
872 826 1223
460 86 1045
86 460 1045
1045 86 460
275 320 1174
1174 275 320
320 275 1174
570 134 178
178 134 570
134 178 570
550 577 1492
1492 550 577
577 550 1492
796 397 400
397 400 796
400 397 796
1355 19 68
68 19 1355
19 68 1355
37 1000 1341
1000 37 1341
1341 37 1000
1192 567 1032
567 1032 1192
1032 567 1192
1468 1019 1025
1019 1025 1468
1025 1019 1468
1306 358 368
368 358 1306
358 368 1306
323 197 1344
197 323 1344
1344 197 323
953 215 897
215 897 953
897 215 953
259 743 1259
743 259 1259
1259 259 743
384 507 1450
1450 384 507
507 384 1450
1070 372 1254
1254 372 1070
372 1070 1254
362 1158 1428
1158 362 1428
1428 362 1158
201 865 889
889 201 865
865 201 889
1304 45 1124
1124 45 1304
45 1124 1304
772 127 1494
1494 127 772
127 772 1494
1365 131 494
494 131 1365
131 494 1365
936 371 1351
371 936 1351
1351 371 936
839 4 15
4 15 839
15 4 839
757 343 432
432 343 757
343 432 757
1166 499 1272
1272 499 1166
499 1166 1272
41 1298 1434
1434 41 1298
1298 41 1434
1156 195 1323
1323 195 1156
195 1156 1323
572 316 821
821 316 572
316 572 821
332 369 751
369 332 751
751 332 369
1261 1041 1115
1115 1041 1261
1041 1115 1261
1270 393 1386
1386 393 1270
393 1270 1386
1245 217 382
217 382 1245
382 217 1245
42 99 145
99 42 145
145 42 99
190 1463 1496
1463 190 1496
1496 190 1463
1479 820 1008
1008 820 1479
820 1008 1479
1137 1038 1078
1078 1038 1137
1038 1078 1137
706 454 1031
454 706 1031
1031 454 706
1308 736 1359
736 1308 1359
1359 736 1308
788 456 558
558 456 788
456 558 788
588 669 1249
1249 588 669
669 588 1249
147 655 1318
1318 147 655
655 147 1318
252 96 741
741 96 252
96 252 741
875 30 672
30 672 875
672 30 875
1135 326 1333
1333 326 1135
326 1135 1333
1094 174 613
174 613 1094
613 174 1094
93 971 1248
1248 93 971
971 93 1248
100 451 622
451 100 622
622 100 451
785 810 834
810 785 834
834 785 810
838 1097 1163
1097 838 1163
1163 838 1097
717 89 1472
89 717 1472
1472 89 717
116 466 1118
466 116 1118
1118 116 466
551 340 1252
1252 340 551
340 551 1252
359 665 1067
665 359 1067
1067 359 665
673 480 859
859 480 673
480 673 859
490 894 1457
1457 490 894
894 490 1457
1498 251 924
924 251 1498
251 924 1498
508 1103 1215
1215 508 1103
1103 508 1215
1482 1081 1383
1081 1383 1482
1383 1081 1482
649 473 764
764 473 649
473 649 764
963 243 1063
243 963 1063
1063 243 963
13 149 1297
1297 13 149
149 13 1297
1390 66 583
583 66 1390
66 583 1390
233 1353 1391
1353 233 1391
1391 233 1353
979 995 1058
1058 979 995
995 979 1058
817 483 835
483 817 835
835 483 817
959 394 535
394 535 959
535 394 959
379 210 951
951 210 379
210 379 951
54 135 763
135 54 763
763 54 135
179 248 695
248 179 695
695 179 248
1362 74 1387
74 1362 1387
1387 74 1362
97 102 568
568 97 102
102 97 568
727 424 1442
1442 424 727
424 727 1442
141 863 1080
1080 141 863
863 141 1080
471 1044 1264
1044 471 1264
1264 471 1044
740 216 1447
216 740 1447
1447 216 740
410 334 1399
1399 334 410
334 410 1399
756 399 961
961 399 756
399 756 961
170 446 1079
1079 170 446
446 170 1079
530 442 475
442 475 530
475 442 530
1026 976 1229
1229 976 1026
976 1026 1229
592 1123 1388
1123 592 1388
1388 592 1123
928 527 585
585 527 928
527 585 928
247 886 1024
1024 247 886
886 247 1024
581 81 1126
1126 81 581
81 581 1126
1281 27 207
27 207 1281
207 27 1281
1110 187 452
187 452 1110
452 187 1110
553 504 594
594 504 553
504 553 594
636 691 1495
691 636 1495
1495 636 691
426 348 1342
1342 348 426
348 426 1342
12 412 775
775 12 412
412 12 775
984 1296 1345
1345 984 1296
1296 984 1345
639 266 1301
1301 266 639
266 639 1301
1108 515 518
515 518 1108
518 515 1108
23 510 1095
1095 23 510
510 23 1095
658 830 1311
830 658 1311
1311 658 830
274 929 1332
929 274 1332
1332 274 929
864 1202 1360
1360 864 1202
1202 864 1360
940 29 994
29 940 994
994 29 940
1061 1214 1381
1381 1061 1214
1214 1061 1381
1238 991 1497
991 1238 1497
1497 991 1238
980 524 1440
1440 524 980
524 980 1440
308 861 962
962 308 861
861 308 962
1425 88 1368
1368 88 1425
88 1368 1425
1116 1177 1382
1382 1116 1177
1177 1116 1382
350 396 789
789 350 396
396 350 789
1211 65 1253
65 1211 1253
1253 65 1211
1089 1198 1426
1198 1089 1426
1426 1089 1198
509 161 435
161 435 509
435 161 509
143 556 786
556 143 786
786 143 556
562 832 923
923 562 832
832 562 923
1356 748 1475
1475 748 1356
748 1356 1475
1396 659 792
659 792 1396
792 659 1396
1105 538 960
538 960 1105
960 538 1105
270 347 367
347 270 367
367 270 347
910 80 1488
1488 80 910
80 910 1488
1284 273 1035
1035 273 1284
273 1035 1284
225 734 1065
734 225 1065
1065 225 734
221 39 1246
1246 39 221
39 221 1246
778 153 241
241 153 778
153 241 778
813 449 814
814 449 813
449 813 814
1424 91 177
91 177 1424
177 91 1424
84 129 433
129 84 433
433 84 129
867 120 1002
120 867 1002
1002 120 867
664 503 755
503 664 755
755 503 664
496 1049 1189
1049 496 1189
1189 496 1049
853 87 1181
1181 87 853
87 853 1181
783 148 973
148 783 973
973 148 783
844 537 1086
1086 537 844
537 844 1086
701 873 1352
1352 701 873
873 701 1352
882 630 809
809 630 882
630 809 882
1112 704 1455
704 1112 1455
1455 704 1112
203 383 1128
383 203 1128
1128 203 383
290 718 938
938 290 718
718 290 938
735 281 1117
281 735 1117
1117 281 735
1060 180 482
180 482 1060
482 180 1060
1013 24 536
24 536 1013
536 24 1013
1113 1012 1256
1256 1012 1113
1012 1113 1256
1062 356 642
642 356 1062
356 642 1062
172 880 1217
880 172 1217
1217 172 880
663 888 1384
1384 663 888
888 663 1384
160 804 1042
1042 160 804
804 160 1042
209 277 467
467 209 277
277 209 467
1244 212 1016
212 1016 1244
1016 212 1244
1059 990 1317
990 1059 1317
1317 990 1059
753 787 883
787 753 883
883 753 787
314 851 1053
851 314 1053
1053 314 851
514 214 1471
214 514 1471
1471 214 514
615 83 1138
83 615 1138
1138 83 615
272 497 857
497 272 857
857 272 497
1483 196 945
945 196 1483
196 945 1483
1310 59 988
59 988 1310
988 59 1310
547 966 1288
966 547 1288
1288 547 966
1325 1037 1048
1037 1048 1325
1048 1037 1325
155 726 815
815 155 726
726 155 815
211 415 1121
415 211 1121
1121 211 415
117 770 1159
770 117 1159
1159 117 770
165 268 599
599 165 268
268 165 599
1209 1027 1291
1291 1027 1209
1027 1209 1291
1085 315 1171
315 1085 1171
1171 315 1085
1178 620 1046
1046 620 1178
620 1046 1178
1366 802 1467
802 1366 1467
1467 802 1366
1481 288 795
288 795 1481
795 288 1481
52 287 905
287 52 905
905 52 287
1141 344 759
344 759 1141
759 344 1141
108 176 731
176 108 731
731 108 176
76 363 626
363 76 626
626 76 363
534 601 1436
1436 534 601
601 534 1436
574 269 652
269 574 652
652 269 574
784 71 1369
71 784 1369
1369 71 784
1427 62 653
653 62 1427
62 653 1427
1470 16 1087
1087 16 1470
16 1087 1470
798 661 1195
1195 661 798
661 798 1195
333 586 612
586 333 612
612 333 586
1271 631 1233
631 1233 1271
1233 631 1271
198 974 1420
974 198 1420
1420 198 974
304 543 682
682 304 543
543 304 682
816 239 898
239 816 898
898 239 816
1052 800 1339
1339 800 1052
800 1052 1339
271 1071 1329
1329 271 1071
1071 271 1329
1153 602 728
602 728 1153
728 602 1153
1374 604 1193
1193 604 1374
604 1193 1374
1476 1286 1335
1335 1286 1476
1286 1335 1476
720 200 700
200 700 720
700 200 720
461 101 519
101 461 519
519 101 461
1465 408 780
408 780 1465
780 408 1465
806 78 1443
1443 78 806
78 806 1443
115 1230 1269
1269 115 1230
1230 115 1269
1176 231 930
231 930 1176
930 231 1176
513 285 1125
1125 285 513
285 513 1125
1431 6 414
6 414 1431
414 6 1431
1429 321 854
321 854 1429
854 321 1429
975 877 1279
1279 877 975
877 975 1279
793 199 1082
199 793 1082
1082 199 793
1180 138 406
406 138 1180
138 406 1180
529 747 932
932 529 747
747 529 932
1164 501 1423
501 1164 1423
1423 501 1164
884 157 552
157 552 884
552 157 884
103 351 595
351 103 595
595 103 351
1143 1224 1226
1226 1143 1224
1224 1143 1226
156 1145 1377
1145 156 1377
1377 156 1145
478 106 909
106 478 909
909 106 478
797 983 1104
1104 797 983
983 797 1104
600 502 1242
502 600 1242
1242 502 600
14 181 1109
1109 14 181
181 14 1109
387 941 1188
1188 387 941
941 387 1188
828 843 1430
843 828 1430
1430 828 843
1414 439 1312
439 1312 1414
1312 439 1414
1346 338 1175
1175 338 1346
338 1175 1346
1462 678 862
678 862 1462
862 678 1462
1083 309 1243
1243 309 1083
309 1083 1243
1464 240 407
407 240 1464
240 407 1464
970 46 485
485 46 970
46 485 970
1055 1203 1285
1203 1055 1285
1285 1055 1203
385 891 1402
1402 385 891
891 385 1402
1184 579 1208
579 1184 1208
1208 579 1184
1140 958 1030
1030 958 1140
958 1030 1140
914 1100 1408
1100 914 1408
1408 914 1100
623 554 565
554 565 623
565 554 623
516 822 879
822 516 879
879 516 822
760 58 464
464 58 760
58 464 760
690 978 1407
1407 690 978
978 690 1407
226 303 633
633 226 303
303 226 633
137 1029 1130
1130 137 1029
1029 137 1130
1006 803 1004
803 1004 1006
1004 803 1006
336 246 1283
246 336 1283
1283 246 336
950 20 1485
1485 20 950
20 950 1485
1380 355 364
364 355 1380
355 364 1380
505 996 1255
996 505 1255
1255 505 996
70 392 692
392 70 692
692 70 392
249 603 1439
1439 249 603
603 249 1439
981 617 1111
617 981 1111
1111 617 981
657 404 440
404 440 657
440 404 657
1250 349 1200
349 1200 1250
1200 349 1250
1361 264 1415
264 1361 1415
1415 264 1361
1225 1099 1147
1147 1099 1225
1099 1147 1225
1020 124 1207
124 1020 1207
1207 124 1020
675 476 1151
476 675 1151
1151 476 675
699 1367 1419
1419 699 1367
1367 699 1419
128 845 1127
1127 128 845
845 128 1127
437 1307 1437
1307 437 1437
1437 437 1307
1131 448 999
999 448 1131
448 999 1131
1040 849 1449
1449 849 1040
849 1040 1449
1003 721 1088
721 1003 1088
1088 721 1003
1357 685 949
685 949 1357
949 685 1357
799 1107 1157
1157 799 1107
1107 799 1157
1277 1205 1343
1343 1205 1277
1205 1277 1343
1331 388 436
436 388 1331
388 436 1331
1350 540 634
634 540 1350
540 634 1350
752 391 876
876 391 752
391 752 876
228 166 1493
166 228 1493
1493 166 228
38 325 571
571 38 325
325 38 571
1458 292 964
292 964 1458
964 292 1458
1251 324 1091
324 1091 1251
1091 324 1251
774 492 1142
1142 492 774
492 774 1142
900 111 1179
1179 111 900
111 900 1179
533 1098 1490
1098 533 1490
1490 533 1098
689 1144 1393
1393 689 1144
1144 689 1393
1445 28 479
479 28 1445
28 479 1445
707 662 887
662 707 887
887 662 707
968 402 825
402 825 968
825 402 968
261 169 1257
1257 169 261
169 261 1257
419 361 629
361 419 629
629 361 419
1363 262 1487
1487 262 1363
262 1363 1487
1314 791 1411
791 1314 1411
1411 791 1314
94 328 711
711 94 328
328 94 711
455 469 1239
1239 455 469
469 455 1239
1491 947 1418
947 1418 1491
1418 947 1491
638 375 444
444 375 638
375 444 638
462 167 1234
167 462 1234
1234 167 462
710 769 931
931 710 769
769 710 931
142 564 946
946 142 564
564 142 946
647 431 1231
1231 431 647
431 647 1231
296 220 597
597 220 296
220 296 597
21 575 625
625 21 575
575 21 625
237 1197 1319
1197 237 1319
1319 237 1197
1489 130 291
291 130 1489
130 291 1489
1028 438 702
438 702 1028
702 438 1028
110 896 1092
1092 110 896
896 110 1092
223 848 1185
848 223 1185
1185 223 848
411 295 563
563 295 411
295 411 563
1459 72 447
447 72 1459
72 447 1459
121 230 1073
1073 121 230
230 121 1073
459 164 686
686 164 459
164 459 686
465 767 1451
767 465 1451
1451 465 767
381 25 1187
1187 25 381
25 381 1187
1280 365 405
365 405 1280
405 365 1280
641 668 1149
1149 641 668
668 641 1149
423 64 846
64 423 846
846 64 423
925 360 670
360 670 925
670 360 925
758 183 278
278 183 758
183 278 758
892 614 965
614 892 965
965 614 892
474 69 495
495 69 474
69 474 495
1014 428 921
921 428 1014
428 921 1014
1122 182 218
218 182 1122
182 218 1122
306 573 635
635 306 573
573 306 635
1327 441 477
441 477 1327
477 441 1327
724 1101 1268
1101 724 1268
1268 724 1101
1469 345 1328
345 1328 1469
1328 345 1469
244 232 238
232 238 244
238 232 244
22 5 943
5 22 943
943 5 22
754 339 998
339 754 998
998 339 754
768 352 1039
1039 352 768
352 768 1039
1417 104 541
104 541 1417
541 104 1417
627 493 610
610 493 627
493 610 627
224 525 1392
525 224 1392
1392 224 525
997 191 954
954 191 997
191 954 997
484 842 893
893 484 842
842 484 893
122 716 1456
716 122 1456
1456 122 716
1397 836 1324
836 1324 1397
1324 836 1397
159 819 1009
819 159 1009
1009 159 819
263 944 1422
944 263 1422
1422 263 944
1478 26 322
322 26 1478
26 322 1478
1001 429 1302
1302 429 1001
429 1001 1302
302 376 488
376 302 488
488 302 376
933 489 926
489 926 933
926 489 933
1260 421 890
421 890 1260
890 421 1260
972 168 370
168 370 972
370 168 972
1330 1294 1500
1294 1330 1500
1500 1294 1330
346 833 1262
833 346 1262
1262 346 833
637 546 681
546 637 681
681 546 637
139 79 1378
1378 79 139
79 139 1378
918 1267 1405
1405 918 1267
1267 918 1405
1232 506 1120
1120 506 1232
506 1120 1232
808 31 1057
31 808 1057
1057 31 808
619 413 1241
413 619 1241
1241 413 619
902 310 628
310 628 902
628 310 902
578 733 1385
733 578 1385
1385 578 733
1201 222 777
222 777 1201
777 222 1201
1216 989 1134
1134 989 1216
989 1134 1216
993 205 790
790 205 993
205 790 993
1 280 453
453 1 280
280 1 453
40 185 312
312 40 185
185 40 312
823 1139 1278
1278 823 1139
1139 823 1278
739 520 607
607 520 739
520 607 739
621 319 1191
319 621 1191
1191 319 621
522 337 1313
1313 337 522
337 522 1313
1438 576 640
640 576 1438
576 640 1438
1136 67 1047
1047 67 1136
67 1047 1136
1051 297 521
521 297 1051
297 521 1051
417 133 782
133 417 782
782 133 417
123 420 908
420 123 908
908 123 420
737 254 1133
1133 254 737
254 737 1133
715 416 580
416 580 715
580 416 715
1017 90 977
90 977 1017
977 90 1017
1446 532 866
866 532 1446
532 866 1446
837 57 258
258 57 837
57 258 837
779 458 871
871 458 779
458 779 871
430 11 49
49 11 430
11 49 430
140 265 335
335 140 265
265 140 335
1340 765 1412
1412 765 1340
765 1340 1412
73 60 1409
1409 60 73
60 73 1409
1265 1199 1432
1432 1199 1265
1199 1265 1432
517 276 491
276 491 517
491 276 517
305 654 705
705 305 654
654 305 705
286 55 1090
1090 55 286
55 286 1090
827 643 1084
1084 643 827
643 827 1084
596 584 1237
1237 584 596
584 596 1237
771 1210 1370
1210 771 1370
1370 771 1210
298 109 374
109 298 374
374 109 298
1258 357 1129
1129 357 1258
357 1129 1258
1146 184 708
184 708 1146
708 184 1146
1287 283 434
283 434 1287
434 283 1287
1373 512 1289
1289 512 1373
512 1289 1373
1194 193 729
729 193 1194
193 729 1194
1247 425 856
856 425 1247
425 856 1247
831 194 624
624 194 831
194 624 831
1132 341 1015
341 1015 1132
1015 341 1132
1165 373 935
935 373 1165
373 935 1165
234 152 422
152 234 422
422 152 234
606 818 1172
1172 606 818
818 606 1172
300 1186 1404
1404 300 1186
1186 300 1404
1068 1266 1371
1266 1068 1371
1371 1068 1266
1293 697 1005
1005 697 1293
697 1005 1293
1461 709 948
709 948 1461
948 709 1461
531 486 745
745 486 531
486 531 745
1160 113 342
113 342 1160
342 113 1160
942 698 1072
698 942 1072
1072 698 942
1473 544 1076
544 1076 1473
1076 544 1473
289 242 1379
242 289 1379
1379 242 289
608 656 1326
1326 608 656
656 608 1326
472 401 1484
401 472 1484
1484 401 472
1033 611 676
676 611 1033
611 676 1033
660 616 1303
1303 616 660
616 660 1303
609 957 1093
1093 609 957
957 609 1093
1162 8 987
987 8 1162
8 987 1162
722 732 746
732 722 746
746 722 732
17 112 1204
1204 17 112
112 17 1204
868 330 389
330 389 868
389 330 868
666 939 1321
1321 666 939
939 666 1321
1075 63 1276
1276 63 1075
63 1075 1276
632 794 1334
1334 632 794
794 632 1334
33 186 498
498 33 186
186 33 498
51 511 598
598 51 511
511 51 598
227 1043 1348
1348 227 1043
1043 227 1348
468 44 1406
44 468 1406
1406 44 468
98 1167 1413
1167 98 1413
1413 98 1167
1315 801 1106
1106 801 1315
801 1106 1315
75 915 1444
915 75 1444
1444 75 915
1102 206 1168
206 1102 1168
1168 206 1102
1036 1190 1236
1190 1036 1236
1236 1036 1190
671 855 911
855 671 911
911 671 855
202 937 1170
937 202 1170
1170 202 937
1400 354 881
881 354 1400
354 881 1400
1474 2 860
2 860 1474
860 2 1474
189 386 1056
1056 189 386
386 189 1056
171 162 869
869 162 171
162 171 869
1299 327 650
650 327 1299
327 650 1299
398 409 1074
1074 398 409
409 398 1074
674 188 1182
188 674 1182
1182 188 674
