10497 1963 11097
1963 10497 11097
11097 1963 10497
5998 1998 2942
1998 2942 5998
2942 1998 5998
13352 4843 10255
10255 4843 13352
4843 10255 13352
2580 2700 3732
2700 2580 3732
3732 2580 2700
10748 4807 11515
11515 4807 10748
4807 10748 11515
935 5666 13246
13246 935 5666
5666 935 13246
12449 9373 13785
13785 9373 12449
9373 12449 13785
2988 69 12452
69 2988 12452
12452 69 2988
2226 6230 6418
6418 2226 6230
6230 2226 6418
9145 2910 5032
5032 2910 9145
2910 5032 9145
2718 423 4734
4734 423 2718
423 2718 4734
7783 6347 10731
6347 7783 10731
10731 6347 7783
2118 11112 13684
11112 2118 13684
13684 2118 11112
14039 10545 11635
10545 11635 14039
11635 10545 14039
3640 7396 7698
7396 3640 7698
7698 3640 7396
12129 2221 3551
2221 3551 12129
3551 2221 12129
3720 153 10846
153 3720 10846
10846 153 3720
9649 11075 14770
11075 9649 14770
14770 9649 11075
8092 366 6834
366 6834 8092
6834 366 8092
1453 305 8005
305 1453 8005
8005 305 1453
7913 825 944
825 944 7913
944 825 7913
7751 5838 10661
5838 7751 10661
10661 5838 7751
13290 10829 11733
11733 10829 13290
10829 11733 13290
7153 2933 7194
7194 2933 7153
2933 7153 7194
3329 105 10456
105 3329 10456
10456 105 3329
1845 11261 11550
11550 1845 11261
11261 1845 11550
7007 3375 11535
3375 7007 11535
11535 3375 7007
6150 3926 12108
12108 3926 6150
3926 6150 12108
7881 195 6979
6979 195 7881
195 6979 7881
3579 9550 14541
14541 3579 9550
9550 3579 14541
6098 3704 10376
3704 6098 10376
10376 3704 6098
5986 1344 5648
5648 1344 5986
1344 5648 5986
5613 620 3019
620 3019 5613
3019 620 5613
2094 2560 14974
2560 2094 14974
14974 2094 2560
14966 1678 8390
8390 1678 14966
1678 8390 14966
4420 8462 13179
13179 4420 8462
8462 4420 13179
6381 1087 5475
1087 5475 6381
5475 1087 6381
10613 7209 9163
9163 7209 10613
7209 9163 10613
6733 2836 6706
2836 6706 6733
6706 2836 6733
14975 2592 11448
11448 2592 14975
2592 11448 14975
7004 3651 11684
3651 7004 11684
11684 3651 7004
3773 436 9266
436 3773 9266
9266 436 3773
14877 937 10063
937 10063 14877
10063 937 14877
14774 1079 3172
1079 3172 14774
3172 1079 14774
5500 3493 3775
3775 3493 5500
3493 3775 5500
7252 2262 14563
14563 2262 7252
2262 7252 14563
1737 1066 7999
7999 1066 1737
1066 1737 7999
9287 456 13311
456 9287 13311
13311 456 9287
14253 1154 7906
1154 7906 14253
7906 1154 14253
14558 529 13434
13434 529 14558
529 13434 14558
8448 4217 7088
7088 4217 8448
4217 7088 8448
12199 3516 11732
11732 3516 12199
3516 11732 12199
7792 3860 4994
4994 3860 7792
3860 4994 7792
560 5917 10743
5917 560 10743
10743 560 5917
2811 4636 9779
9779 2811 4636
4636 2811 9779
10225 1195 7373
1195 7373 10225
7373 1195 10225
268 9538 14489
9538 268 14489
14489 268 9538
9605 3065 11623
11623 3065 9605
3065 9605 11623
369 4288 12344
12344 369 4288
4288 369 12344
5862 198 10554
198 5862 10554
10554 198 5862
14994 2353 14447
2353 14447 14994
14447 2353 14994
13432 7517 14659
7517 13432 14659
14659 7517 13432
2698 192 9805
192 2698 9805
9805 192 2698
10166 8205 14590
8205 10166 14590
14590 8205 10166
526 6802 11756
11756 526 6802
6802 526 11756
7481 549 11107
549 7481 11107
11107 549 7481
5905 1954 5656
1954 5656 5905
5656 1954 5905
1874 6463 9354
9354 1874 6463
6463 1874 9354
11443 11697 12042
12042 11443 11697
11697 11443 12042
9614 1772 9839
9839 1772 9614
1772 9614 9839
5094 1852 5417
5417 1852 5094
1852 5094 5417
1023 6524 11199
6524 1023 11199
11199 1023 6524
2355 4976 14535
4976 2355 14535
14535 2355 4976
10692 3484 8000
3484 8000 10692
8000 3484 10692
14081 1051 8676
1051 8676 14081
8676 1051 14081
14731 810 11416
11416 810 14731
810 11416 14731
9465 11786 13377
13377 9465 11786
11786 9465 13377
11273 3610 14345
3610 11273 14345
14345 3610 11273
12002 5693 9155
9155 5693 12002
5693 9155 12002
13359 9243 9556
9556 9243 13359
9243 9556 13359
14143 8577 8984
8577 8984 14143
8984 8577 14143
4925 5446 9834
9834 4925 5446
5446 4925 9834
10003 10437 13769
13769 10003 10437
10437 10003 13769
4046 253 10371
253 4046 10371
10371 253 4046
401 4563 14193
4563 401 14193
14193 401 4563
6602 3154 13662
13662 3154 6602
3154 6602 13662
14989 6142 7741
7741 6142 14989
6142 7741 14989
12878 260 6226
6226 260 12878
260 6226 12878
8871 3403 8549
8549 3403 8871
3403 8549 8871
14650 10992 12752
12752 10992 14650
10992 12752 14650
10021 5855 6078
5855 6078 10021
6078 5855 10021
9887 7740 11219
11219 7740 9887
7740 9887 11219
8512 842 13843
13843 842 8512
842 8512 13843
10440 10904 14009
10904 10440 14009
14009 10440 10904
5312 5899 7960
7960 5312 5899
5899 5312 7960
7643 131 8514
8514 131 7643
131 7643 8514
3337 5210 12051
12051 3337 5210
5210 3337 12051
1050 3724 7533
7533 1050 3724
3724 1050 7533
5022 6977 11719
6977 5022 11719
11719 5022 6977
152 11379 13496
11379 152 13496
13496 152 11379
11546 6579 7882
6579 7882 11546
7882 6579 11546
1184 6828 8088
6828 1184 8088
8088 1184 6828
9785 4267 13849
4267 9785 13849
13849 4267 9785
4987 5890 10655
5890 4987 10655
10655 4987 5890
8056 8659 10329
8659 8056 10329
10329 8056 8659
10123 3921 12724
12724 3921 10123
3921 10123 12724
4509 4781 11805
4781 4509 11805
11805 4509 4781
2415 8633 8931
8931 2415 8633
8633 2415 8931
14750 5644 10472
5644 10472 14750
10472 5644 14750
1022 1850 7974
7974 1022 1850
1850 1022 7974
2902 2505 10351
2505 2902 10351
10351 2505 2902
14072 5000 7202
7202 5000 14072
5000 7202 14072
11387 4009 12656
12656 4009 11387
4009 11387 12656
8082 1399 6194
1399 6194 8082
6194 1399 8082
8906 8133 14071
8133 8906 14071
14071 8133 8906
11253 4809 5966
4809 5966 11253
5966 4809 11253
7026 9274 9884
9884 7026 9274
9274 7026 9884
8899 8417 10685
8417 8899 10685
10685 8417 8899
3112 3568 12743
12743 3112 3568
3568 3112 12743
8297 5807 13723
13723 5807 8297
5807 8297 13723
9640 3476 3839
3476 3839 9640
3839 3476 9640
14424 4080 13447
4080 13447 14424
13447 4080 14424
8063 7166 8402
8402 7166 8063
7166 8063 8402
9554 1488 7506
7506 1488 9554
1488 7506 9554
4569 7639 13468
13468 4569 7639
7639 4569 13468
6624 5777 14630
5777 6624 14630
14630 5777 6624
13427 11795 12426
12426 11795 13427
11795 12426 13427
6585 6928 14667
14667 6585 6928
6928 6585 14667
5061 266 8350
266 5061 8350
8350 266 5061
11085 5329 11060
5329 11060 11085
11060 5329 11085
13958 3371 11722
3371 11722 13958
11722 3371 13958
12018 3628 5490
3628 5490 12018
5490 3628 12018
1923 4576 11449
11449 1923 4576
4576 1923 11449
3251 3179 14272
3179 3251 14272
14272 3179 3251
6863 3413 5631
3413 5631 6863
5631 3413 6863
9342 794 9936
9936 794 9342
794 9342 9936
11867 6541 8885
8885 6541 11867
6541 8885 11867
7062 4471 14179
4471 7062 14179
14179 4471 7062
9665 3199 14997
14997 3199 9665
3199 9665 14997
11365 1978 3472
1978 3472 11365
3472 1978 11365
8313 9100 10174
9100 8313 10174
10174 8313 9100
5046 3266 6225
3266 5046 6225
6225 3266 5046
4524 7612 10595
7612 4524 10595
10595 4524 7612
462 2814 9339
2814 462 9339
9339 462 2814
12180 5035 7249
7249 5035 12180
5035 7249 12180
4673 3782 12453
3782 4673 12453
12453 3782 4673
9293 3000 3875
3000 3875 9293
3875 3000 9293
1730 3557 8827
3557 1730 8827
8827 1730 3557
7233 6838 8438
8438 6838 7233
6838 7233 8438
6195 4164 13918
13918 4164 6195
4164 6195 13918
1679 1266 3734
1266 1679 3734
3734 1266 1679
258 7494 9267
7494 258 9267
9267 258 7494
13332 489 6971
6971 489 13332
489 6971 13332
378 3206 13299
13299 378 3206
3206 378 13299
11974 144 11651
11651 144 11974
144 11651 11974
495 742 3862
3862 495 742
742 495 3862
8398 6157 6386
6157 6386 8398
6386 6157 8398
9543 5282 8690
5282 8690 9543
8690 5282 9543
7755 4263 11936
4263 7755 11936
11936 4263 7755
5114 3793 6904
3793 5114 6904
6904 3793 5114
9430 6066 8241
8241 6066 9430
6066 8241 9430
4778 9205 10734
10734 4778 9205
9205 4778 10734
1917 6633 10305
10305 1917 6633
6633 1917 10305
7874 3905 4457
3905 4457 7874
4457 3905 7874
6860 7406 13397
13397 6860 7406
7406 6860 13397
1708 6533 7581
7581 1708 6533
6533 1708 7581
12217 11459 13874
13874 11459 12217
11459 12217 13874
8223 6231 12605
12605 6231 8223
6231 8223 12605
14142 7263 9720
7263 9720 14142
9720 7263 14142
6946 3312 12733
3312 6946 12733
12733 3312 6946
2795 6967 14664
6967 2795 14664
14664 2795 6967
6275 3318 11058
11058 3318 6275
3318 6275 11058
5295 473 5381
5381 473 5295
473 5295 5381
7005 1257 2647
2647 1257 7005
1257 2647 7005
7072 1098 11678
11678 1098 7072
1098 7072 11678
12396 1891 11680
11680 1891 12396
1891 11680 12396
10875 2215 9334
9334 2215 10875
2215 9334 10875
13224 1427 6981
1427 6981 13224
6981 1427 13224
2550 5800 11589
11589 2550 5800
5800 2550 11589
10603 10549 14811
10549 10603 14811
14811 10549 10603
592 6892 7207
7207 592 6892
6892 592 7207
5831 9333 12847
9333 5831 12847
12847 5831 9333
11143 1402 2340
1402 2340 11143
2340 1402 11143
10598 4096 10781
10781 4096 10598
4096 10598 10781
6532 4246 8516
8516 4246 6532
4246 6532 8516
4615 12150 12769
12150 4615 12769
12769 4615 12150
12839 8770 12401
12401 8770 12839
8770 12401 12839
6961 4871 5692
5692 4871 6961
4871 5692 6961
7784 1228 5868
1228 5868 7784
5868 1228 7784
6400 2349 2984
2984 2349 6400
2349 2984 6400
1616 701 12269
12269 701 1616
701 1616 12269
8411 1446 6454
6454 1446 8411
1446 6454 8411
2496 1779 5386
5386 1779 2496
1779 2496 5386
9120 5365 9448
5365 9120 9448
9448 5365 9120
4659 2509 5935
5935 2509 4659
2509 4659 5935
10157 4869 7877
4869 7877 10157
7877 4869 10157
5521 5884 8874
8874 5521 5884
5884 5521 8874
4978 5772 14801
5772 4978 14801
14801 4978 5772
9822 2046 11764
2046 9822 11764
11764 2046 9822
5634 7089 11565
11565 5634 7089
7089 5634 11565
9511 10083 10485
10083 9511 10485
10485 9511 10083
3021 537 1816
1816 537 3021
537 1816 3021
9483 163 9262
9262 163 9483
163 9262 9483
8846 2715 4087
4087 2715 8846
2715 4087 8846
1376 7231 13910
7231 1376 13910
13910 1376 7231
4537 8073 13763
8073 4537 13763
13763 4537 8073
14363 5894 9304
5894 9304 14363
9304 5894 14363
12725 346 4890
346 4890 12725
4890 346 12725
6323 230 12093
230 6323 12093
12093 230 6323
12999 3604 9477
3604 9477 12999
9477 3604 12999
8855 1627 10701
10701 1627 8855
1627 8855 10701
5370 8154 10484
10484 5370 8154
8154 5370 10484
1118 6490 8705
6490 1118 8705
8705 1118 6490
805 4290 8578
8578 805 4290
4290 805 8578
2380 7342 14954
14954 2380 7342
7342 2380 14954
3160 898 11172
11172 898 3160
898 3160 11172
12687 3998 4134
4134 3998 12687
3998 4134 12687
4878 447 2511
2511 447 4878
447 2511 4878
11164 10660 14712
14712 10660 11164
10660 11164 14712
4661 2714 5433
5433 2714 4661
2714 4661 5433
5892 9622 11606
9622 5892 11606
11606 5892 9622
8510 4478 11237
4478 8510 11237
11237 4478 8510
12001 2425 12339
12339 2425 12001
2425 12001 12339
1806 738 8167
738 1806 8167
8167 738 1806
1600 4463 11925
11925 1600 4463
4463 1600 11925
10197 562 5367
5367 562 10197
562 5367 10197
779 3868 12166
3868 779 12166
12166 779 3868
3966 155 11507
155 3966 11507
11507 155 3966
5223 10301 11804
10301 5223 11804
11804 5223 10301
8994 777 13107
777 8994 13107
13107 777 8994
14463 6116 11627
6116 11627 14463
11627 6116 14463
13895 362 10579
362 10579 13895
10579 362 13895
13695 10596 11278
10596 11278 13695
11278 10596 13695
12302 2503 4072
2503 4072 12302
4072 2503 12302
9391 6769 9352
9352 6769 9391
6769 9352 9391
11580 2146 5876
2146 5876 11580
5876 2146 11580
9422 6410 11344
11344 6410 9422
6410 9422 11344
4187 11846 12174
11846 4187 12174
12174 4187 11846
4855 6047 13044
6047 4855 13044
13044 4855 6047
4367 3141 6087
6087 3141 4367
3141 4367 6087
9394 4677 7865
7865 4677 9394
4677 7865 9394
14062 505 13366
13366 505 14062
505 13366 14062
13013 9623 12037
12037 9623 13013
9623 12037 13013
13793 7805 10106
10106 7805 13793
7805 10106 13793
8204 3009 13012
3009 8204 13012
13012 3009 8204
7215 7352 11255
7352 7215 11255
11255 7215 7352
915 2968 7659
7659 915 2968
2968 915 7659
9504 7692 10543
10543 7692 9504
7692 9504 10543
10657 5034 14262
14262 5034 10657
5034 10657 14262
5861 122 3051
122 3051 5861
3051 122 5861
8355 5593 14434
14434 5593 8355
5593 8355 14434
5719 3844 7804
7804 3844 5719
3844 5719 7804
6991 2077 10229
10229 2077 6991
2077 6991 10229
10012 10348 13302
10348 10012 13302
13302 10012 10348
4181 1704 7079
7079 1704 4181
1704 4181 7079
3816 9451 11540
11540 3816 9451
9451 3816 11540
663 8263 9682
9682 663 8263
8263 663 9682
13847 859 2030
2030 859 13847
859 2030 13847
8928 2024 8155
8155 2024 8928
2024 8155 8928
1439 2794 12623
2794 1439 12623
12623 1439 2794
8602 7303 11549
7303 8602 11549
11549 7303 8602
10716 9423 13749
13749 9423 10716
9423 10716 13749
830 9866 11879
11879 830 9866
9866 830 11879
13035 9993 10450
9993 10450 13035
10450 9993 13035
7061 3351 9997
3351 7061 9997
9997 3351 7061
3533 3627 9691
3627 3533 9691
9691 3533 3627
2210 1212 3509
3509 1212 2210
1212 2210 3509
2082 4340 5923
4340 2082 5923
5923 2082 4340
3886 7780 9798
7780 3886 9798
9798 3886 7780
8284 12563 13381
13381 8284 12563
12563 8284 13381
4036 2538 5685
5685 2538 4036
2538 4036 5685
9442 7499 12243
12243 7499 9442
7499 9442 12243
11229 4210 9695
9695 4210 11229
4210 9695 11229
1612 3745 4301
4301 1612 3745
3745 1612 4301
13320 13273 14825
13273 13320 14825
14825 13273 13320
14292 2347 5608
2347 5608 14292
5608 2347 14292
3465 1268 7318
1268 3465 7318
7318 1268 3465
8697 4092 12178
12178 4092 8697
4092 8697 12178
498 7540 9392
7540 498 9392
9392 498 7540
240 3827 4694
3827 240 4694
4694 240 3827
5615 2543 12691
12691 2543 5615
2543 5615 12691
10590 297 13929
297 10590 13929
13929 297 10590
2598 6820 11860
11860 2598 6820
6820 2598 11860
1431 9219 10390
9219 1431 10390
10390 1431 9219
9455 2284 6984
2284 6984 9455
6984 2284 9455
4536 1322 3683
1322 3683 4536
3683 1322 4536
12508 88 3613
88 3613 12508
3613 88 12508
2194 3958 5196
3958 2194 5196
5196 2194 3958
13207 1306 8116
8116 1306 13207
1306 8116 13207
11763 12053 13602
12053 11763 13602
13602 11763 12053
1986 3093 4648
4648 1986 3093
3093 1986 4648
6717 2489 7672
7672 2489 6717
2489 6717 7672
4683 358 7519
358 4683 7519
7519 358 4683
11626 9811 13535
9811 11626 13535
13535 9811 11626
5624 8534 12890
8534 5624 12890
12890 5624 8534
2656 8022 9780
8022 2656 9780
9780 2656 8022
14328 8229 11160
8229 11160 14328
11160 8229 14328
9722 7450 12135
7450 9722 12135
12135 7450 9722
4792 5727 12084
5727 4792 12084
12084 4792 5727
8897 3118 11337
3118 8897 11337
11337 3118 8897
7849 2138 4304
4304 2138 7849
2138 4304 7849
3633 2679 4517
2679 3633 4517
4517 2679 3633
12880 472 3046
472 3046 12880
3046 472 12880
1812 8433 11009
11009 1812 8433
8433 1812 11009
4144 5368 8774
8774 4144 5368
5368 4144 8774
6455 2552 4950
4950 2552 6455
2552 4950 6455
10728 2939 10495
10495 2939 10728
2939 10495 10728
959 5133 11071
5133 959 11071
11071 959 5133
9762 8159 10490
10490 8159 9762
8159 9762 10490
5356 6689 10984
10984 5356 6689
6689 5356 10984
11081 1292 5188
5188 1292 11081
1292 5188 11081
3561 99 13879
99 3561 13879
13879 99 3561
3807 2058 2460
2460 2058 3807
2058 2460 3807
5747 4698 11241
4698 5747 11241
11241 4698 5747
8062 12526 14539
14539 8062 12526
12526 8062 14539
7976 5470 12703
12703 5470 7976
5470 7976 12703
2868 651 14082
651 2868 14082
14082 651 2868
1351 7606 11972
7606 1351 11972
11972 1351 7606
8221 12819 13740
12819 8221 13740
13740 8221 12819
238 3084 13412
3084 238 13412
13412 238 3084
10253 7492 12358
12358 7492 10253
7492 10253 12358
2100 2849 11593
11593 2100 2849
2849 2100 11593
1630 9788 10443
9788 1630 10443
10443 1630 9788
1012 11410 11950
11410 1012 11950
11950 1012 11410
11799 4281 7794
7794 4281 11799
4281 7794 11799
11618 3507 4137
4137 3507 11618
3507 4137 11618
5041 838 4201
838 4201 5041
4201 838 5041
4094 3468 7983
7983 3468 4094
3468 4094 7983
984 5062 6957
5062 984 6957
6957 984 5062
7759 2427 3680
3680 2427 7759
2427 3680 7759
12764 3536 12220
3536 12220 12764
12220 3536 12764
3656 1553 4139
4139 1553 3656
1553 3656 4139
8343 9421 13069
9421 8343 13069
13069 8343 9421
5437 4848 11129
11129 4848 5437
4848 5437 11129
7143 11751 14058
11751 7143 14058
14058 7143 11751
4141 4949 5224
5224 4141 4949
4949 4141 5224
7169 2481 14978
14978 2481 7169
2481 7169 14978
8285 4452 5065
4452 5065 8285
5065 4452 8285
9471 2368 8011
8011 2368 9471
2368 8011 9471
1073 1900 5307
5307 1073 1900
1900 1073 5307
175 9065 11516
9065 175 11516
11516 175 9065
5713 2970 12821
12821 2970 5713
2970 5713 12821
13445 3505 4062
4062 3505 13445
3505 4062 13445
10567 12735 14913
12735 10567 14913
14913 10567 12735
6333 1126 9492
1126 6333 9492
9492 1126 6333
12478 4171 13136
13136 4171 12478
4171 12478 13136
7279 96 10855
10855 96 7279
96 7279 10855
13426 2042 14135
14135 2042 13426
2042 13426 14135
7723 1575 5865
1575 5865 7723
5865 1575 7723
4989 12077 14619
12077 4989 14619
14619 4989 12077
11563 4388 6183
4388 6183 11563
6183 4388 11563
590 6180 7624
7624 590 6180
6180 590 7624
10897 2408 2662
2408 2662 10897
2662 2408 10897
1748 5549 12607
5549 1748 12607
12607 1748 5549
317 990 10518
10518 317 990
990 317 10518
5544 5739 6975
6975 5544 5739
5739 5544 6975
10827 2728 11559
2728 10827 11559
11559 2728 10827
4845 2637 7679
7679 2637 4845
2637 4845 7679
1636 3801 3977
3977 1636 3801
3801 1636 3977
6976 8139 14054
8139 6976 14054
14054 6976 8139
311 9979 13181
9979 311 13181
13181 311 9979
11587 6518 7398
7398 6518 11587
6518 7398 11587
5170 406 9753
406 5170 9753
9753 406 5170
1972 12397 13462
13462 1972 12397
12397 1972 13462
9251 2840 7093
7093 2840 9251
2840 7093 9251
9663 8076 10858
8076 9663 10858
10858 8076 9663
14206 2716 4798
2716 4798 14206
4798 2716 14206
4956 2599 4321
2599 4321 4956
4321 2599 4956
14707 1634 14912
1634 14707 14912
14912 1634 14707
166 3890 10342
10342 166 3890
3890 166 10342
2619 2930 11494
2930 2619 11494
11494 2619 2930
2004 5281 10062
5281 2004 10062
10062 2004 5281
7833 5951 10730
10730 5951 7833
5951 7833 10730
5575 1365 2285
2285 1365 5575
1365 2285 5575
12226 6640 13892
13892 6640 12226
6640 12226 13892
13015 8985 14656
14656 8985 13015
8985 13015 14656
2582 4206 5974
4206 2582 5974
5974 2582 4206
10102 650 12310
12310 650 10102
650 10102 12310
5780 10691 13357
10691 5780 13357
13357 5780 10691
8619 4163 14745
14745 4163 8619
4163 8619 14745
4952 113 12262
12262 113 4952
113 4952 12262
11987 5515 7326
7326 5515 11987
5515 7326 11987
1273 4805 5245
4805 1273 5245
5245 1273 4805
9533 5678 11292
11292 5678 9533
5678 9533 11292
11215 5971 8419
8419 5971 11215
5971 8419 11215
6669 11153 11894
11153 6669 11894
11894 6669 11153
4749 367 10177
10177 367 4749
367 4749 10177
5340 2274 4319
4319 2274 5340
2274 4319 5340
8541 9375 13994
13994 8541 9375
9375 8541 13994
12511 1170 1726
1170 1726 12511
1726 1170 12511
2188 10741 11829
10741 2188 11829
11829 2188 10741
7498 1718 14164
1718 7498 14164
14164 1718 7498
9992 6999 13148
13148 6999 9992
6999 9992 13148
8240 12276 13064
12276 8240 13064
13064 8240 12276
14718 9475 13099
9475 13099 14718
13099 9475 14718
11472 1057 14234
1057 11472 14234
14234 1057 11472
12782 3028 5658
5658 3028 12782
3028 5658 12782
681 11283 11862
11862 681 11283
11283 681 11862
11070 5659 12753
5659 11070 12753
12753 5659 11070
10641 4614 13436
4614 10641 13436
13436 4614 10641
11752 11656 14549
11656 11752 14549
14549 11656 11752
7149 12118 14676
14676 7149 12118
12118 7149 14676
7549 5326 11588
5326 7549 11588
11588 5326 7549
3659 7984 14641
7984 3659 14641
14641 3659 7984
1771 8555 12843
12843 1771 8555
8555 1771 12843
13717 6883 12881
12881 6883 13717
6883 12881 13717
6815 324 6761
6761 324 6815
324 6761 6815
1798 350 8900
8900 350 1798
350 1798 8900
11742 2880 4075
4075 2880 11742
2880 4075 11742
7836 4169 14665
14665 4169 7836
4169 7836 14665
2807 4616 8202
4616 2807 8202
8202 2807 4616
5704 2279 14079
14079 2279 5704
2279 5704 14079
14689 1360 8359
1360 8359 14689
8359 1360 14689
4125 5671 9029
9029 4125 5671
5671 4125 9029
7 12101 12771
12101 7 12771
12771 7 12101
10090 3991 10332
10332 3991 10090
3991 10090 10332
1717 3287 6265
6265 1717 3287
3287 1717 6265
2760 5933 13265
13265 2760 5933
5933 2760 13265
4935 3055 14472
14472 3055 4935
3055 4935 14472
14034 8097 11457
11457 8097 14034
8097 11457 14034
4745 1297 3952
1297 3952 4745
3952 1297 4745
2983 7240 13900
13900 2983 7240
7240 2983 13900
8371 6259 11044
11044 6259 8371
6259 8371 11044
10795 1683 13396
1683 10795 13396
13396 1683 10795
9439 12790 14593
14593 9439 12790
12790 9439 14593
2021 12116 13689
12116 2021 13689
13689 2021 12116
8191 5220 7484
7484 5220 8191
5220 7484 8191
3432 2440 13942
2440 3432 13942
13942 2440 3432
2428 2779 9132
9132 2428 2779
2779 2428 9132
6431 8194 8866
8866 6431 8194
8194 6431 8866
10561 913 12498
12498 913 10561
913 10561 12498
12888 8080 14317
8080 12888 14317
14317 8080 12888
8714 519 2540
2540 519 8714
519 2540 8714
4105 4448 7010
4448 4105 7010
7010 4105 4448
10202 1814 11019
1814 10202 11019
11019 1814 10202
4456 5299 9147
5299 4456 9147
9147 4456 5299
2482 2350 9320
9320 2350 2482
2350 2482 9320
5775 9224 11312
9224 5775 11312
11312 5775 9224
6801 8069 13142
8069 6801 13142
13142 6801 8069
11658 4115 7857
4115 7857 11658
7857 4115 11658
13084 5824 14341
14341 5824 13084
5824 13084 14341
6649 6348 8953
8953 6348 6649
6348 6649 8953
6924 1214 14675
1214 6924 14675
14675 1214 6924
5513 5248 12110
5248 5513 12110
12110 5248 5513
13537 1481 12047
1481 12047 13537
12047 1481 13537
2405 694 1320
1320 694 2405
694 1320 2405
7602 5289 11727
11727 5289 7602
5289 7602 11727
13439 6899 11553
6899 11553 13439
11553 6899 13439
12829 5625 6600
6600 5625 12829
5625 6600 12829
873 7987 10261
7987 873 10261
10261 873 7987
9290 1413 5021
1413 5021 9290
5021 1413 9290
452 4496 13525
13525 452 4496
4496 452 13525
4386 6108 10953
6108 4386 10953
10953 4386 6108
658 792 6677
6677 658 792
792 658 6677
3964 1494 12897
1494 3964 12897
12897 1494 3964
813 9621 12655
9621 813 12655
12655 813 9621
7419 3781 8675
3781 7419 8675
8675 3781 7419
5272 9494 13139
9494 5272 13139
13139 5272 9494
4722 4251 4858
4251 4722 4858
4858 4251 4722
1252 7818 8949
8949 1252 7818
7818 1252 8949
5534 2600 6643
2600 5534 6643
6643 2600 5534
2035 121 7680
7680 121 2035
121 2035 7680
14022 4494 12232
4494 12232 14022
12232 4494 14022
2855 1837 10362
1837 2855 10362
10362 1837 2855
12575 5502 6354
5502 6354 12575
6354 5502 12575
4248 3506 9748
9748 3506 4248
3506 4248 9748
11693 4959 6888
4959 6888 11693
6888 4959 11693
10140 10860 14585
10860 10140 14585
14585 10140 10860
5916 4791 13130
13130 4791 5916
4791 5916 13130
3469 1595 11334
1595 3469 11334
11334 1595 3469
2980 3606 12761
3606 2980 12761
12761 2980 3606
3373 8436 8751
8436 3373 8751
8751 3373 8436
6181 3653 11231
3653 6181 11231
11231 3653 6181
5852 9399 13745
13745 5852 9399
9399 5852 13745
4656 9123 14629
9123 4656 14629
14629 4656 9123
28 6873 13634
6873 28 13634
13634 28 6873
2521 11631 12458
12458 2521 11631
11631 2521 12458
1847 10264 13317
13317 1847 10264
10264 1847 13317
3843 5572 5731
5572 3843 5731
5731 3843 5572
5809 3247 11874
11874 3247 5809
3247 5809 11874
5950 10391 11924
11924 5950 10391
10391 5950 11924
9467 1823 11908
1823 9467 11908
11908 1823 9467
3205 3220 11890
3220 3205 11890
11890 3205 3220
11123 7291 7418
7291 7418 11123
7418 7291 11123
6448 7107 14131
14131 6448 7107
7107 6448 14131
20 14258 14308
14308 20 14258
14258 20 14308
11272 1461 11041
11041 1461 11272
1461 11041 11272
1329 11668 13845
11668 1329 13845
13845 1329 11668
2464 7117 13233
13233 2464 7117
7117 2464 13233
8188 10134 14288
10134 8188 14288
14288 8188 10134
853 2932 11257
2932 853 11257
11257 853 2932
6095 9138 11377
9138 6095 11377
11377 6095 9138
8662 7589 13949
13949 7589 8662
7589 8662 13949
3080 11762 14305
11762 3080 14305
14305 3080 11762
10783 11761 12039
12039 10783 11761
11761 10783 12039
3953 6295 12545
12545 3953 6295
6295 3953 12545
11195 8215 14008
14008 8215 11195
8215 11195 14008
12375 11458 13609
13609 11458 12375
11458 12375 13609
1166 3987 8670
8670 1166 3987
3987 1166 8670
3681 1362 9854
1362 3681 9854
9854 1362 3681
8322 5379 14930
14930 5379 8322
5379 8322 14930
14759 5454 6393
5454 6393 14759
6393 5454 14759
5406 7163 11017
11017 5406 7163
7163 5406 11017
11560 3983 7538
7538 3983 11560
3983 7538 11560
1833 7591 14554
14554 1833 7591
7591 1833 14554
7280 1220 7753
1220 7280 7753
7753 1220 7280
6313 3521 12631
12631 3521 6313
3521 6313 12631
6889 1637 12311
12311 1637 6889
1637 6889 12311
1334 1080 1722
1080 1334 1722
1722 1080 1334
12816 7675 14577
14577 7675 12816
7675 12816 14577
9095 2526 9194
2526 9095 9194
9194 2526 9095
2314 2043 9618
2043 2314 9618
9618 2043 2314
14897 322 12444
12444 322 14897
322 12444 14897
4028 2356 11021
2356 4028 11021
11021 2356 4028
243 2377 10627
10627 243 2377
2377 243 10627
7523 6814 9049
9049 6814 7523
6814 7523 9049
9433 5164 12713
5164 9433 12713
12713 5164 9433
3884 3567 11346
3567 3884 11346
11346 3567 3884
12351 2143 12670
2143 12351 12670
12670 2143 12351
6097 5554 10618
5554 6097 10618
10618 5554 6097
11434 4974 8251
4974 8251 11434
8251 4974 11434
4628 5423 8677
5423 4628 8677
8677 4628 5423
2797 2632 4089
2632 2797 4089
4089 2632 2797
14852 4669 9769
4669 9769 14852
9769 4669 14852
555 4184 11259
4184 555 11259
11259 555 4184
4728 4922 9941
4922 4728 9941
9941 4728 4922
11599 1510 13764
1510 11599 13764
13764 1510 11599
10438 754 11073
11073 754 10438
754 10438 11073
13184 8826 9070
9070 8826 13184
8826 9070 13184
6272 1690 2578
1690 2578 6272
2578 1690 6272
8387 6536 10843
10843 6536 8387
6536 8387 10843
10650 12645 12851
12851 10650 12645
12645 10650 12851
6106 621 5964
5964 621 6106
621 5964 6106
13882 2573 7993
2573 7993 13882
7993 2573 13882
2997 1951 11423
1951 2997 11423
11423 1951 2997
3246 2978 13177
13177 2978 3246
2978 3246 13177
11994 1382 8296
1382 8296 11994
8296 1382 11994
12573 8557 9629
8557 9629 12573
9629 8557 12573
13387 4470 11513
11513 4470 13387
4470 11513 13387
3135 2423 13166
2423 3135 13166
13166 2423 3135
12406 9714 11695
11695 9714 12406
9714 11695 12406
2907 5963 10770
10770 2907 5963
5963 2907 10770
7224 721 6664
6664 721 7224
721 6664 7224
8976 5232 9626
9626 5232 8976
5232 8976 9626
11641 10815 11014
11014 10815 11641
10815 11014 11641
3292 981 8502
981 3292 8502
8502 981 3292
6433 5192 14837
14837 5192 6433
5192 6433 14837
12203 7462 12346
12346 7462 12203
7462 12203 12346
8383 7083 13605
13605 7083 8383
7083 8383 13605
6253 7358 10032
7358 6253 10032
10032 6253 7358
599 4909 5207
4909 599 5207
5207 599 4909
9211 5411 14383
5411 9211 14383
14383 5411 9211
8551 1191 10679
10679 1191 8551
1191 8551 10679
1556 531 4595
4595 531 1556
531 1556 4595
114 933 14697
933 114 14697
14697 114 933
8273 3511 11022
11022 3511 8273
3511 8273 11022
2217 2292 2772
2292 2217 2772
2772 2217 2292
14347 13039 14501
14501 13039 14347
13039 14347 14501
3402 919 8621
919 3402 8621
8621 919 3402
1197 3268 8057
3268 1197 8057
8057 1197 3268
7200 12895 13719
12895 7200 13719
13719 7200 12895
8829 313 485
485 313 8829
313 485 8829
8842 823 7871
823 7871 8842
7871 823 8842
4731 2363 12341
12341 2363 4731
2363 4731 12341
6170 12926 14281
12926 6170 14281
14281 6170 12926
4040 1299 6413
6413 1299 4040
1299 4040 6413
3961 2630 8859
8859 2630 3961
2630 3961 8859
3333 3387 3605
3605 3333 3387
3387 3333 3605
10509 6787 14623
6787 10509 14623
14623 6787 10509
7757 3451 6050
3451 6050 7757
6050 3451 7757
3909 1146 1961
1961 1146 3909
1146 1961 3909
7161 1818 9064
1818 7161 9064
9064 1818 7161
294 1145 10082
10082 294 1145
1145 294 10082
8197 2719 3859
2719 3859 8197
3859 2719 8197
9213 6994 9200
9200 6994 9213
6994 9200 9213
13651 1225 1958
1225 1958 13651
1958 1225 13651
9001 7558 10365
7558 9001 10365
10365 7558 9001
7908 689 6737
6737 689 7908
689 6737 7908
3425 7036 13340
13340 3425 7036
7036 3425 13340
4227 4189 8406
8406 4189 4227
4189 4227 8406
13264 6345 13694
13694 6345 13264
6345 13264 13694
11311 8150 8217
8217 8150 11311
8150 8217 11311
7218 5866 14980
5866 7218 14980
14980 5866 7218
486 14741 14967
14741 486 14967
14967 486 14741
8318 2778 13631
13631 2778 8318
2778 8318 13631
1527 1639 7852
7852 1527 1639
1639 1527 7852
8459 591 8629
591 8459 8629
8629 591 8459
4557 3916 11586
3916 4557 11586
11586 3916 4557
5605 3833 11264
11264 3833 5605
3833 5605 11264
9148 2508 11619
2508 9148 11619
11619 2508 9148
10476 2857 7018
7018 2857 10476
2857 7018 10476
14560 13464 13982
13982 13464 14560
13464 13982 14560
5153 3845 5686
5686 3845 5153
3845 5153 5686
14858 6549 13598
6549 13598 14858
13598 6549 14858
3697 6752 12103
6752 3697 12103
12103 3697 6752
10869 5199 12414
12414 5199 10869
5199 10869 12414
11747 7229 11538
11538 7229 11747
7229 11538 11747
2120 11218 12323
12323 2120 11218
11218 2120 12323
12640 9390 13836
13836 9390 12640
9390 12640 13836
5871 61 13446
13446 61 5871
61 5871 13446
4733 1752 5419
1752 4733 5419
5419 1752 4733
394 1802 9961
9961 394 1802
1802 394 9961
860 1159 8683
1159 860 8683
8683 860 1159
3416 4395 11488
4395 3416 11488
11488 3416 4395
10330 1196 13382
13382 1196 10330
1196 10330 13382
8004 4298 8764
8764 4298 8004
4298 8004 8764
8201 8678 9925
8678 8201 9925
9925 8201 8678
4736 419 3525
419 3525 4736
3525 419 4736
12600 7545 8550
7545 8550 12600
8550 7545 12600
6128 7347 14224
7347 6128 14224
14224 6128 7347
11335 4104 4558
4558 4104 11335
4104 4558 11335
10979 7003 9831
9831 7003 10979
7003 9831 10979
10597 11672 13521
11672 10597 13521
13521 10597 11672
6836 6330 7417
6330 6836 7417
7417 6330 6836
7539 8094 12750
12750 7539 8094
8094 7539 12750
2008 5787 9301
5787 2008 9301
9301 2008 5787
1502 5255 6503
6503 1502 5255
5255 1502 6503
3585 413 8830
413 3585 8830
8830 413 3585
458 7964 8498
8498 458 7964
7964 458 8498
2465 786 3876
786 2465 3876
3876 786 2465
3085 889 2228
2228 889 3085
889 2228 3085
13734 5253 7152
7152 5253 13734
5253 7152 13734
4611 10506 11475
10506 4611 11475
11475 4611 10506
753 2759 10808
2759 753 10808
10808 753 2759
14401 2315 7050
2315 7050 14401
7050 2315 14401
8521 4360 13817
13817 4360 8521
4360 8521 13817
9823 1071 2005
1071 2005 9823
2005 1071 9823
6862 4469 13189
4469 6862 13189
13189 4469 6862
1420 12718 13751
12718 1420 13751
13751 1420 12718
12502 5972 10423
10423 5972 12502
5972 10423 12502
10895 1801 2962
1801 2962 10895
2962 1801 10895
2198 9806 10271
10271 2198 9806
9806 2198 10271
6882 3290 12905
12905 3290 6882
3290 6882 12905
8868 4489 5462
5462 4489 8868
4489 5462 8868
5138 4816 9218
4816 5138 9218
9218 4816 5138
517 2031 11561
2031 517 11561
11561 517 2031
13973 1429 5274
1429 5274 13973
5274 1429 13973
1805 1081 8728
8728 1081 1805
1081 1805 8728
13582 12242 14116
12242 13582 14116
14116 12242 13582
11677 2732 13636
13636 2732 11677
2732 11677 13636
5755 3911 11482
11482 3911 5755
3911 5755 11482
11806 6956 9697
9697 6956 11806
6956 9697 11806
8836 8169 10457
10457 8169 8836
8169 8836 10457
2283 10469 13249
13249 2283 10469
10469 2283 13249
1456 2331 7529
7529 1456 2331
2331 1456 7529
1647 5413 7216
5413 1647 7216
7216 1647 5413
7593 4918 9684
4918 7593 9684
9684 4918 7593
214 11825 12597
12597 214 11825
11825 214 12597
7219 3750 11040
3750 7219 11040
11040 3750 7219
1843 3353 9770
3353 1843 9770
9770 1843 3353
2299 8086 8247
8086 2299 8247
8247 2299 8086
14588 2806 5414
2806 5414 14588
5414 2806 14588
1537 8335 11105
8335 1537 11105
11105 1537 8335
2562 4259 5745
5745 2562 4259
4259 2562 5745
409 5267 7273
5267 409 7273
7273 409 5267
329 3073 4442
3073 329 4442
4442 329 3073
4980 1945 1967
1967 1945 4980
1945 1967 4980
6565 3771 6597
6597 3771 6565
3771 6565 6597
8422 11601 13380
13380 8422 11601
11601 8422 13380
4392 9417 9929
9417 4392 9929
9929 4392 9417
5587 614 8449
614 5587 8449
8449 614 5587
6039 11211 12104
12104 6039 11211
11211 6039 12104
5864 6055 12370
12370 5864 6055
6055 5864 12370
5030 7838 8886
7838 5030 8886
8886 5030 7838
7384 9744 11997
9744 7384 11997
11997 7384 9744
8162 624 5304
624 5304 8162
5304 624 8162
7395 3330 7457
3330 7395 7457
7457 3330 7395
5941 7098 13389
13389 5941 7098
7098 5941 13389
9241 1243 13309
1243 9241 13309
13309 1243 9241
14893 10178 11644
11644 10178 14893
10178 11644 14893
8430 2678 10796
2678 8430 10796
10796 2678 8430
4055 2927 6301
2927 4055 6301
6301 2927 4055
11347 11934 13825
13825 11347 11934
11934 11347 13825
11478 1947 5805
5805 1947 11478
1947 5805 11478
14066 2999 6496
2999 6496 14066
6496 2999 14066
8963 299 5674
299 5674 8963
5674 299 8963
10697 2903 7483
7483 2903 10697
2903 7483 10697
7798 5086 12512
12512 5086 7798
5086 7798 12512
7309 9948 11362
11362 7309 9948
9948 7309 11362
11607 6384 11168
11168 6384 11607
6384 11168 11607
12123 4474 7391
4474 7391 12123
7391 4474 12123
8109 4017 9613
4017 8109 9613
9613 4017 8109
11401 8096 10244
10244 8096 11401
8096 10244 11401
397 4831 13162
13162 397 4831
4831 397 13162
1430 8362 12688
12688 1430 8362
8362 1430 12688
1828 9571 12469
12469 1828 9571
9571 1828 12469
8364 1523 6881
1523 6881 8364
6881 1523 8364
8998 10680 12258
12258 8998 10680
10680 8998 12258
13068 3374 7046
7046 3374 13068
3374 7046 13068
5485 2007 8538
8538 2007 5485
2007 5485 8538
7253 3406 5254
5254 3406 7253
3406 5254 7253
5808 8470 13898
8470 5808 13898
13898 5808 8470
3415 7467 12759
7467 3415 12759
12759 3415 7467
3122 12450 14357
14357 3122 12450
12450 3122 14357
14507 556 13992
556 13992 14507
13992 556 14507
7899 4742 13760
13760 4742 7899
4742 7899 13760
2175 5354 8300
8300 2175 5354
5354 2175 8300
14804 2654 4523
2654 4523 14804
4523 2654 14804
14378 10069 14293
10069 14293 14378
14293 10069 14378
3631 9919 12321
9919 3631 12321
12321 3631 9919
10928 8924 13225
8924 10928 13225
13225 8924 10928
12765 10442 13893
13893 10442 12765
10442 12765 13893
5641 1501 5836
5836 1501 5641
1501 5641 5836
840 4671 10000
10000 840 4671
4671 840 10000
4762 5165 7386
7386 4762 5165
5165 4762 7386
14325 212 569
212 569 14325
569 212 14325
13767 879 8294
8294 879 13767
879 8294 13767
12394 8834 12861
12861 8834 12394
8834 12394 12861
949 381 564
381 564 949
564 381 949
7241 543 10221
543 7241 10221
10221 543 7241
8068 1677 13004
1677 8068 13004
13004 1677 8068
2520 4808 12499
12499 2520 4808
4808 2520 12499
3670 451 7049
7049 451 3670
451 3670 7049
9718 962 2192
2192 962 9718
962 2192 9718
7760 4550 6998
4550 6998 7760
6998 4550 7760
8058 289 7315
7315 289 8058
289 7315 8058
9609 2605 10940
2605 9609 10940
10940 2605 9609
10673 2000 11294
11294 2000 10673
2000 10673 11294
2159 5645 10098
10098 2159 5645
5645 2159 10098
2172 9882 10241
10241 2172 9882
9882 2172 10241
3138 6244 14366
14366 3138 6244
6244 3138 14366
3927 4241 4512
4512 3927 4241
4241 3927 4512
10706 3566 12803
12803 3566 10706
3566 10706 12803
13523 1039 10610
1039 10610 13523
10610 1039 13523
6129 6568 9676
6568 6129 9676
9676 6129 6568
10077 8815 14684
8815 10077 14684
14684 8815 10077
10381 4352 8768
4352 8768 10381
8768 4352 10381
14263 6911 14233
14233 6911 14263
6911 14233 14263
13262 450 1396
450 1396 13262
1396 450 13262
12892 379 5830
379 5830 12892
5830 379 12892
1570 2756 14430
2756 1570 14430
14430 1570 2756
1021 6935 10404
6935 1021 10404
10404 1021 6935
1247 667 1853
1853 667 1247
667 1247 1853
11885 2767 5968
5968 2767 11885
2767 5968 11885
12628 5484 12020
5484 12020 12628
12020 5484 12628
5418 13454 14464
13454 5418 14464
14464 5418 13454
9603 7028 7724
7028 7724 9603
7724 7028 9603
3263 559 8603
8603 559 3263
559 3263 8603
6823 10749 13405
10749 6823 13405
13405 6823 10749
8686 6544 7162
7162 6544 8686
6544 7162 8686
6875 2253 3686
2253 3686 6875
3686 2253 6875
4953 10304 14538
14538 4953 10304
10304 4953 14538
14219 2182 10037
10037 2182 14219
2182 10037 14219
8542 10149 11822
11822 8542 10149
10149 8542 11822
8369 3394 6671
3394 6671 8369
6671 3394 8369
8572 8948 12985
8948 8572 12985
12985 8572 8948
800 8017 10849
8017 800 10849
10849 800 8017
11520 12891 13132
13132 11520 12891
12891 11520 13132
57 3753 10881
10881 57 3753
3753 57 10881
14229 3272 13318
3272 13318 14229
13318 3272 14229
12992 118 9481
118 9481 12992
9481 118 12992
14200 11991 12256
12256 11991 14200
11991 12256 14200
6672 4750 5960
4750 5960 6672
5960 4750 6672
12954 126 3322
126 3322 12954
3322 126 12954
10707 854 924
854 924 10707
924 854 10707
12241 142 8412
8412 142 12241
142 8412 12241
5491 1902 7270
7270 1902 5491
1902 5491 7270
11966 11579 12423
12423 11579 11966
11579 11966 12423
4901 539 12944
12944 539 4901
539 4901 12944
4278 538 5341
5341 538 4278
538 4278 5341
1452 11505 13277
13277 1452 11505
11505 1452 13277
3815 6023 7507
6023 3815 7507
7507 3815 6023
6013 2583 3006
3006 2583 6013
2583 3006 6013
7444 1202 14397
14397 1202 7444
1202 7444 14397
7353 13109 14314
14314 7353 13109
13109 7353 14314
1929 1538 13000
13000 1538 1929
1538 1929 13000
10078 9107 13805
9107 10078 13805
13805 9107 10078
11092 9713 10819
9713 10819 11092
10819 9713 11092
7333 2661 5846
2661 5846 7333
5846 2661 7333
4911 1092 3355
1092 3355 4911
3355 1092 4911
9569 5339 13237
5339 9569 13237
13237 5339 9569
2060 7211 9522
9522 2060 7211
7211 2060 9522
10886 235 7856
7856 235 10886
235 7856 10886
12591 2183 5160
2183 5160 12591
5160 2183 12591
4725 14294 14301
14294 4725 14301
14301 4725 14294
12128 1236 12560
1236 12128 12560
12560 1236 12128
9578 10723 12837
12837 9578 10723
10723 9578 12837
1361 723 13045
13045 723 1361
723 1361 13045
5547 4853 6812
6812 4853 5547
4853 5547 6812
9537 4287 7413
7413 4287 9537
4287 7413 9537
13514 1942 5682
5682 1942 13514
1942 5682 13514
13008 1862 12126
12126 1862 13008
1862 12126 13008
1882 4862 13554
13554 1882 4862
4862 1882 13554
10755 3696 13202
13202 3696 10755
3696 10755 13202
137 3431 10779
10779 137 3431
3431 137 10779
11045 11388 11902
11388 11045 11902
11902 11045 11388
345 1024 8946
1024 345 8946
8946 345 1024
9321 4113 9737
9737 4113 9321
4113 9321 9737
5732 466 11291
466 5732 11291
11291 466 5732
3440 7119 8085
8085 3440 7119
7119 3440 8085
5101 1115 12958
12958 1115 5101
1115 5101 12958
14246 3989 10084
3989 10084 14246
10084 3989 14246
3249 11289 14700
11289 3249 14700
14700 3249 11289
1046 7531 9679
7531 1046 9679
9679 1046 7531
3151 10714 11533
10714 3151 11533
11533 3151 10714
4269 12211 13823
12211 4269 13823
13823 4269 12211
13959 5768 8730
5768 8730 13959
8730 5768 13959
14390 5694 13877
5694 13877 14390
13877 5694 14390
11485 3900 13934
3900 11485 13934
13934 3900 11485
2447 3546 9043
3546 2447 9043
9043 2447 3546
6743 9248 12044
9248 6743 12044
12044 6743 9248
3603 2407 9517
9517 2407 3603
2407 3603 9517
6556 3747 6988
6988 3747 6556
3747 6556 6988
10268 4431 5623
5623 4431 10268
4431 5623 10268
9395 4236 11985
4236 9395 11985
11985 4236 9395
6577 9677 11591
9677 6577 11591
11591 6577 9677
1799 10445 14724
14724 1799 10445
10445 1799 14724
2225 7717 8327
7717 2225 8327
8327 2225 7717
3706 13127 14190
13127 3706 14190
14190 3706 13127
12398 8796 11748
11748 8796 12398
8796 11748 12398
4365 4735 13616
13616 4365 4735
4735 4365 13616
8566 4766 12340
4766 8566 12340
12340 4766 8566
8582 3433 4984
4984 3433 8582
3433 4984 8582
6368 1241 3452
3452 1241 6368
1241 3452 6368
10645 6837 7982
6837 7982 10645
7982 6837 10645
3306 13197 14553
13197 3306 14553
14553 3306 13197
7434 13687 14740
13687 7434 14740
14740 7434 13687
12780 312 1374
1374 312 12780
312 1374 12780
6973 4411 6210
4411 6210 6973
6210 4411 6973
13257 2749 8461
8461 2749 13257
2749 8461 13257
11527 3223 5934
3223 5934 11527
5934 3223 11527
3227 1444 8637
8637 1444 3227
1444 3227 8637
12172 10057 12474
12474 10057 12172
10057 12172 12474
9781 2110 5479
2110 5479 9781
5479 2110 9781
12468 846 9177
846 9177 12468
9177 846 12468
7699 3837 4003
3837 4003 7699
4003 3837 7699
9244 1829 14743
1829 9244 14743
14743 1829 9244
9157 6010 12693
12693 6010 9157
6010 9157 12693
6634 2834 6308
2834 6308 6634
6308 2834 6634
14508 2289 11159
11159 2289 14508
2289 11159 14508
3174 3173 10096
3173 3174 10096
10096 3173 3174
6648 3269 6940
6940 3269 6648
3269 6648 6940
3106 6943 14002
14002 3106 6943
6943 3106 14002
5441 4581 7319
7319 4581 5441
4581 5441 7319
6074 8848 14890
8848 6074 14890
14890 6074 8848
6741 11486 14425
11486 6741 14425
14425 6741 11486
6628 1614 3408
1614 3408 6628
3408 1614 6628
11248 416 13961
416 11248 13961
13961 416 11248
4058 11790 14277
14277 4058 11790
11790 4058 14277
10199 5730 7275
5730 7275 10199
7275 5730 10199
14067 1472 8187
1472 8187 14067
8187 1472 14067
2011 2712 7514
7514 2011 2712
2712 2011 7514
11548 1471 7124
1471 7124 11548
7124 1471 11548
9298 3224 5811
3224 5811 9298
5811 3224 9298
6046 200 13144
13144 200 6046
200 6046 13144
13236 6045 11246
6045 11246 13236
11246 6045 13236
1175 10605 12495
10605 1175 12495
