508 992 1064
1064 508 992
992 508 1064
1314 204 1267
204 1267 1314
1267 204 1314
58 215 1163
1163 58 215
215 58 1163
201 816 1155
1155 201 816
816 201 1155
1047 1311 1445
1445 1047 1311
1311 1047 1445
1035 183 1226
183 1035 1226
1226 183 1035
469 867 1072
867 469 1072
1072 469 867
393 89 1333
89 393 1333
1333 89 393
1263 468 1200
1200 468 1263
468 1200 1263
1202 1225 1476
1225 1202 1476
1476 1202 1225
1324 605 975
605 975 1324
975 605 1324
1416 383 436
436 383 1416
383 436 1416
1018 658 1007
658 1007 1018
1007 658 1018
1271 742 986
986 742 1271
742 986 1271
1320 732 1491
732 1320 1491
1491 732 1320
1022 59 496
59 496 1022
496 59 1022
1312 471 858
858 471 1312
471 858 1312
169 119 1216
1216 119 169
119 169 1216
737 98 1166
98 737 1166
1166 98 737
326 621 1013
1013 326 621
621 326 1013
207 175 528
175 207 528
528 175 207
969 1260 1469
1469 969 1260
1260 969 1469
71 1021 1040
1021 71 1040
1040 71 1021
799 665 918
665 799 918
918 665 799
339 308 971
308 339 971
971 308 339
192 788 1346
1346 192 788
788 192 1346
501 1286 1452
1452 501 1286
1286 501 1452
523 414 866
414 523 866
866 414 523
133 500 826
500 133 826
826 133 500
1002 128 1180
1180 128 1002
128 1002 1180
970 117 253
117 253 970
253 117 970
172 429 1337
1337 172 429
429 172 1337
1215 694 1390
694 1215 1390
1390 694 1215
1054 54 452
54 452 1054
452 54 1054
370 1361 1494
1361 370 1494
1494 370 1361
256 620 908
620 256 908
908 256 620
203 942 1272
942 203 1272
1272 203 942
166 922 1461
922 166 1461
1461 166 922
430 16 1088
1088 16 430
16 430 1088
731 549 1077
549 731 1077
1077 549 731
685 650 1412
650 685 1412
1412 650 685
405 394 1307
394 405 1307
1307 394 405
1387 1243 1259
1243 1259 1387
1259 1243 1387
837 462 1393
462 837 1393
1393 462 837
111 1067 1221
1067 111 1221
1221 111 1067
578 74 1004
74 578 1004
1004 74 578
782 69 1117
69 782 1117
1117 69 782
387 163 853
163 387 853
853 163 387
761 170 768
768 170 761
170 761 768
1170 937 1048
937 1048 1170
1048 937 1170
335 296 1019
296 335 1019
1019 296 335
803 309 1348
309 803 1348
1348 309 803
849 472 556
472 556 849
556 472 849
324 389 480
389 324 480
480 324 389
1463 884 1158
884 1158 1463
1158 884 1463
412 313 1029
313 412 1029
1029 313 412
546 947 1355
947 546 1355
1355 546 947
150 365 705
705 150 365
365 150 705
801 113 245
113 245 801
245 113 801
24 692 1478
692 24 1478
1478 24 692
1114 37 885
37 885 1114
885 37 1114
1095 873 878
878 873 1095
873 878 1095
145 697 1028
697 145 1028
1028 145 697
131 683 745
745 131 683
683 131 745
456 1308 1424
1308 456 1424
1424 456 1308
341 596 1125
596 341 1125
1125 341 596
40 642 1254
1254 40 642
642 40 1254
1116 178 995
995 178 1116
178 995 1116
720 923 1250
923 720 1250
1250 720 923
910 190 498
190 498 910
498 190 910
220 630 1488
630 220 1488
1488 220 630
413 141 1070
141 413 1070
1070 141 413
1053 75 353
75 353 1053
353 75 1053
709 66 118
118 66 709
66 118 709
1287 794 1497
1497 794 1287
794 1287 1497
875 864 1124
864 875 1124
1124 864 875
1147 104 821
821 104 1147
104 821 1147
531 533 723
723 531 533
533 531 723
818 105 349
349 105 818
105 349 818
1296 993 996
993 996 1296
996 993 1296
487 397 476
476 397 487
397 476 487
517 127 1273
1273 127 517
127 517 1273
1241 93 1269
93 1241 1269
1269 93 1241
357 1204 1305
1305 357 1204
1204 357 1305
1474 810 1141
810 1141 1474
1141 810 1474
664 646 846
846 646 664
646 664 846
1303 516 819
516 819 1303
819 516 1303
17 227 1349
227 17 1349
1349 17 227
289 623 872
623 289 872
872 289 623
643 381 1015
381 643 1015
1015 381 643
1383 806 1126
806 1126 1383
1126 806 1383
868 656 1245
656 868 1245
1245 656 868
478 287 657
287 478 657
657 287 478
275 492 966
966 275 492
492 275 966
15 347 838
838 15 347
347 15 838
165 221 1011
221 165 1011
1011 165 221
1372 231 493
231 493 1372
493 231 1372
270 64 1373
64 270 1373
1373 64 270
142 63 729
729 63 142
63 142 729
265 217 1343
217 265 1343
1343 217 265
894 1110 1410
1110 894 1410
1410 894 1110
619 25 741
25 619 741
741 25 619
491 92 158
158 92 491
92 158 491
1181 355 1495
1495 355 1181
355 1181 1495
1481 1091 1257
1257 1091 1481
1091 1257 1481
1454 184 1115
184 1115 1454
1115 184 1454
1082 60 327
327 60 1082
60 327 1082
458 62 323
323 62 458
62 323 458
1121 288 1278
1278 288 1121
288 1121 1278
1396 979 1087
1087 979 1396
979 1087 1396
506 136 196
196 136 506
136 196 506
1264 486 1462
486 1264 1462
1462 486 1264
774 350 1090
1090 350 774
350 774 1090
704 300 505
505 300 704
300 505 704
949 218 823
823 218 949
218 823 949
1344 636 1171
1171 636 1344
636 1171 1344
181 154 1233
1233 154 181
154 181 1233
1237 36 747
747 36 1237
36 747 1237
688 226 713
713 226 688
226 688 713
1149 617 1107
617 1107 1149
1107 617 1149
629 189 1342
1342 189 629
189 629 1342
1174 179 314
314 179 1174
179 314 1174
891 401 509
401 509 891
509 401 891
632 905 960
960 632 905
905 632 960
707 180 398
398 180 707
180 398 707
1223 363 917
363 917 1223
917 363 1223
1451 250 542
250 542 1451
542 250 1451
34 1037 1044
1037 34 1044
1044 34 1037
760 390 644
390 644 760
644 390 760
1455 411 1063
411 1063 1455
1063 411 1455
344 193 944
193 344 944
944 193 344
1025 95 439
95 439 1025
439 95 1025
1326 701 1073
1073 701 1326
701 1073 1326
1031 634 1397
634 1031 1397
1397 634 1031
706 198 562
198 562 706
562 198 706
1457 137 958
958 137 1457
137 958 1457
1242 633 1459
1459 633 1242
633 1242 1459
778 557 734
557 734 778
734 557 778
1360 261 292
292 261 1360
261 292 1360
925 138 714
138 714 925
714 138 925
1059 489 1100
1100 489 1059
489 1059 1100
722 689 711
711 689 722
689 711 722
940 1058 1261
1058 940 1261
1261 940 1058
869 152 162
152 162 869
162 152 869
1039 301 360
360 301 1039
301 360 1039
267 920 1198
920 267 1198
1198 267 920
903 1081 1089
1089 903 1081
1081 903 1089
1152 460 1380
460 1152 1380
1380 460 1152
699 857 1284
857 699 1284
1284 699 857
1130 674 775
674 775 1130
775 674 1130
793 48 1331
48 793 1331
1331 48 793
1428 1214 1256
1256 1214 1428
1214 1256 1428
159 216 1165
1165 159 216
216 159 1165
7 208 764
764 7 208
208 7 764
750 1248 1409
1409 750 1248
1248 750 1409
235 802 1438
802 235 1438
1438 235 802
19 957 1464
1464 19 957
957 19 1464
1014 269 981
981 269 1014
269 981 1014
1352 680 1247
1247 680 1352
680 1247 1352
451 1234 1253
1253 451 1234
1234 451 1253
587 591 1378
1378 587 591
591 587 1378
896 153 781
781 153 896
153 781 896
1340 1290 1422
1290 1340 1422
1422 1290 1340
1417 515 1369
515 1369 1417
1369 515 1417
1399 433 956
433 956 1399
956 433 1399
135 297 1449
1449 135 297
297 135 1449
841 660 950
950 660 841
660 841 950
219 315 538
538 219 315
315 219 538
473 593 1432
1432 473 593
593 473 1432
422 121 817
121 422 817
817 121 422
941 317 1229
1229 317 941
317 941 1229
1034 769 1499
769 1034 1499
1499 769 1034
395 378 588
588 378 395
378 395 588
1190 786 1134
1134 786 1190
786 1134 1190
149 407 510
510 149 407
407 149 510
669 244 1239
244 669 1239
1239 244 669
1167 304 1279
1279 304 1167
304 1167 1279
856 547 967
967 547 856
547 856 967
572 1016 1487
1487 572 1016
1016 572 1487
1137 784 1001
1001 784 1137
784 1001 1137
1394 10 1407
1407 10 1394
10 1394 1407
948 325 594
325 594 948
594 325 948
434 230 844
844 230 434
230 434 844
736 931 1182
931 736 1182
1182 736 931
1009 222 570
222 570 1009
570 222 1009
157 639 1105
639 157 1105
1105 157 639
695 177 1164
177 695 1164
1164 177 695
574 1080 1120
1080 574 1120
1120 574 1080
795 399 1146
399 795 1146
1146 399 795
1473 914 1187
914 1187 1473
1187 914 1473
601 20 1403
20 601 1403
1403 20 601
828 1356 1366
1356 828 1366
1366 828 1356
490 663 1160
663 490 1160
1160 490 663
448 225 1251
1251 225 448
225 448 1251
351 1145 1401
1145 351 1401
1401 351 1145
1179 239 1252
1252 239 1179
239 1179 1252
1385 263 1133
1133 263 1385
263 1133 1385
997 338 1265
1265 338 997
338 997 1265
541 155 1027
1027 155 541
155 541 1027
1317 1069 1255
1255 1069 1317
1069 1255 1317
836 358 1140
1140 358 836
358 836 1140
210 223 1183
1183 210 223
223 210 1183
284 148 718
148 284 718
718 148 284
717 561 1112
561 717 1112
1112 561 717
8 426 1172
1172 8 426
426 8 1172
79 495 682
495 79 682
682 79 495
879 41 890
41 879 890
890 41 879
1404 51 999
999 51 1404
51 999 1404
1281 100 1479
1479 100 1281
100 1281 1479
668 759 812
759 668 812
812 668 759
26 740 1298
740 26 1298
1298 26 740
28 522 1460
1460 28 522
522 28 1460
1218 191 321
321 191 1218
191 321 1218
830 254 278
278 254 830
254 278 830
1332 842 1431
842 1332 1431
1431 842 1332
425 614 773
614 425 773
773 425 614
777 73 420
73 420 777
420 73 777
386 1085 1189
1189 386 1085
1085 386 1189
299 560 575
575 299 560
560 299 575
408 536 1220
1220 408 536
536 408 1220
1500 354 1075
1075 354 1500
354 1075 1500
1 43 251
251 1 43
43 1 251
1330 457 1078
1078 457 1330
457 1078 1330
974 1350 1440
1350 974 1440
1440 974 1350
202 209 712
712 202 209
209 202 712
23 55 1224
1224 23 55
55 23 1224
590 134 146
134 146 590
146 134 590
877 607 850
607 850 877
850 607 877
1195 715 1258
1258 715 1195
715 1195 1258
678 122 521
521 122 678
122 521 678
1052 527 553
527 553 1052
553 527 1052
859 310 1122
310 859 1122
1122 310 859
563 70 348
70 348 563
348 70 563
1157 883 1302
1302 883 1157
883 1157 1302
1249 50 1169
50 1169 1249
1169 50 1249
1206 804 1173
1173 804 1206
804 1173 1206
977 428 1041
1041 428 977
428 977 1041
929 182 295
295 182 929
182 295 929
402 968 1020
968 402 1020
1020 402 968
144 904 1148
904 144 1148
1148 144 904
311 484 1282
484 311 1282
1282 311 484
933 205 519
519 205 933
205 519 933
6 939 1205
939 6 1205
1205 6 939
743 1274 1398
1274 743 1398
1398 743 1274
1104 268 1132
268 1104 1132
1132 268 1104
65 518 789
518 65 789
789 65 518
994 212 1131
212 994 1131
1131 212 994
1465 123 540
540 123 1465
123 540 1465
1123 655 1466
655 1123 1466
1466 655 1123
237 441 514
514 237 441
441 237 514
611 454 599
599 454 611
454 599 611
1329 406 756
406 756 1329
756 406 1329
1447 461 1280
1280 461 1447
461 1280 1447
1446 322 874
874 322 1446
322 874 1446
998 1076 1334
1334 998 1076
1076 998 1334
417 548 1421
548 417 1421
1421 417 548
754 5 766
5 754 766
766 5 754
530 790 1430
1430 530 790
790 530 1430
928 444 835
835 444 928
444 835 928
1083 306 1498
1498 306 1083
306 1083 1498
1318 738 1113
1113 738 1318
738 1113 1318
1056 555 604
555 604 1056
604 555 1056
1408 45 791
791 45 1408
45 791 1408
260 787 1208
787 260 1208
1208 260 787
792 176 432
176 432 792
432 176 792
229 681 829
829 229 681
681 229 829
346 670 1299
1299 346 670
670 346 1299
1193 374 900
374 900 1193
900 374 1193
87 855 1230
855 87 1230
1230 87 855
503 372 589
372 503 589
589 372 503
807 112 415
112 415 807
415 112 807
276 497 1262
497 276 1262
1262 276 497
1178 173 927
173 927 1178
927 173 1178
477 1292 1341
1341 477 1292
1292 477 1341
443 824 1219
1219 443 824
824 443 1219
1096 298 1213
298 1096 1213
1213 298 1096
649 543 1297
543 649 1297
1297 543 649
1192 241 482
482 241 1192
241 482 1192
1032 666 1444
666 1032 1444
1444 666 1032
382 442 445
442 382 445
445 382 442
982 106 733
733 106 982
106 733 982
1283 1109 1203
1109 1203 1283
1203 1109 1283
186 233 488
488 186 233
233 186 488
1309 1030 1068
1068 1030 1309
1030 1068 1309
609 1033 1468
1033 609 1468
1468 609 1033
1362 1127 1358
1358 1127 1362
1127 1358 1362
889 438 902
902 438 889
438 889 902
1161 603 676
676 603 1161
603 676 1161
369 30 418
418 30 369
30 369 418
808 1079 1443
1443 808 1079
1079 808 1443
622 164 581
581 164 622
164 581 622
56 232 345
345 56 232
232 56 345
52 1038 1327
1327 52 1038
1038 52 1327
1119 197 1363
197 1119 1363
1363 197 1119
724 82 1060
82 724 1060
1060 82 724
329 645 1098
1098 329 645
645 329 1098
132 305 831
831 132 305
305 132 831
965 27 68
68 27 965
27 68 965
1306 403 897
897 403 1306
403 897 1306
1347 1159 1427
1159 1347 1427
1427 1159 1347
1036 1074 1139
1139 1036 1074
1074 1036 1139
612 912 1319
1319 612 912
912 612 1319
81 200 551
200 81 551
551 81 200
582 479 1268
1268 479 582
479 582 1268
785 565 592
592 565 785
565 592 785
319 481 1365
481 319 1365
1365 319 481
252 373 1108
1108 252 373
373 252 1108
108 248 1017
248 108 1017
1017 108 248
1094 258 1138
258 1094 1138
1138 258 1094
1277 1335 1484
1484 1277 1335
1335 1277 1484
283 798 815
815 283 798
798 283 815
1055 320 1128
320 1055 1128
1128 320 1055
598 291 691
291 598 691
691 291 598
1135 151 579
579 151 1135
151 579 1135
1477 336 385
336 385 1477
385 336 1477
257 91 139
139 91 257
91 139 257
1066 1129 1293
1129 1066 1293
1293 1066 1129
762 101 228
101 228 762
228 101 762
899 474 1238
1238 474 899
474 899 1238
1472 847 1493
1493 847 1472
847 1472 1493
1359 635 767
635 767 1359
767 635 1359
776 84 264
84 264 776
264 84 776
1266 328 524
328 524 1266
524 328 1266
1325 880 1156
880 1156 1325
1156 880 1325
972 102 677
102 677 972
677 102 972
109 797 991
797 109 991
991 109 797
1395 467 1374
1374 467 1395
467 1374 1395
959 143 1010
1010 143 959
143 959 1010
464 76 1328
76 464 1328
1328 76 464
1086 1294 1483
1294 1086 1483
1483 1086 1294
641 576 1480
576 641 1480
1480 576 641
833 47 765
47 765 833
765 47 833
595 107 409
107 409 595
409 107 595
1423 529 1376
529 1376 1423
1376 529 1423
124 86 188
188 86 124
86 124 188
702 1006 1482
1006 702 1482
1482 702 1006
18 67 85
67 18 85
85 18 67
748 955 1301
955 748 1301
1301 748 955
38 42 1023
1023 38 42
42 38 1023
421 465 613
465 421 613
613 421 465
2 206 1228
206 2 1228
1228 2 206
648 811 962
811 648 962
962 648 811
1368 9 1420
9 1368 1420
1420 9 1368
1357 114 511
511 114 1357
114 511 1357
1322 21 615
615 21 1322
21 615 1322
312 839 946
946 312 839
839 312 946
703 1050 1453
1453 703 1050
1050 703 1453
11 870 1201
870 11 1201
1201 11 870
534 130 684
130 534 684
684 130 534
1389 247 1323
1323 247 1389
247 1323 1389
871 1026 1207
1026 871 1207
1207 871 1026
1429 126 1353
1353 126 1429
126 1353 1429
31 710 919
710 31 919
919 31 710
1435 512 763
763 512 1435
512 763 1435
882 12 865
865 12 882
12 865 882
988 779 848
848 779 988
779 848 988
845 371 693
371 693 845
693 371 845
1136 1065 1144
1065 1136 1144
1144 1065 1136
539 185 463
463 185 539
185 463 539
366 1199 1475
1199 366 1475
1475 366 1199
1485 33 1057
1057 33 1485
33 1057 1485
391 945 1092
1092 391 945
945 391 1092
194 99 625
625 99 194
99 194 625
507 156 687
687 156 507
156 507 687
290 266 526
266 290 526
526 266 290
953 234 424
424 234 953
234 424 953
913 573 1184
1184 573 913
573 913 1184
1024 744 822
744 822 1024
822 744 1024
78 161 423
161 78 423
423 78 161
652 379 1012
379 652 1012
1012 379 652
238 342 721
342 238 721
721 238 342
1304 274 616
616 274 1304
274 616 1304
115 537 911
537 115 911
911 115 537
224 504 532
504 224 532
532 224 504
1235 876 1339
1339 876 1235
876 1235 1339
1375 22 861
22 861 1375
861 22 1375
1232 286 1291
286 1232 1291
1291 286 1232
735 72 558
558 72 735
72 558 735
13 431 725
725 13 431
431 13 725
262 978 1191
1191 262 978
978 262 1191
1084 483 499
483 499 1084
499 483 1084
356 584 730
584 356 730
730 356 584
984 502 834
502 834 984
834 502 984
1441 466 610
610 466 1441
466 610 1441
1351 340 1295
340 1295 1351
1295 340 1351
1467 586 1370
586 1370 1467
1370 586 1467
653 1175 1426
1426 653 1175
1175 653 1426
513 199 661
661 199 513
199 513 661
932 1270 1492
1270 932 1492
1492 932 1270
1437 96 332
96 332 1437
332 96 1437
416 39 1458
1458 39 416
39 416 1458
716 446 757
757 446 716
446 716 757
53 895 916
916 53 895
895 53 916
125 758 1386
1386 125 758
758 125 1386
544 485 909
909 485 544
485 544 909
90 494 800
800 90 494
494 90 800
1336 1240 1367
1367 1240 1336
1240 1336 1367
892 852 924
852 892 924
924 852 892
671 753 1049
1049 671 753
753 671 1049
167 985 1411
1411 167 985
985 167 1411
1211 700 1209
700 1209 1211
1209 700 1211
887 470 1489
470 887 1489
1489 470 887
1188 651 1371
651 1188 1371
1371 651 1188
566 160 961
160 566 961
961 160 566
1046 364 554
554 364 1046
364 554 1046
976 881 1364
881 976 1364
1364 881 976
934 545 627
545 627 934
627 545 934
520 1143 1315
1315 520 1143
1143 520 1315
690 384 1244
1244 384 690
384 690 1244
1377 638 987
638 987 1377
987 638 1377
631 331 1111
331 631 1111
1111 331 631
1439 279 930
279 930 1439
930 279 1439
3 624 1300
1300 3 624
624 3 1300
277 236 1153
1153 236 277
236 277 1153
559 990 1379
1379 559 990
990 559 1379
1101 377 1197
1197 377 1101
377 1101 1197
1061 307 359
359 307 1061
307 359 1061
1177 375 805
375 805 1177
805 375 1177
1102 437 1313
437 1102 1313
1313 437 1102
708 453 954
453 708 954
954 453 708
97 427 1246
1246 97 427
427 97 1246
1388 255 337
255 337 1388
337 255 1388
862 46 888
46 862 888
888 46 862
926 1154 1382
1154 926 1382
1382 926 1154
240 242 906
242 240 906
906 240 242
1434 1433 1448
1448 1433 1434
1433 1434 1448
400 814 1097
1097 400 814
814 400 1097
780 832 1236
1236 780 832
832 780 1236
569 751 827
751 569 827
827 569 751
1289 57 1456
1456 57 1289
57 1289 1456
1005 419 825
419 825 1005
825 419 1005
361 294 1415
294 361 1415
1415 294 361
447 80 368
80 368 447
368 80 447
1354 1345 1471
1471 1345 1354
1345 1354 1471
1151 367 628
367 628 1151
628 367 1151
749 282 1196
282 749 1196
1196 282 749
606 129 280
129 280 606
280 129 606
1391 600 654
654 600 1391
600 654 1391
770 672 989
989 672 770
672 770 989
1118 4 851
4 851 1118
851 4 1118
61 285 673
285 61 673
673 61 285
1227 637 679
679 637 1227
637 679 1227
1150 140 246
140 246 1150
246 140 1150
1413 29 843
843 29 1413
29 843 1413
820 174 746
746 174 820
174 746 820
330 571 1071
571 330 1071
1071 330 571
1185 376 727
376 727 1185
727 376 1185
77 272 1470
1470 77 272
272 77 1470
618 1142 1338
1338 618 1142
1142 618 1338
726 1210 1400
1210 726 1400
1400 726 1210
333 168 1275
168 333 1275
1275 168 333
1384 567 728
728 567 1384
567 728 1384
568 1045 1106
1106 568 1045
1045 568 1106
316 343 1406
343 316 1406
1406 316 343
110 103 1231
1231 103 110
103 110 1231
94 580 1405
1405 94 580
580 94 1405
935 585 675
675 585 935
585 675 935
243 14 1414
1414 14 243
14 243 1414
1212 535 640
640 535 1212
535 640 1212
459 608 938
608 459 938
938 459 608
1176 860 1316
860 1176 1316
1316 860 1176
259 404 1496
1496 259 404
404 259 1496
525 450 783
450 525 783
783 450 525
293 44 1194
44 293 1194
1194 44 293
449 302 659
302 449 659
659 302 449
440 564 1162
1162 440 564
564 440 1162
1285 187 1490
1490 187 1285
187 1285 1490
396 964 1392
1392 396 964
964 396 1392
1381 211 392
211 392 1381
392 211 1381
983 1043 1321
1321 983 1043
1043 983 1321
752 455 719
719 455 752
455 719 752
32 35 550
550 32 35
35 32 550
1450 435 893
435 893 1450
893 435 1450
249 120 1288
120 249 1288
1288 120 249
352 1103 1310
1103 352 1310
1310 352 1103
772 1186 1222
1222 772 1186
1186 772 1222
662 1217 1402
1217 662 1402
1402 662 1217
936 577 667
577 667 936
667 577 936
951 1000 1051
1000 951 1051
1051 951 1000
303 271 1486
1486 271 303
271 303 1486
49 388 907
388 49 907
907 49 388
1418 116 698
698 116 1418
116 698 1418
273 410 552
552 273 410
410 273 552
898 809 854
854 809 898
809 854 898
380 171 886
886 171 380
171 380 886
1276 597 771
597 771 1276
771 597 1276
475 83 1425
1425 83 475
83 475 1425
318 195 1168
1168 195 318
195 318 1168
943 281 1008
281 943 1008
1008 281 943
813 901 952
952 813 901
901 813 952
1042 980 1062
1062 980 1042
980 1042 1062
1093 840 863
840 863 1093
863 840 1093
973 921 1099
1099 921 973
921 973 1099
796 88 626
88 626 796
626 88 796
696 213 755
755 213 696
213 696 755
1442 147 686
147 686 1442
686 147 1442
963 583 647
647 583 963
583 647 963
362 915 1419
915 362 1419
1419 362 915
1003 214 1436
214 1003 1436
1436 214 1003
739 334 602
602 334 739
334 602 739
