114042 50761 89678
89678 50761 114042
50761 89678 114042
113317 101913 103212
101913 103212 113317
103212 101913 113317
36260 29654 140734
140734 29654 36260
29654 36260 140734
96451 35544 142500
35544 96451 142500
142500 35544 96451
72935 76264 82696
76264 72935 82696
82696 72935 76264
80228 73957 86072
86072 73957 80228
73957 80228 86072
96312 31714 56195
56195 31714 96312
31714 56195 96312
96010 117287 145790
117287 96010 145790
145790 96010 117287
21577 137991 144377
144377 21577 137991
137991 21577 144377
121389 125574 136883
136883 121389 125574
125574 121389 136883
32060 41005 138944
138944 32060 41005
41005 32060 138944
280 23142 46624
46624 280 23142
23142 280 46624
39887 79948 122798
79948 39887 122798
122798 39887 79948
28473 34564 126105
126105 28473 34564
34564 28473 126105
5177 25168 62398
25168 5177 62398
62398 5177 25168
86259 16350 45263
45263 16350 86259
16350 45263 86259
30237 102805 148456
102805 30237 148456
148456 30237 102805
105004 57965 130319
130319 57965 105004
57965 105004 130319
89158 17172 69413
69413 17172 89158
17172 69413 89158
20699 142119 149975
149975 20699 142119
142119 20699 149975
114889 52949 62514
62514 52949 114889
52949 62514 114889
51041 18523 29844
29844 18523 51041
18523 29844 51041
24944 76537 97657
97657 24944 76537
76537 24944 97657
5707 58870 75410
75410 5707 58870
58870 5707 75410
79206 115050 116423
115050 79206 116423
116423 79206 115050
62023 26470 49801
26470 49801 62023
49801 26470 62023
20281 85962 141044
141044 20281 85962
85962 20281 141044
79039 61704 86582
86582 61704 79039
61704 79039 86582
72452 19733 29630
19733 29630 72452
29630 19733 72452
3791 32597 140465
140465 3791 32597
32597 3791 140465
30932 108117 122551
122551 30932 108117
108117 30932 122551
42668 2653 122081
122081 2653 42668
2653 42668 122081
140042 5392 126486
126486 5392 140042
5392 126486 140042
79537 63957 85808
63957 79537 85808
85808 63957 79537
142790 96061 131677
131677 96061 142790
96061 131677 142790
126879 13853 130537
13853 126879 130537
130537 13853 126879
71187 40673 95510
40673 71187 95510
95510 40673 71187
61650 47692 105424
47692 61650 105424
105424 47692 61650
44050 43407 63418
43407 44050 63418
63418 43407 44050
49586 11514 134369
134369 11514 49586
11514 49586 134369
46781 53924 113820
53924 46781 113820
113820 46781 53924
4510 18547 65073
65073 4510 18547
18547 4510 65073
104268 26421 88508
26421 88508 104268
88508 26421 104268
128131 81992 127615
81992 127615 128131
127615 81992 128131
41736 26843 135165
26843 41736 135165
135165 26843 41736
33376 68521 135327
135327 33376 68521
68521 33376 135327
120457 860 144575
144575 860 120457
860 120457 144575
120157 40463 137120
40463 120157 137120
137120 40463 120157
143022 40330 119659
40330 119659 143022
119659 40330 143022
131257 21500 98886
21500 98886 131257
98886 21500 131257
92001 19099 79698
19099 79698 92001
79698 19099 92001
147624 98247 103644
98247 103644 147624
103644 98247 147624
91616 19227 49515
19227 49515 91616
49515 19227 91616
144344 51276 109009
51276 109009 144344
109009 51276 144344
18700 30525 31116
30525 18700 31116
31116 18700 30525
6298 7171 136386
136386 6298 7171
7171 6298 136386
77921 52737 76735
76735 52737 77921
52737 76735 77921
26176 76630 96604
96604 26176 76630
76630 26176 96604
41439 2126 7275
2126 7275 41439
7275 2126 41439
68796 36307 130045
130045 36307 68796
36307 68796 130045
70311 56543 144009
144009 56543 70311
56543 70311 144009
119842 6019 46540
46540 6019 119842
6019 46540 119842
82095 90800 135942
135942 82095 90800
90800 82095 135942
86663 9887 15493
15493 9887 86663
9887 15493 86663
25630 55192 115728
55192 25630 115728
115728 25630 55192
138664 961 51768
961 51768 138664
51768 961 138664
54544 13474 28758
28758 13474 54544
13474 28758 54544
15203 35880 60409
60409 15203 35880
35880 15203 60409
45368 125437 133177
125437 45368 133177
133177 45368 125437
138044 68311 122818
122818 68311 138044
68311 122818 138044
14695 39654 124383
39654 14695 124383
124383 14695 39654
32403 32505 102911
102911 32403 32505
32505 32403 102911
111402 21930 58815
58815 21930 111402
21930 58815 111402
134895 111310 127088
111310 127088 134895
127088 111310 134895
142886 57584 93411
93411 57584 142886
57584 93411 142886
55803 46369 72288
72288 46369 55803
46369 55803 72288
112748 126707 148403
148403 112748 126707
126707 112748 148403
93068 26889 88998
88998 26889 93068
26889 88998 93068
85324 14154 15741
15741 14154 85324
14154 15741 85324
8079 59287 79222
79222 8079 59287
59287 8079 79222
53443 94422 108156
94422 53443 108156
108156 53443 94422
130915 28286 90968
28286 90968 130915
90968 28286 130915
17857 11909 140382
140382 11909 17857
11909 17857 140382
44769 93357 106731
106731 44769 93357
93357 44769 106731
46553 73164 99493
99493 46553 73164
73164 46553 99493
117668 109464 123917
123917 109464 117668
109464 117668 123917
128902 40959 66900
40959 66900 128902
66900 40959 128902
68208 128372 147818
147818 68208 128372
128372 68208 147818
67771 59203 84294
59203 67771 84294
84294 59203 67771
68831 17197 56633
17197 56633 68831
56633 17197 68831
133662 110257 123584
110257 123584 133662
123584 110257 133662
93103 30792 61745
30792 61745 93103
61745 30792 93103
80762 25475 54776
54776 25475 80762
25475 54776 80762
36938 52919 76749
76749 36938 52919
52919 36938 76749
15524 92791 137336
92791 15524 137336
137336 15524 92791
148862 53508 140202
53508 140202 148862
140202 53508 148862
127518 64483 133309
133309 64483 127518
64483 127518 133309
103932 37242 132542
37242 103932 132542
132542 37242 103932
129744 25634 65902
25634 65902 129744
65902 25634 129744
12450 97244 108704
97244 12450 108704
108704 12450 97244
15186 32661 96508
32661 15186 96508
96508 15186 32661
113462 58446 142880
58446 113462 142880
142880 58446 113462
97666 17623 38719
17623 38719 97666
38719 17623 97666
101796 69271 133957
69271 101796 133957
133957 69271 101796
131090 13079 98657
13079 98657 131090
98657 13079 131090
86365 105714 108452
108452 86365 105714
105714 86365 108452
133320 8053 46087
46087 8053 133320
8053 46087 133320
73891 12350 15992
15992 12350 73891
12350 15992 73891
12964 12274 141561
141561 12274 12964
12274 12964 141561
104566 78786 105571
78786 104566 105571
105571 78786 104566
22310 57327 104589
57327 22310 104589
104589 22310 57327
94099 1321 118467
118467 1321 94099
1321 94099 118467
21126 22896 36611
22896 21126 36611
36611 21126 22896
93009 64546 146958
146958 64546 93009
64546 93009 146958
43594 89113 103513
103513 43594 89113
89113 43594 103513
122720 9636 127817
127817 9636 122720
9636 122720 127817
74694 10644 127311
127311 10644 74694
10644 74694 127311
9637 30305 127127
127127 9637 30305
30305 9637 127127
48999 72564 81144
81144 48999 72564
72564 48999 81144
127240 11137 61244
61244 11137 127240
11137 61244 127240
23535 103539 114369
103539 23535 114369
114369 23535 103539
101599 50530 111748
111748 50530 101599
50530 101599 111748
124921 109511 127908
127908 109511 124921
109511 124921 127908
8784 33364 141624
141624 8784 33364
33364 8784 141624
76241 14194 89152
14194 76241 89152
89152 14194 76241
144299 108288 137266
137266 108288 144299
108288 137266 144299
112540 2019 10643
2019 10643 112540
10643 2019 112540
20370 52323 60934
52323 20370 60934
60934 20370 52323
130509 4716 94137
4716 94137 130509
94137 4716 130509
135848 84632 127971
84632 127971 135848
127971 84632 135848
51476 2683 74435
74435 2683 51476
2683 51476 74435
57610 2884 138435
138435 2884 57610
2884 57610 138435
5951 121144 127334
127334 5951 121144
121144 5951 127334
50825 98566 118447
98566 50825 118447
118447 50825 98566
58604 45401 74897
45401 58604 74897
74897 45401 58604
68302 53821 101728
101728 53821 68302
53821 68302 101728
29470 68010 103999
103999 29470 68010
68010 29470 103999
72775 100811 111172
100811 72775 111172
111172 72775 100811
63588 66706 70940
66706 63588 70940
70940 63588 66706
45930 12142 72107
72107 12142 45930
12142 45930 72107
119651 25377 62675
62675 25377 119651
25377 62675 119651
147293 2633 42909
2633 42909 147293
42909 2633 147293
121 28078 93434
93434 121 28078
28078 121 93434
65172 33972 137996
33972 65172 137996
137996 33972 65172
94346 23185 88978
23185 88978 94346
88978 23185 94346
72673 35434 124103
124103 35434 72673
35434 72673 124103
29248 33057 147177
147177 29248 33057
33057 29248 147177
28825 52825 117527
52825 28825 117527
117527 28825 52825
70774 81106 85746
81106 70774 85746
85746 70774 81106
55111 23933 60473
60473 23933 55111
23933 55111 60473
110748 52944 148839
52944 110748 148839
148839 52944 110748
14720 85662 132429
132429 14720 85662
85662 14720 132429
100956 7654 59329
7654 59329 100956
59329 7654 100956
21705 147840 149678
147840 21705 149678
149678 21705 147840
20491 67272 119332
119332 20491 67272
67272 20491 119332
131350 21864 55367
55367 21864 131350
21864 55367 131350
49031 19950 120411
19950 49031 120411
120411 19950 49031
45575 91412 94770
91412 45575 94770
94770 45575 91412
72445 99075 112415
112415 72445 99075
99075 72445 112415
86711 16603 72928
16603 72928 86711
72928 16603 86711
37916 98128 111013
111013 37916 98128
98128 37916 111013
88373 30491 53675
30491 53675 88373
53675 30491 88373
140089 90074 144008
90074 140089 144008
144008 90074 140089
84428 6223 133600
6223 84428 133600
133600 6223 84428
41543 29780 72587
29780 41543 72587
72587 29780 41543
56098 10713 27688
10713 27688 56098
27688 10713 56098
19420 143219 148886
143219 19420 148886
148886 19420 143219
105562 40568 107550
40568 105562 107550
107550 40568 105562
115328 54734 97198
97198 54734 115328
54734 97198 115328
105159 76842 89525
76842 89525 105159
89525 76842 105159
97817 61982 143118
143118 61982 97817
61982 97817 143118
53445 107923 128117
107923 53445 128117
128117 53445 107923
8457 18348 102562
18348 8457 102562
102562 8457 18348
23041 35872 96452
96452 23041 35872
35872 23041 96452
149492 46332 103047
103047 46332 149492
46332 103047 149492
41959 77986 144703
144703 41959 77986
77986 41959 144703
77125 40068 107656
40068 77125 107656
107656 40068 77125
65700 50724 106439
50724 65700 106439
106439 50724 65700
67263 38092 112297
112297 38092 67263
38092 67263 112297
144348 110533 138358
110533 138358 144348
138358 110533 144348
24750 64024 111879
64024 24750 111879
111879 24750 64024
80694 6863 46046
6863 46046 80694
46046 6863 80694
33675 18773 29263
18773 29263 33675
29263 18773 33675
103510 33595 52303
33595 52303 103510
52303 33595 103510
94785 137807 147549
137807 94785 147549
147549 94785 137807
25565 45703 123598
45703 25565 123598
123598 25565 45703
50075 5545 13943
5545 13943 50075
13943 5545 50075
30581 19159 80620
80620 19159 30581
19159 30581 80620
43632 10129 52203
10129 43632 52203
52203 10129 43632
17191 9405 90297
90297 9405 17191
9405 17191 90297
111967 9173 35445
35445 9173 111967
9173 35445 111967
47542 49563 92629
92629 47542 49563
49563 47542 92629
4462 39398 100833
39398 4462 100833
100833 4462 39398
91498 67582 71107
71107 67582 91498
67582 71107 91498
124322 95503 109905
95503 109905 124322
109905 95503 124322
62632 25890 131994
25890 62632 131994
131994 25890 62632
52976 122522 148616
148616 52976 122522
122522 52976 148616
92132 110923 147247
110923 92132 147247
147247 92132 110923
131051 40085 128207
128207 40085 131051
40085 128207 131051
14323 24605 61171
61171 14323 24605
24605 14323 61171
93390 932 65399
932 65399 93390
65399 932 93390
59279 121704 137492
137492 59279 121704
121704 59279 137492
29461 32547 111313
32547 29461 111313
111313 29461 32547
81283 11509 120806
11509 81283 120806
120806 11509 81283
3868 47378 75881
47378 3868 75881
75881 3868 47378
71810 5347 116855
116855 5347 71810
5347 71810 116855
139830 13709 80289
80289 13709 139830
13709 80289 139830
101091 61135 76389
61135 76389 101091
76389 61135 101091
44287 39918 101109
39918 44287 101109
101109 39918 44287
79864 2186 93126
93126 2186 79864
2186 79864 93126
37869 10832 56069
56069 10832 37869
10832 37869 56069
4134 10326 73778
10326 4134 73778
73778 4134 10326
88010 5688 51193
5688 51193 88010
51193 5688 88010
91971 49465 78077
49465 78077 91971
78077 49465 91971
33267 235 16834
16834 235 33267
235 16834 33267
7169 36613 97067
97067 7169 36613
36613 7169 97067
75422 51478 139085
51478 75422 139085
139085 51478 75422
16848 407 47030
407 16848 47030
47030 407 16848
148794 80548 104914
80548 104914 148794
104914 80548 148794
81083 97375 99717
97375 81083 99717
99717 81083 97375
104883 64898 89849
64898 89849 104883
89849 64898 104883
4301 25717 65748
25717 4301 65748
65748 4301 25717
13494 253 124225
124225 253 13494
253 13494 124225
45227 694 24022
694 24022 45227
24022 694 45227
121286 4618 144285
144285 4618 121286
4618 121286 144285
92615 83566 149339
83566 92615 149339
149339 83566 92615
103614 56816 121501
56816 103614 121501
121501 56816 103614
11350 40072 97027
97027 11350 40072
40072 11350 97027
75875 28273 93815
93815 28273 75875
28273 75875 93815
51525 2764 74059
2764 51525 74059
74059 2764 51525
109967 71642 131014
131014 71642 109967
71642 109967 131014
101211 64118 90646
90646 64118 101211
64118 90646 101211
30940 6002 105785
6002 30940 105785
105785 6002 30940
144937 23781 34065
34065 23781 144937
23781 34065 144937
76238 39397 139685
39397 76238 139685
139685 39397 76238
48233 10868 71712
10868 48233 71712
71712 10868 48233
117310 10049 118229
10049 117310 118229
118229 10049 117310
517 25401 25664
25664 517 25401
25401 517 25664
108679 20770 124443
124443 20770 108679
20770 108679 124443
41444 40949 128883
40949 41444 128883
128883 40949 41444
75371 20185 101617
20185 75371 101617
101617 20185 75371
107090 126349 147120
147120 107090 126349
126349 107090 147120
146962 82001 131334
131334 82001 146962
82001 131334 146962
72568 23708 124377
124377 23708 72568
23708 72568 124377
148674 64107 140074
64107 140074 148674
140074 64107 148674
124653 55244 94225
94225 55244 124653
55244 94225 124653
128935 29476 86035
86035 29476 128935
29476 86035 128935
58025 31862 63965
31862 58025 63965
63965 31862 58025
90256 86114 99547
99547 86114 90256
86114 90256 99547
82122 4591 145507
4591 82122 145507
145507 4591 82122
122097 125361 134631
125361 122097 134631
134631 122097 125361
91003 73759 115885
115885 73759 91003
73759 91003 115885
106719 67315 97622
67315 97622 106719
97622 67315 106719
47766 73390 140914
140914 47766 73390
73390 47766 140914
46182 102625 106306
106306 46182 102625
102625 46182 106306
22549 26244 84822
84822 22549 26244
26244 22549 84822
33308 18965 34950
18965 33308 34950
34950 18965 33308
110374 10506 138410
138410 10506 110374
10506 110374 138410
26780 21441 121943
121943 21441 26780
21441 26780 121943
2140 28144 134754
134754 2140 28144
28144 2140 134754
141874 64711 140676
64711 140676 141874
140676 64711 141874
87383 19403 147410
19403 87383 147410
147410 19403 87383
35280 591 6746
6746 591 35280
591 6746 35280
62710 89852 90823
90823 62710 89852
89852 62710 90823
127199 51033 128359
128359 51033 127199
51033 127199 128359
35841 21749 91772
21749 35841 91772
91772 21749 35841
132232 121587 127573
127573 121587 132232
121587 127573 132232
99007 100102 139642
100102 99007 139642
139642 99007 100102
81060 19450 130627
130627 19450 81060
19450 81060 130627
110802 2686 41483
2686 41483 110802
41483 2686 110802
90191 66688 87766
87766 66688 90191
66688 87766 90191
148752 26650 104439
104439 26650 148752
26650 104439 148752
55112 87065 147808
87065 55112 147808
147808 55112 87065
86749 99798 126420
126420 86749 99798
99798 86749 126420
9684 49013 131691
49013 9684 131691
131691 9684 49013
6040 4468 15113
4468 6040 15113
15113 4468 6040
34755 5234 87516
87516 5234 34755
5234 34755 87516
83831 3936 44441
44441 3936 83831
3936 44441 83831
19155 83942 89440
89440 19155 83942
83942 19155 89440
2342 27872 68363
68363 2342 27872
27872 2342 68363
98349 20343 108329
20343 98349 108329
108329 20343 98349
131705 115117 129509
129509 115117 131705
115117 129509 131705
141774 51987 79109
79109 51987 141774
51987 79109 141774
64519 13308 46591
13308 46591 64519
46591 13308 64519
144117 8536 136981
136981 8536 144117
8536 136981 144117
39800 40319 145075
145075 39800 40319
40319 39800 145075
121822 82336 106079
82336 106079 121822
106079 82336 121822
97780 32874 81563
32874 81563 97780
81563 32874 97780
65438 2442 115608
2442 65438 115608
115608 2442 65438
1415 23816 132589
132589 1415 23816
23816 1415 132589
49220 2206 3153
3153 2206 49220
2206 3153 49220
105097 110612 143917
143917 105097 110612
110612 105097 143917
89904 131520 149133
149133 89904 131520
131520 89904 149133
123143 11758 116499
116499 11758 123143
11758 116499 123143
21660 8465 32585
8465 21660 32585
32585 8465 21660
111300 105306 116627
116627 105306 111300
105306 111300 116627
76536 41966 69072
41966 69072 76536
69072 41966 76536
134650 65 103793
103793 65 134650
65 103793 134650
95827 54759 55753
55753 54759 95827
54759 55753 95827
48496 95057 115404
115404 48496 95057
95057 48496 115404
34183 6964 141391
6964 34183 141391
141391 6964 34183
11532 46277 98503
46277 11532 98503
98503 11532 46277
138343 4672 134921
4672 134921 138343
134921 4672 138343
16922 53959 142521
142521 16922 53959
53959 16922 142521
109624 35889 140426
140426 35889 109624
35889 109624 140426
18213 23572 123682
123682 18213 23572
23572 18213 123682
111856 943 60148
943 60148 111856
60148 943 111856
120941 7075 18081
7075 18081 120941
18081 7075 120941
73752 86272 107628
86272 73752 107628
107628 73752 86272
44037 33034 133225
133225 33034 44037
33034 44037 133225
20003 50563 83916
83916 20003 50563
50563 20003 83916
144121 67084 112236
112236 67084 144121
67084 112236 144121
1302 18299 107822
107822 1302 18299
18299 1302 107822
62771 5680 11004
11004 5680 62771
5680 11004 62771
72485 65384 81041
81041 65384 72485
65384 72485 81041
73560 13110 42178
42178 13110 73560
13110 42178 73560
109068 20839 87605
87605 20839 109068
20839 87605 109068
49216 51084 73457
51084 49216 73457
73457 49216 51084
60174 22604 102174
22604 60174 102174
102174 22604 60174
78920 104907 148555
148555 78920 104907
104907 78920 148555
2769 18208 20943
20943 2769 18208
18208 2769 20943
32719 20901 51148
51148 20901 32719
20901 32719 51148
109330 96270 123877
123877 96270 109330
96270 109330 123877
105980 122387 125814
122387 105980 125814
125814 105980 122387
63379 73791 141124
141124 63379 73791
73791 63379 141124
20678 18372 96362
96362 18372 20678
18372 20678 96362
59032 7997 68840
7997 59032 68840
68840 7997 59032
47259 83895 120043
83895 47259 120043
120043 47259 83895
119440 21567 92912
92912 21567 119440
21567 92912 119440
23586 738 77831
738 23586 77831
77831 738 23586
27176 39444 67986
67986 27176 39444
39444 27176 67986
64335 127155 129355
127155 64335 129355
129355 64335 127155
90119 70907 77920
77920 70907 90119
70907 77920 90119
74591 22829 113284
22829 74591 113284
113284 22829 74591
84387 55267 64796
64796 55267 84387
55267 64796 84387
131921 28422 95384
28422 95384 131921
95384 28422 131921
117907 13185 35574
35574 13185 117907
13185 35574 117907
79946 41030 52215
52215 41030 79946
41030 52215 79946
42277 71330 97909
97909 42277 71330
71330 42277 97909
32576 8698 9193
8698 9193 32576
9193 8698 32576
8145 26285 84338
26285 8145 84338
84338 8145 26285
128078 3869 64249
64249 3869 128078
3869 64249 128078
44081 13000 91588
13000 44081 91588
91588 13000 44081
123530 16995 50946
50946 16995 123530
16995 50946 123530
144428 10637 16612
10637 16612 144428
16612 10637 144428
95825 37752 84117
84117 37752 95825
37752 84117 95825
61237 26396 94370
26396 61237 94370
94370 26396 61237
18789 72147 128164
128164 18789 72147
72147 18789 128164
119821 29905 45505
45505 29905 119821
29905 45505 119821
76388 44101 65714
44101 65714 76388
65714 44101 76388
19136 90690 105381
90690 19136 105381
105381 19136 90690
89646 24012 96211
96211 24012 89646
24012 89646 96211
140134 41923 83668
83668 41923 140134
41923 83668 140134
47707 84899 110081
110081 47707 84899
84899 47707 110081
65704 58322 61758
58322 61758 65704
61758 58322 65704
54192 62540 144027
144027 54192 62540
62540 54192 144027
11589 112840 145609
112840 11589 145609
145609 11589 112840
117630 9854 131053
9854 117630 131053
131053 9854 117630
123046 32073 66434
32073 66434 123046
66434 32073 123046
124820 46978 148650
46978 124820 148650
148650 46978 124820
111689 5975 32112
32112 5975 111689
5975 32112 111689
13178 74944 146153
74944 13178 146153
146153 13178 74944
97978 69092 102500
102500 69092 97978
69092 97978 102500
87123 75922 81252
75922 81252 87123
81252 75922 87123
13173 24881 86290
24881 13173 86290
86290 13173 24881
51079 39416 127105
39416 51079 127105
127105 39416 51079
110786 13904 57012
57012 13904 110786
13904 57012 110786
25022 41002 80962
80962 25022 41002
41002 25022 80962
40392 70340 107320
70340 40392 107320
107320 40392 70340
21678 15472 144831
15472 21678 144831
144831 15472 21678
86681 67729 76654
76654 67729 86681
67729 76654 86681
26825 26616 127696
127696 26616 26825
26616 26825 127696
91158 61970 145711
145711 61970 91158
61970 91158 145711
59065 25903 86794
25903 59065 86794
86794 25903 59065
95090 62943 120974
120974 62943 95090
62943 95090 120974
72565 109633 110139
110139 72565 109633
109633 72565 110139
44858 46457 147214
46457 44858 147214
147214 44858 46457
19006 20867 62183
20867 19006 62183
62183 19006 20867
95125 4604 82594
82594 4604 95125
4604 82594 95125
85308 40730 74220
40730 74220 85308
74220 40730 85308
107549 27226 138100
138100 27226 107549
27226 107549 138100
16447 6792 90038
6792 16447 90038
90038 6792 16447
81045 74350 147653
74350 81045 147653
147653 74350 81045
16379 104509 142150
142150 16379 104509
104509 16379 142150
40625 12132 95901
95901 12132 40625
12132 40625 95901
41885 23722 29535
23722 29535 41885
29535 23722 41885
846 85578 136191
85578 846 136191
136191 846 85578
102509 38704 45770
38704 45770 102509
45770 38704 102509
79986 34880 64415
34880 64415 79986
64415 34880 79986
17590 85665 89433
89433 17590 85665
85665 17590 89433
69475 67429 86964
67429 69475 86964
86964 67429 69475
5281 130446 149038
130446 5281 149038
149038 5281 130446
18623 17982 74873
74873 17982 18623
17982 18623 74873
18013 57477 102441
57477 18013 102441
102441 18013 57477
124032 57107 99441
99441 57107 124032
57107 99441 124032
106730 20954 140783
140783 20954 106730
20954 106730 140783
144582 29992 57447
29992 57447 144582
57447 29992 144582
17423 8180 126764
126764 8180 17423
8180 17423 126764
4752 50146 68515
50146 4752 68515
68515 4752 50146
31916 22621 97329
97329 22621 31916
22621 31916 97329
83282 4715 109562
4715 83282 109562
109562 4715 83282
146832 44059 144413
44059 144413 146832
144413 44059 146832
113614 28710 90123
90123 28710 113614
28710 90123 113614
142722 50707 103514
103514 50707 142722
50707 103514 142722
48903 17545 74848
17545 48903 74848
74848 17545 48903
107358 46503 125753
125753 46503 107358
46503 107358 125753
115009 20058 136933
136933 20058 115009
20058 115009 136933
124755 70006 138613
70006 124755 138613
138613 70006 124755
85188 23460 95528
95528 23460 85188
23460 85188 95528
53549 48653 79682
79682 48653 53549
48653 53549 79682
105710 80618 142129
142129 80618 105710
80618 105710 142129
114477 54384 65538
65538 54384 114477
54384 65538 114477
17948 75080 139103
139103 17948 75080
75080 17948 139103
114710 93008 149493
93008 114710 149493
149493 93008 114710
40626 62802 148709
148709 40626 62802
62802 40626 148709
95980 86067 91049
91049 86067 95980
86067 91049 95980
116543 7728 130229
130229 7728 116543
7728 116543 130229
144356 19707 70837
70837 19707 144356
19707 70837 144356
29268 90047 101369
101369 29268 90047
90047 29268 101369
127917 9976 125972
125972 9976 127917
9976 125972 127917
92498 49674 125559
49674 92498 125559
125559 49674 92498
14291 43703 104838
43703 14291 104838
104838 14291 43703
54435 10383 39076
10383 39076 54435
39076 10383 54435
94953 65461 105063
65461 94953 105063
105063 65461 94953
22646 65285 138998
65285 22646 138998
138998 22646 65285
16474 34090 70054
34090 16474 70054
70054 16474 34090
147299 28812 74032
28812 74032 147299
74032 28812 147299
33517 35073 142243
142243 33517 35073
35073 33517 142243
23812 43157 146388
146388 23812 43157
43157 23812 146388
30777 10555 87549
87549 10555 30777
10555 30777 87549
29505 11606 84796
84796 11606 29505
11606 29505 84796
32742 5129 48724
5129 32742 48724
48724 5129 32742
116429 25195 90505
90505 25195 116429
25195 90505 116429
52975 21535 124053
21535 52975 124053
124053 21535 52975
25858 43178 71988
71988 25858 43178
43178 25858 71988
83581 70967 84880
70967 83581 84880
84880 70967 83581
17030 81553 117427
81553 17030 117427
117427 17030 81553
84865 139302 149528
149528 84865 139302
139302 84865 149528
146426 57706 68863
68863 57706 146426
57706 68863 146426
110401 37460 100486
37460 100486 110401
100486 37460 110401
103658 95917 132001
132001 95917 103658
95917 103658 132001
50489 7497 60581
7497 50489 60581
60581 7497 50489
87066 9970 65573
65573 9970 87066
9970 65573 87066
17988 104227 105943
104227 17988 105943
105943 17988 104227
80545 111575 123287
123287 80545 111575
111575 80545 123287
5704 10493 21165
10493 5704 21165
21165 5704 10493
96052 24045 55357
24045 55357 96052
55357 24045 96052
98861 24840 60325
60325 24840 98861
24840 60325 98861
146714 58923 109599
58923 109599 146714
109599 58923 146714
91931 37792 114712
114712 37792 91931
37792 91931 114712
95803 81984 97095
81984 95803 97095
97095 81984 95803
124592 28771 69399
69399 28771 124592
28771 69399 124592
96250 25021 98856
98856 25021 96250
25021 96250 98856
67435 106484 125120
106484 67435 125120
125120 67435 106484
118501 38742 131279
38742 118501 131279
131279 38742 118501
111045 106053 143639
106053 111045 143639
143639 106053 111045
147729 41469 65137
65137 41469 147729
41469 65137 147729
85547 3249 149837
3249 85547 149837
149837 3249 85547
25859 41498 49169
49169 25859 41498
41498 25859 49169
12284 41678 79189
79189 12284 41678
41678 12284 79189
149768 7717 146787
146787 7717 149768
7717 146787 149768
29054 78295 131188
78295 29054 131188
131188 29054 78295
94016 84430 119776
119776 84430 94016
84430 94016 119776
103737 54977 82764
82764 54977 103737
54977 82764 103737
21754 62947 137003
62947 21754 137003
137003 21754 62947
85367 28221 64471
64471 28221 85367
28221 64471 85367
64510 16653 137709
16653 64510 137709
137709 16653 64510
93015 15875 138964
138964 15875 93015
15875 93015 138964
86318 48494 64216
48494 64216 86318
64216 48494 86318
37391 83955 129265
129265 37391 83955
83955 37391 129265
140419 86201 133039
86201 133039 140419
133039 86201 140419
1695 34330 94463
94463 1695 34330
34330 1695 94463
127813 447 14011
14011 447 127813
447 14011 127813
84744 104795 143248
143248 84744 104795
104795 84744 143248
94267 50481 61393
50481 61393 94267
61393 50481 94267
6187 39229 78535
39229 6187 78535
78535 6187 39229
134021 80040 95137
95137 80040 134021
80040 95137 134021
130164 103100 122187
103100 122187 130164
122187 103100 130164
71534 36442 125367
36442 71534 125367
125367 36442 71534
101205 13142 111021
13142 101205 111021
111021 13142 101205
143719 3617 33600
33600 3617 143719
3617 33600 143719
71663 81555 93935
81555 71663 93935
93935 71663 81555
103954 6152 36071
36071 6152 103954
6152 36071 103954
118184 109872 128634
128634 109872 118184
109872 118184 128634
7612 17878 147393
17878 7612 147393
147393 7612 17878
65469 27573 54340
54340 27573 65469
27573 54340 65469
149653 67382 122135
122135 67382 149653
67382 122135 149653
63903 92436 145836
145836 63903 92436
92436 63903 145836
35528 82757 120394
82757 35528 120394
120394 35528 82757
89358 3114 58640
58640 3114 89358
3114 58640 89358
63176 57175 57443
57175 57443 63176
57443 57175 63176
40161 1673 74343
1673 40161 74343
74343 1673 40161
94974 50726 124993
50726 94974 124993
124993 50726 94974
11260 88650 120925
120925 11260 88650
88650 11260 120925
112639 12245 82835
12245 82835 112639
82835 12245 112639
68006 30010 55979
55979 30010 68006
30010 55979 68006
89516 23591 26192
23591 26192 89516
26192 23591 89516
56689 27475 101169
101169 27475 56689
27475 56689 101169
128850 19444 120540
120540 19444 128850
19444 120540 128850
1669 108986 117912
108986 1669 117912
117912 1669 108986
134063 6508 25889
25889 6508 134063
6508 25889 134063
68941 54010 81619
54010 68941 81619
81619 54010 68941
145599 111220 148928
148928 111220 145599
111220 145599 148928
135281 73792 116465
116465 73792 135281
73792 116465 135281
117781 113164 133065
133065 113164 117781
113164 117781 133065
123566 79557 122196
79557 122196 123566
122196 79557 123566
35048 58296 124514
58296 35048 124514
124514 35048 58296
11519 4856 84657
84657 4856 11519
4856 11519 84657
86868 99676 126093
99676 86868 126093
126093 86868 99676
38200 36682 50600
36682 38200 50600
50600 36682 38200
111861 11918 118921
11918 111861 118921
118921 11918 111861
131129 21255 130181
130181 21255 131129
21255 130181 131129
123009 30526 126191
126191 30526 123009
30526 123009 126191
106180 43472 127780
127780 43472 106180
43472 106180 127780
148423 7826 60511
7826 60511 148423
60511 7826 148423
77663 76361 122236
76361 77663 122236
122236 76361 77663
99161 16598 74583
16598 74583 99161
74583 16598 99161
3161 28226 59263
28226 3161 59263
59263 3161 28226
132255 75734 97633
75734 97633 132255
97633 75734 132255
141238 23632 33904
33904 23632 141238
23632 33904 141238
109409 101003 101573
101003 101573 109409
101573 101003 109409
98629 92772 101154
92772 98629 101154
101154 92772 98629
34271 101830 124744
124744 34271 101830
101830 34271 124744
114963 90897 97235
97235 90897 114963
90897 97235 114963
93133 15959 119156
119156 15959 93133
15959 93133 119156
24687 82194 86532
82194 24687 86532
86532 24687 82194
29804 118056 127489
127489 29804 118056
118056 29804 127489
105639 127411 147927
127411 105639 147927
147927 105639 127411
49193 1943 77174
77174 1943 49193
1943 49193 77174
129503 27484 147883
27484 129503 147883
147883 27484 129503
78816 95063 140485
95063 78816 140485
140485 78816 95063
32763 103079 139754
139754 32763 103079
103079 32763 139754
92652 56682 100958
100958 56682 92652
56682 92652 100958
68392 93893 98776
93893 68392 98776
98776 68392 93893
142874 48693 135517
135517 48693 142874
48693 135517 142874
95437 36279 97671
97671 36279 95437
36279 95437 97671
101969 10107 109265
109265 10107 101969
10107 101969 109265
102916 128017 142808
128017 102916 142808
142808 102916 128017
27047 75693 140786
75693 27047 140786
140786 27047 75693
9202 131016 148636
131016 9202 148636
148636 9202 131016
141708 41607 58439
41607 58439 141708
58439 41607 141708
117918 92186 149512
92186 117918 149512
149512 92186 117918
7589 16736 57589
16736 7589 57589
57589 7589 16736
78974 36292 47530
47530 36292 78974
36292 47530 78974
119756 41097 61415
61415 41097 119756
41097 61415 119756
116858 13026 23958
13026 23958 116858
23958 13026 116858
99587 51320 120454
120454 51320 99587
51320 99587 120454
70159 9779 10521
9779 10521 70159
10521 9779 70159
120436 63693 136126
63693 120436 136126
136126 63693 120436
129890 20813 134296
20813 129890 134296
134296 20813 129890
123253 1122 116514
1122 116514 123253
116514 1122 123253
101569 15575 122871
15575 101569 122871
122871 15575 101569
68470 90195 102204
90195 68470 102204
102204 68470 90195
93696 85226 115472
85226 93696 115472
115472 85226 93696
84127 32748 94541
32748 84127 94541
94541 32748 84127
62020 13312 142210
13312 62020 142210
142210 13312 62020
94503 94409 148496
94409 94503 148496
148496 94409 94503
15021 3264 52592
3264 15021 52592
52592 3264 15021
113293 40243 54733
40243 54733 113293
54733 40243 113293
28195 45301 87145
45301 28195 87145
87145 28195 45301
100098 103914 149943
149943 100098 103914
103914 100098 149943
132763 113624 116559
113624 116559 132763
116559 113624 132763
38204 234 31147
234 31147 38204
31147 234 38204
42899 69536 86032
86032 42899 69536
69536 42899 86032
125481 12728 68390
12728 68390 125481
68390 12728 125481
112039 103473 137917
137917 103473 112039
103473 112039 137917
57817 92473 109942
109942 57817 92473
92473 57817 109942
59261 39566 130725
39566 59261 130725
130725 39566 59261
4256 61042 146418
146418 4256 61042
61042 4256 146418
45760 34138 83242
34138 45760 83242
83242 34138 45760
130148 78437 109551
78437 109551 130148
109551 78437 130148
47488 97895 99245
99245 47488 97895
97895 47488 99245
83594 33694 77948
33694 77948 83594
77948 33694 83594
136011 3732 96927
3732 96927 136011
96927 3732 136011
10577 41427 74291
41427 10577 74291
74291 10577 41427
85502 75029 94461
94461 75029 85502
75029 85502 94461
22007 5239 74487
74487 5239 22007
5239 22007 74487
93573 45945 71643
71643 45945 93573
45945 71643 93573
130595 24477 144554
24477 130595 144554
144554 24477 130595
33929 78578 139422
78578 33929 139422
139422 33929 78578
70927 18021 57445
18021 57445 70927
57445 18021 70927
37009 80439 136221
136221 37009 80439
80439 37009 136221
36238 34960 128530
34960 36238 128530
128530 34960 36238
141174 45858 129083
45858 129083 141174
129083 45858 141174
46765 9562 49721
9562 46765 49721
49721 9562 46765
15057 17091 115246
17091 15057 115246
115246 15057 17091
111950 116327 126641
116327 111950 126641
126641 111950 116327
11321 24103 140096
24103 11321 140096
140096 11321 24103
50957 16185 30641
30641 16185 50957
16185 30641 50957
103276 24937 39338
39338 24937 103276
24937 39338 103276
103680 52327 146727
52327 103680 146727
146727 52327 103680
19700 24238 124875
124875 19700 24238
24238 19700 124875
103414 62621 86515
62621 86515 103414
86515 62621 103414
97522 7328 94678
94678 7328 97522
7328 94678 97522
101576 36989 83026
36989 83026 101576
83026 36989 101576
29411 19908 92964
19908 29411 92964
92964 19908 29411
4529 66298 139350
139350 4529 66298
66298 4529 139350
61753 81021 127999
81021 61753 127999
127999 61753 81021
144905 37258 89506
89506 37258 144905
37258 89506 144905
15571 4940 56772
56772 4940 15571
4940 15571 56772
72113 561 27927
27927 561 72113
561 27927 72113
106438 92780 113718
113718 92780 106438
92780 106438 113718
34122 10565 139744
139744 10565 34122
10565 34122 139744
77684 116629 130602
130602 77684 116629
116629 77684 130602
5268 9552 44142
9552 5268 44142
44142 5268 9552
32081 78740 114366
78740 32081 114366
114366 32081 78740
129232 16692 71710
16692 71710 129232
71710 16692 129232
142922 24141 118126
118126 24141 142922
24141 118126 142922
138449 25583 134983
134983 25583 138449
25583 134983 138449
100666 121936 131207
121936 100666 131207
131207 100666 121936
114673 99635 124278
124278 99635 114673
99635 114673 124278
65698 7832 131477
131477 7832 65698
7832 65698 131477
131877 9439 82168
9439 82168 131877
82168 9439 131877
77591 103499 144774
144774 77591 103499
103499 77591 144774
91336 10210 127623
10210 91336 127623
127623 10210 91336
55227 54844 57654
57654 54844 55227
54844 55227 57654
51415 107608 116008
116008 51415 107608
107608 51415 116008
99363 2401 138766
2401 99363 138766
138766 2401 99363
121532 47043 83389
83389 47043 121532
47043 83389 121532
74222 95745 127381
95745 74222 127381
127381 74222 95745
47528 71085 88835
71085 47528 88835
88835 47528 71085
32115 422 30997
422 30997 32115
30997 422 32115
85801 23387 111690
23387 85801 111690
111690 23387 85801
137058 118662 129804
118662 129804 137058
129804 118662 137058
21957 12232 83494
12232 21957 83494
83494 12232 21957
27850 8675 89259
89259 8675 27850
8675 27850 89259
68331 112743 125880
112743 68331 125880
125880 68331 112743
90054 7795 55730
55730 7795 90054
7795 55730 90054
136046 57178 143318
57178 136046 143318
143318 57178 136046
109543 20083 47814
47814 20083 109543
20083 47814 109543
64130 13875 85726
85726 13875 64130
13875 64130 85726
14246 97893 100951
97893 14246 100951
100951 14246 97893
33631 77001 89439
77001 33631 89439
89439 33631 77001
4454 65676 138843
65676 4454 138843
138843 4454 65676
22468 22521 47624
22521 22468 47624
47624 22468 22521
110273 51043 114181
114181 51043 110273
51043 110273 114181
84215 67903 125516
67903 84215 125516
125516 67903 84215
14135 106285 139955
106285 14135 139955
139955 14135 106285
4621 120738 133312
120738 4621 133312
133312 4621 120738
54506 70091 83991
70091 54506 83991
83991 54506 70091
62059 36562 42745
42745 36562 62059
36562 42745 62059
13564 1176 109697
109697 1176 13564
1176 13564 109697
65083 49523 83922
83922 49523 65083
49523 65083 83922
48556 42204 48280
42204 48280 48556
48280 42204 48556
39351 54747 107951
54747 39351 107951
107951 39351 54747
29887 17281 74887
74887 17281 29887
17281 29887 74887
37193 2408 36357
36357 2408 37193
2408 36357 37193
101934 18450 140819
140819 18450 101934
18450 101934 140819
55170 35187 142160
142160 35187 55170
35187 55170 142160
126569 26498 42784
26498 42784 126569
42784 26498 126569
24461 2727 64586
2727 24461 64586
64586 2727 24461
84432 17081 106434
106434 17081 84432
17081 84432 106434
4997 89007 145593
89007 4997 145593
145593 4997 89007
35184 101494 141843
141843 35184 101494
101494 35184 141843
149421 8802 14510
14510 8802 149421
8802 14510 149421
2609 20205 131637
131637 2609 20205
20205 2609 131637
94 11230 55907
11230 94 55907
55907 94 11230
34779 45434 75927
75927 34779 45434
45434 34779 75927
135769 108213 123944
108213 123944 135769
123944 108213 135769
21893 71627 117115
117115 21893 71627
71627 21893 117115
106303 18433 122805
122805 18433 106303
18433 106303 122805
134756 8729 139915
139915 8729 134756
8729 134756 139915
95931 84469 121095
84469 95931 121095
121095 84469 95931
16740 52377 76171
52377 16740 76171
76171 16740 52377
36245 23748 48458
48458 23748 36245
23748 36245 48458
51169 2294 143335
2294 51169 143335
143335 2294 51169
86617 51993 126240
126240 51993 86617
51993 86617 126240
112485 37955 57083
57083 37955 112485
37955 57083 112485
57918 31019 34300
31019 34300 57918
34300 31019 57918
100881 39946 85496
39946 85496 100881
85496 39946 100881
39282 57058 125732
57058 39282 125732
125732 39282 57058
77270 36181 102219
102219 36181 77270
36181 77270 102219
73829 17213 18967
18967 17213 73829
17213 18967 73829
68798 108623 114759
108623 68798 114759
114759 68798 108623
14340 5488 93508
5488 14340 93508
93508 5488 14340
141320 63410 106771
106771 63410 141320
63410 106771 141320
103355 49111 119999
49111 103355 119999
119999 49111 103355
8613 31088 148208
148208 8613 31088
31088 8613 148208
47233 114950 126447
114950 47233 126447
126447 47233 114950
98741 90691 108299
108299 90691 98741
90691 98741 108299
48551 102388 134833
134833 48551 102388
102388 48551 134833
89465 77774 87989
87989 77774 89465
77774 87989 89465
41526 73410 101372
73410 41526 101372
101372 41526 73410
90540 11773 33173
33173 11773 90540
11773 33173 90540
149315 39488 148252
148252 39488 149315
39488 148252 149315
119341 59338 92472
59338 92472 119341
92472 59338 119341
80063 77073 80747
80747 77073 80063
77073 80063 80747
89127 28028 105040
28028 89127 105040
105040 28028 89127
121645 10141 12390
10141 12390 121645
12390 10141 121645
140934 77846 80450
80450 77846 140934
77846 80450 140934
135272 25919 65758
25919 65758 135272
65758 25919 135272
125144 33196 76557
76557 33196 125144
33196 76557 125144
132938 94711 94923
94711 94923 132938
94923 94711 132938
120610 23216 122582
122582 23216 120610
23216 120610 122582
107275 28499 93576
28499 93576 107275
93576 28499 107275
79851 61925 69741
69741 61925 79851
61925 69741 79851
96186 41994 73862
73862 41994 96186
41994 73862 96186
32192 57946 128252
57946 32192 128252
128252 32192 57946
121392 9685 85457
9685 85457 121392
85457 9685 121392
26508 51904 118407
118407 26508 51904
51904 26508 118407
122800 105792 110685
110685 105792 122800
105792 110685 122800
59192 119387 127018
127018 59192 119387
119387 59192 127018
123320 20957 84547
20957 84547 123320
84547 20957 123320
46331 68188 100932
100932 46331 68188
68188 46331 100932
104143 24293 143556
24293 104143 143556
143556 24293 104143
40567 57399 58049
58049 40567 57399
57399 40567 58049
138917 26261 59921
26261 59921 138917
59921 26261 138917
115390 68453 147929
68453 115390 147929
147929 68453 115390
34870 9954 147019
9954 34870 147019
147019 9954 34870
146606 29512 59561
59561 29512 146606
29512 59561 146606
139959 29198 47807
29198 47807 139959
47807 29198 139959
7614 39931 62557
39931 7614 62557
62557 7614 39931
