120588 123388 140482
123388 120588 140482
140482 120588 123388
21490 34319 112522
34319 21490 112522
112522 21490 34319
122343 22767 76144
22767 76144 122343
76144 22767 122343
146697 97543 149300
97543 146697 149300
149300 97543 146697
86974 53164 97112
53164 86974 97112
97112 53164 86974
39513 6670 143482
143482 6670 39513
6670 39513 143482
59936 116037 137315
137315 59936 116037
116037 59936 137315
145940 65186 103844
65186 103844 145940
103844 65186 145940
78586 18050 50919
18050 50919 78586
50919 18050 78586
104725 15982 67409
67409 15982 104725
15982 67409 104725
81267 11820 123146
11820 81267 123146
123146 11820 81267
145816 95530 147616
147616 95530 145816
95530 145816 147616
6690 4786 144333
4786 6690 144333
144333 4786 6690
42480 18167 106473
18167 42480 106473
106473 18167 42480
8448 23665 95107
95107 8448 23665
23665 8448 95107
60225 14577 104530
14577 60225 104530
104530 14577 60225
115379 103416 130774
130774 103416 115379
103416 115379 130774
1471 29123 130939
29123 1471 130939
130939 1471 29123
17859 11987 82044
11987 17859 82044
82044 11987 17859
128296 71594 141029
71594 128296 141029
141029 71594 128296
64745 881 5577
881 5577 64745
5577 881 64745
105727 57921 102920
102920 57921 105727
57921 102920 105727
84011 15028 18094
18094 15028 84011
15028 18094 84011
118401 99767 113884
113884 99767 118401
99767 113884 118401
30307 34333 109663
109663 30307 34333
34333 30307 109663
54070 84758 101411
101411 54070 84758
84758 54070 101411
119623 10784 147946
147946 10784 119623
10784 119623 147946
15751 12690 84572
12690 15751 84572
84572 12690 15751
85689 46760 112154
112154 46760 85689
46760 85689 112154
117880 54302 129412
129412 54302 117880
54302 117880 129412
51301 8515 122345
8515 51301 122345
122345 8515 51301
99197 26864 85627
85627 26864 99197
26864 85627 99197
97068 93154 142738
142738 93154 97068
93154 97068 142738
147518 22019 119335
119335 22019 147518
22019 119335 147518
96549 31909 65756
31909 65756 96549
65756 31909 96549
95396 30128 74380
30128 74380 95396
74380 30128 95396
149304 12724 34985
34985 12724 149304
12724 34985 149304
60346 117752 124911
117752 60346 124911
124911 60346 117752
122811 6899 66852
6899 66852 122811
66852 6899 122811
119380 33317 94166
33317 94166 119380
94166 33317 119380
45874 46699 112824
46699 45874 112824
112824 45874 46699
82193 15154 137864
15154 82193 137864
137864 15154 82193
130441 107137 115574
115574 107137 130441
107137 115574 130441
145607 63326 145118
63326 145118 145607
145118 63326 145607
141806 105146 126570
126570 105146 141806
105146 126570 141806
146420 131559 143097
143097 131559 146420
131559 143097 146420
8963 140524 141513
140524 8963 141513
141513 8963 140524
141355 32735 99358
32735 99358 141355
99358 32735 141355
65498 65140 85826
85826 65140 65498
65140 65498 85826
147852 23673 144137
23673 144137 147852
144137 23673 147852
141660 7201 62600
62600 7201 141660
7201 62600 141660
24183 12352 48392
48392 12352 24183
12352 24183 48392
22085 22832 135976
22832 22085 135976
135976 22085 22832
89942 87536 130251
130251 87536 89942
87536 89942 130251
724 15278 29964
15278 724 29964
29964 724 15278
63621 57203 142858
142858 57203 63621
57203 63621 142858
80994 5282 90614
90614 5282 80994
5282 80994 90614
79235 47626 109780
109780 47626 79235
47626 79235 109780
132047 22256 84803
22256 84803 132047
84803 22256 132047
79282 2908 28233
2908 28233 79282
28233 2908 79282
106088 112417 124541
124541 106088 112417
112417 106088 124541
49794 113552 127656
127656 49794 113552
113552 49794 127656
139166 83914 125142
125142 83914 139166
83914 125142 139166
48498 22813 114094
22813 48498 114094
114094 22813 48498
4424 29556 148360
148360 4424 29556
29556 4424 148360
27019 58914 126224
58914 27019 126224
126224 27019 58914
124874 1251 145435
145435 1251 124874
1251 124874 145435
126685 98279 111732
111732 98279 126685
98279 111732 126685
6948 3466 123946
3466 6948 123946
123946 3466 6948
89477 40865 108814
40865 89477 108814
108814 40865 89477
8539 8048 50511
50511 8048 8539
8048 8539 50511
119247 97332 132205
132205 97332 119247
97332 119247 132205
148817 85646 120728
120728 85646 148817
85646 120728 148817
3116 53084 77734
77734 3116 53084
53084 3116 77734
46894 124748 128612
128612 46894 124748
124748 46894 128612
30097 127362 132783
127362 30097 132783
132783 30097 127362
79714 81511 85593
85593 79714 81511
81511 79714 85593
20 82697 99775
99775 20 82697
82697 20 99775
97793 1063 73167
73167 1063 97793
1063 73167 97793
61540 57967 107092
107092 57967 61540
57967 61540 107092
79096 83254 120113
120113 79096 83254
83254 79096 120113
25455 41283 76690
76690 25455 41283
41283 25455 76690
71670 41234 123468
123468 41234 71670
41234 71670 123468
100015 55172 115827
115827 55172 100015
55172 100015 115827
27831 43585 146187
43585 27831 146187
146187 27831 43585
101799 35493 64221
64221 35493 101799
35493 64221 101799
9252 17638 63989
17638 9252 63989
63989 9252 17638
33298 507 9926
507 9926 33298
9926 507 33298
140683 9150 58098
58098 9150 140683
9150 58098 140683
34991 25651 26517
25651 26517 34991
26517 25651 34991
50287 91210 135378
135378 50287 91210
91210 50287 135378
110732 91812 99452
91812 99452 110732
99452 91812 110732
76572 56781 121779
121779 56781 76572
56781 76572 121779
106934 81086 138244
138244 81086 106934
81086 106934 138244
130843 65884 68448
68448 65884 130843
65884 68448 130843
45657 15834 122449
15834 45657 122449
122449 15834 45657
10756 74687 107010
107010 10756 74687
74687 10756 107010
91103 8727 59862
59862 8727 91103
8727 59862 91103
52971 46469 119605
119605 46469 52971
46469 52971 119605
50264 46879 79069
79069 46879 50264
46879 50264 79069
126847 3241 95704
3241 95704 126847
95704 3241 126847
110285 46767 106818
106818 46767 110285
46767 106818 110285
139380 35110 100939
100939 35110 139380
35110 100939 139380
45864 7111 24682
7111 24682 45864
24682 7111 45864
55260 23841 85356
85356 23841 55260
23841 55260 85356
133450 16088 40844
16088 40844 133450
40844 16088 133450
91470 50177 68880
68880 50177 91470
50177 68880 91470
35401 34100 148257
148257 34100 35401
34100 35401 148257
137094 54882 134812
134812 54882 137094
54882 134812 137094
29793 36994 106286
36994 29793 106286
106286 29793 36994
87962 24985 103774
103774 24985 87962
24985 87962 103774
43009 60175 112596
112596 43009 60175
60175 43009 112596
104456 62327 120221
62327 104456 120221
120221 62327 104456
135285 38632 95149
95149 38632 135285
38632 95149 135285
117735 61036 128955
128955 61036 117735
61036 117735 128955
127104 4702 79118
4702 79118 127104
79118 4702 127104
26370 9315 140548
9315 26370 140548
140548 9315 26370
72654 56826 141566
141566 56826 72654
56826 72654 141566
117163 26344 137485
26344 117163 137485
137485 26344 117163
67684 11252 141966
141966 11252 67684
11252 67684 141966
27819 88816 121777
88816 27819 121777
121777 27819 88816
56206 14496 119331
119331 14496 56206
14496 56206 119331
56836 66051 67576
66051 56836 67576
67576 56836 66051
6952 117346 129545
117346 6952 129545
129545 6952 117346
117763 29505 49798
29505 49798 117763
49798 29505 117763
98193 10711 133708
133708 10711 98193
10711 98193 133708
95664 2525 17341
17341 2525 95664
2525 17341 95664
15115 48643 55499
55499 15115 48643
48643 15115 55499
45223 48964 56584
56584 45223 48964
48964 45223 56584
32462 91408 129466
129466 32462 91408
91408 32462 129466
46887 81793 138695
81793 46887 138695
138695 46887 81793
83510 514 149734
514 83510 149734
149734 514 83510
85249 14042 77753
77753 14042 85249
14042 77753 85249
74420 48217 135328
135328 48217 74420
48217 74420 135328
8530 60986 97331
60986 8530 97331
97331 8530 60986
31370 8225 12740
8225 12740 31370
12740 8225 31370
95261 23078 51101
51101 23078 95261
23078 51101 95261
51344 3722 104279
3722 51344 104279
104279 3722 51344
14991 27168 82865
27168 14991 82865
82865 14991 27168
59702 12852 42579
42579 12852 59702
12852 42579 59702
133643 41233 53565
53565 41233 133643
41233 53565 133643
27513 95397 121974
95397 27513 121974
121974 27513 95397
23096 14787 70216
70216 14787 23096
14787 23096 70216
133703 16587 64175
16587 64175 133703
64175 16587 133703
130140 43977 68302
43977 68302 130140
68302 43977 130140
5788 26489 77982
77982 5788 26489
26489 5788 77982
113809 68041 79757
79757 68041 113809
68041 79757 113809
138534 71470 105051
71470 105051 138534
105051 71470 138534
77750 2623 43507
2623 43507 77750
43507 2623 77750
33523 52901 135224
52901 33523 135224
135224 33523 52901
108896 4683 115384
4683 108896 115384
115384 4683 108896
127092 58588 85191
85191 58588 127092
58588 85191 127092
148827 111382 129113
129113 111382 148827
111382 129113 148827
70388 57594 126757
126757 57594 70388
57594 70388 126757
77822 1461 91386
1461 77822 91386
91386 1461 77822
64048 57897 145376
145376 57897 64048
57897 64048 145376
40653 122304 128122
128122 40653 122304
122304 40653 128122
12547 18185 101909
18185 12547 101909
101909 12547 18185
7264 71652 95071
95071 7264 71652
71652 7264 95071
101419 29366 93659
29366 93659 101419
93659 29366 101419
115773 63847 67577
67577 63847 115773
63847 67577 115773
17222 71802 120374
71802 17222 120374
120374 17222 71802
37547 141318 146706
146706 37547 141318
141318 37547 146706
47185 57780 85491
57780 47185 85491
85491 47185 57780
46668 81019 88477
81019 46668 88477
88477 46668 81019
104563 98934 136041
136041 98934 104563
98934 104563 136041
64098 5259 70403
70403 5259 64098
5259 64098 70403
77223 108159 114249
114249 77223 108159
108159 77223 114249
69617 126248 131988
126248 69617 131988
131988 69617 126248
84693 34292 88584
88584 34292 84693
34292 84693 88584
75059 22150 97164
97164 22150 75059
22150 75059 97164
25825 36607 130217
36607 25825 130217
130217 25825 36607
122068 15915 87020
15915 87020 122068
87020 15915 122068
46744 49925 100521
100521 46744 49925
49925 46744 100521
59853 68129 105815
105815 59853 68129
68129 59853 105815
33799 58321 110878
110878 33799 58321
58321 33799 110878
136147 107558 132338
132338 107558 136147
107558 132338 136147
91700 16163 136549
136549 16163 91700
16163 91700 136549
40220 5312 61550
5312 40220 61550
61550 5312 40220
80167 35244 92540
35244 80167 92540
92540 35244 80167
136442 14584 58838
58838 14584 136442
14584 58838 136442
1650 24451 67107
24451 1650 67107
67107 1650 24451
144866 82748 87903
82748 87903 144866
87903 82748 144866
67781 162 25199
162 25199 67781
25199 162 67781
140053 45071 46114
45071 46114 140053
46114 45071 140053
55663 89785 145465
89785 55663 145465
145465 55663 89785
147172 3270 95985
95985 3270 147172
3270 95985 147172
38885 66808 70919
70919 38885 66808
66808 38885 70919
95892 6761 81954
81954 6761 95892
6761 81954 95892
95772 103355 107507
107507 95772 103355
103355 95772 107507
124469 32859 89205
32859 89205 124469
89205 32859 124469
94103 8701 76935
76935 8701 94103
8701 76935 94103
7718 73376 109424
73376 7718 109424
109424 7718 73376
93456 8749 86346
86346 8749 93456
8749 86346 93456
82834 100778 142937
142937 82834 100778
100778 82834 142937
34871 28208 110546
110546 28208 34871
28208 34871 110546
51804 14533 81863
81863 14533 51804
14533 51804 81863
141226 33515 64359
64359 33515 141226
33515 64359 141226
56043 95870 105784
105784 56043 95870
95870 56043 105784
33525 77784 123316
77784 33525 123316
123316 33525 77784
69716 81315 147721
81315 69716 147721
147721 69716 81315
138896 65342 130585
65342 130585 138896
130585 65342 138896
81226 954 75980
75980 954 81226
954 75980 81226
57321 1645 109653
109653 1645 57321
1645 57321 109653
41905 77028 97270
77028 41905 97270
97270 41905 77028
62005 123976 129012
123976 62005 129012
129012 62005 123976
9178 72640 146709
72640 9178 146709
146709 9178 72640
103142 117751 141202
141202 103142 117751
117751 103142 141202
21785 17880 122651
17880 21785 122651
122651 17880 21785
19157 110993 144665
144665 19157 110993
110993 19157 144665
108431 26131 71078
26131 71078 108431
71078 26131 108431
82024 52491 65896
65896 52491 82024
52491 65896 82024
42616 44684 142804
44684 42616 142804
142804 42616 44684
145252 414 104266
104266 414 145252
414 104266 145252
143432 41765 52850
41765 52850 143432
52850 41765 143432
53054 20801 71468
71468 20801 53054
20801 53054 71468
90933 70846 116612
116612 70846 90933
70846 90933 116612
20257 66211 73779
73779 20257 66211
66211 20257 73779
120348 18552 49509
18552 49509 120348
49509 18552 120348
145096 13454 49781
49781 13454 145096
13454 49781 145096
88228 111787 112388
111787 88228 112388
112388 88228 111787
102024 21558 107727
107727 21558 102024
21558 102024 107727
97295 26865 79353
26865 79353 97295
79353 26865 97295
121092 11975 55248
11975 55248 121092
55248 11975 121092
92432 37639 68800
37639 68800 92432
68800 37639 92432
28437 26231 43510
26231 28437 43510
43510 26231 28437
8857 54589 98752
54589 8857 98752
98752 8857 54589
14045 56702 63594
63594 14045 56702
56702 14045 63594
125641 16558 46340
46340 16558 125641
16558 46340 125641
59665 141466 148722
148722 59665 141466
141466 59665 148722
116168 44232 50273
44232 50273 116168
50273 44232 116168
76178 72157 76815
76815 72157 76178
72157 76178 76815
56646 84480 109315
109315 56646 84480
84480 56646 109315
139060 90016 111110
90016 111110 139060
111110 90016 139060
119594 109439 136056
109439 119594 136056
136056 109439 119594
90315 47622 96002
47622 90315 96002
96002 47622 90315
29024 116108 145801
116108 29024 145801
145801 29024 116108
58218 17724 51271
17724 51271 58218
51271 17724 58218
76988 105848 141615
141615 76988 105848
105848 76988 141615
33160 6172 91927
91927 6172 33160
6172 33160 91927
121494 36407 70518
70518 36407 121494
36407 70518 121494
121550 4277 122555
4277 121550 122555
122555 4277 121550
35614 56114 119898
119898 35614 56114
56114 35614 119898
104912 8980 58622
8980 58622 104912
58622 8980 104912
73170 11496 111452
11496 73170 111452
111452 11496 73170
15742 2760 14762
14762 2760 15742
2760 14762 15742
23768 12322 72442
72442 12322 23768
12322 23768 72442
91819 94280 111564
111564 91819 94280
94280 91819 111564
149246 75200 144426
144426 75200 149246
75200 144426 149246
114129 136263 140765
136263 114129 140765
140765 114129 136263
12309 115038 138680
115038 12309 138680
138680 12309 115038
79713 74947 76676
74947 76676 79713
76676 74947 79713
113404 127522 129458
127522 113404 129458
129458 113404 127522
28884 46439 148122
148122 28884 46439
46439 28884 148122
118465 13053 139219
139219 13053 118465
13053 118465 139219
129647 22071 40145
22071 40145 129647
40145 22071 129647
6193 66961 76203
66961 6193 76203
76203 6193 66961
82720 69620 132441
69620 82720 132441
132441 69620 82720
94909 21518 94366
21518 94366 94909
94366 21518 94909
12194 114873 134184
114873 12194 134184
134184 12194 114873
21911 107187 121830
107187 21911 121830
121830 21911 107187
123632 19700 144080
19700 123632 144080
144080 19700 123632
44871 21972 64901
64901 21972 44871
21972 44871 64901
121340 42508 108751
42508 108751 121340
108751 42508 121340
115224 45346 132104
132104 45346 115224
45346 115224 132104
34615 68238 92725
92725 34615 68238
68238 34615 92725
130867 26287 106703
26287 106703 130867
106703 26287 130867
50470 84641 91230
84641 50470 91230
91230 50470 84641
62801 68455 76670
68455 62801 76670
76670 62801 68455
51404 112694 131922
131922 51404 112694
112694 51404 131922
111826 1009 5441
5441 1009 111826
1009 5441 111826
78968 68683 69459
69459 68683 78968
68683 69459 78968
113837 73208 81101
73208 81101 113837
81101 73208 113837
39123 10388 79914
79914 10388 39123
10388 39123 79914
92643 65905 145001
65905 92643 145001
145001 65905 92643
143588 86414 131731
131731 86414 143588
86414 131731 143588
122982 89595 136496
89595 122982 136496
136496 89595 122982
10244 46164 69036
46164 10244 69036
69036 10244 46164
81050 15670 21891
15670 21891 81050
21891 15670 81050
140353 4437 80294
80294 4437 140353
4437 80294 140353
142389 101775 103413
103413 101775 142389
101775 103413 142389
76601 69642 94781
94781 69642 76601
69642 76601 94781
12448 62680 97395
62680 12448 97395
97395 12448 62680
21859 30794 56307
56307 21859 30794
30794 21859 56307
101952 8323 105054
8323 101952 105054
105054 8323 101952
126660 45389 119711
119711 45389 126660
45389 119711 126660
126109 93958 148568
93958 126109 148568
148568 93958 126109
60233 100671 116011
100671 60233 116011
116011 60233 100671
39027 50435 72303
50435 39027 72303
72303 39027 50435
55381 45751 84654
84654 45751 55381
45751 55381 84654
52020 31682 33002
33002 31682 52020
31682 33002 52020
69696 53462 130591
130591 53462 69696
53462 69696 130591
12820 46628 134642
46628 12820 134642
134642 12820 46628
138345 110181 131643
110181 131643 138345
131643 110181 138345
23789 6467 66218
6467 23789 66218
66218 6467 23789
104761 12477 88582
12477 88582 104761
88582 12477 104761
91865 14939 49068
14939 49068 91865
49068 14939 91865
3082 47094 123262
123262 3082 47094
47094 3082 123262
80425 11485 134115
134115 11485 80425
11485 80425 134115
92605 42019 108638
42019 92605 108638
108638 42019 92605
2700 3176 98306
3176 2700 98306
98306 2700 3176
16396 65821 96052
65821 16396 96052
96052 16396 65821
118720 37557 129326
37557 118720 129326
129326 37557 118720
15108 31000 101211
101211 15108 31000
31000 15108 101211
108386 31535 121076
31535 108386 121076
121076 31535 108386
119268 10458 11074
10458 11074 119268
11074 10458 119268
66212 88573 134008
88573 66212 134008
134008 66212 88573
5264 109941 129033
109941 5264 129033
129033 5264 109941
64610 97690 128175
128175 64610 97690
97690 64610 128175
86152 40076 85859
85859 40076 86152
40076 85859 86152
5977 14692 108432
14692 5977 108432
108432 5977 14692
9370 76173 79857
76173 9370 79857
79857 9370 76173
133877 22701 41350
41350 22701 133877
22701 41350 133877
99669 30295 82910
82910 30295 99669
30295 82910 99669
19133 43452 52283
52283 19133 43452
43452 19133 52283
126232 9128 121870
9128 121870 126232
121870 9128 126232
81232 107493 133545
107493 81232 133545
133545 81232 107493
127450 2770 32930
32930 2770 127450
2770 32930 127450
116943 13375 75017
13375 75017 116943
75017 13375 116943
78394 39361 47202
39361 47202 78394
47202 39361 78394
76922 46481 137108
137108 46481 76922
46481 76922 137108
64576 126066 149661
149661 64576 126066
126066 64576 149661
143975 42720 102919
102919 42720 143975
42720 102919 143975
79417 83156 99635
99635 79417 83156
83156 79417 99635
122299 48202 119193
48202 119193 122299
119193 48202 122299
90663 71841 146453
71841 90663 146453
146453 71841 90663
148496 57392 103339
103339 57392 148496
57392 103339 148496
60117 68085 134784
134784 60117 68085
68085 60117 134784
11667 3219 52271
3219 11667 52271
52271 3219 11667
130326 34196 148602
148602 34196 130326
34196 130326 148602
101968 28367 136468
136468 28367 101968
28367 101968 136468
85197 60072 147508
147508 60072 85197
60072 85197 147508
91499 827 110616
827 91499 110616
110616 827 91499
34833 49269 113862
49269 34833 113862
113862 34833 49269
97970 84236 102205
84236 97970 102205
102205 84236 97970
53287 58801 72148
72148 53287 58801
58801 53287 72148
33698 18244 134691
134691 18244 33698
18244 33698 134691
91770 39457 147482
147482 39457 91770
39457 91770 147482
66332 15152 122205
122205 15152 66332
15152 66332 122205
39045 38995 84823
38995 39045 84823
84823 38995 39045
38681 74637 146035
74637 38681 146035
146035 38681 74637
32793 2379 74203
2379 32793 74203
74203 2379 32793
83064 79127 120939
120939 79127 83064
79127 83064 120939
77836 53994 71816
53994 71816 77836
71816 53994 77836
22889 83760 112914
83760 22889 112914
112914 22889 83760
53776 78517 111878
111878 53776 78517
78517 53776 111878
133676 3930 38332
3930 38332 133676
38332 3930 133676
32353 60914 122614
122614 32353 60914
60914 32353 122614
58011 31565 134933
134933 31565 58011
31565 58011 134933
16136 8187 100954
100954 8187 16136
8187 16136 100954
76354 63057 110918
63057 76354 110918
110918 63057 76354
109761 31101 97695
97695 31101 109761
31101 97695 109761
36585 3611 48627
48627 3611 36585
3611 36585 48627
82482 97731 117734
97731 82482 117734
117734 82482 97731
46499 60644 77775
77775 46499 60644
60644 46499 77775
98816 32650 48088
48088 32650 98816
32650 48088 98816
93497 20430 52830
20430 52830 93497
52830 20430 93497
89354 11108 95622
95622 11108 89354
11108 89354 95622
138255 94181 102552
94181 102552 138255
102552 94181 138255
15489 31092 127051
31092 15489 127051
127051 15489 31092
81119 78403 109859
109859 78403 81119
78403 81119 109859
80828 102074 117458
102074 80828 117458
117458 80828 102074
79345 76581 129561
129561 76581 79345
76581 79345 129561
74605 18085 41595
18085 41595 74605
41595 18085 74605
66447 33827 103067
33827 66447 103067
103067 33827 66447
144688 74658 146017
74658 144688 146017
146017 74658 144688
121260 48592 147918
48592 121260 147918
147918 48592 121260
83000 38998 99704
38998 83000 99704
99704 38998 83000
92775 50893 128413
50893 92775 128413
128413 50893 92775
70559 76955 126313
126313 70559 76955
76955 70559 126313
71138 111945 112430
112430 71138 111945
111945 71138 112430
9401 53892 108423
53892 9401 108423
108423 9401 53892
7809 58110 122363
122363 7809 58110
58110 7809 122363
109287 13981 131219
131219 13981 109287
13981 109287 131219
23908 19391 136378
19391 23908 136378
136378 19391 23908
45392 32082 79744
79744 32082 45392
32082 45392 79744
50282 11912 60931
60931 11912 50282
11912 50282 60931
135131 113480 118032
118032 113480 135131
113480 118032 135131
114362 61289 69162
69162 61289 114362
61289 69162 114362
52887 77449 126219
126219 52887 77449
77449 52887 126219
15024 26793 54116
26793 15024 54116
54116 15024 26793
148116 16683 32199
16683 32199 148116
32199 16683 148116
32395 6448 101956
101956 6448 32395
6448 32395 101956
42668 138661 146382
146382 42668 138661
138661 42668 146382
138906 137911 146258
146258 137911 138906
137911 138906 146258
54361 60154 111856
60154 54361 111856
111856 54361 60154
69136 8835 120058
120058 8835 69136
8835 69136 120058
119170 64715 103876
64715 103876 119170
103876 64715 119170
73758 23911 143515
23911 73758 143515
143515 23911 73758
36453 18304 118350
18304 36453 118350
118350 18304 36453
67097 4309 116844
116844 4309 67097
4309 67097 116844
21800 100930 148282
148282 21800 100930
100930 21800 148282
31997 76774 115785
115785 31997 76774
76774 31997 115785
91429 44784 109527
109527 44784 91429
44784 91429 109527
55259 67334 98834
67334 55259 98834
98834 55259 67334
32038 4707 113699
4707 32038 113699
113699 4707 32038
71243 84858 85418
84858 71243 85418
85418 71243 84858
10992 861 6220
6220 861 10992
861 6220 10992
74621 76927 87555
76927 74621 87555
87555 74621 76927
50752 32666 117411
117411 32666 50752
32666 50752 117411
95804 36685 94682
94682 36685 95804
36685 94682 95804
110454 18670 135954
135954 18670 110454
18670 110454 135954
15094 59986 94443
94443 15094 59986
59986 15094 94443
141662 7450 119289
119289 7450 141662
7450 119289 141662
125513 11776 131309
11776 125513 131309
131309 11776 125513
85317 19277 121358
121358 19277 85317
19277 85317 121358
137926 51559 87293
51559 87293 137926
87293 51559 137926
38319 60170 94889
94889 38319 60170
60170 38319 94889
129549 43173 134968
134968 43173 129549
43173 129549 134968
75995 78324 143969
143969 75995 78324
78324 75995 143969
72730 2919 133520
133520 2919 72730
2919 72730 133520
107694 56926 130571
56926 107694 130571
130571 56926 107694
87668 71027 113340
113340 71027 87668
71027 87668 113340
2872 35132 89290
89290 2872 35132
35132 2872 89290
103772 25192 144712
25192 103772 144712
144712 25192 103772
15937 29548 34478
34478 15937 29548
29548 15937 34478
92982 74999 139886
139886 74999 92982
74999 92982 139886
58231 58589 118960
118960 58231 58589
58589 58231 118960
7916 55511 76597
76597 7916 55511
55511 7916 76597
149797 8910 19510
19510 8910 149797
8910 19510 149797
88766 102066 127113
102066 88766 127113
127113 88766 102066
47760 1926 6140
1926 6140 47760
6140 1926 47760
93599 28737 63339
28737 63339 93599
63339 28737 93599
141794 64838 118655
64838 118655 141794
118655 64838 141794
67599 78046 102608
102608 67599 78046
78046 67599 102608
102846 1372 13650
1372 13650 102846
13650 1372 102846
10245 27928 136593
27928 10245 136593
136593 10245 27928
71687 91116 126033
91116 71687 126033
126033 71687 91116
140568 18008 67676
18008 67676 140568
67676 18008 140568
130145 103000 133371
133371 103000 130145
103000 130145 133371
56673 112679 119897
112679 56673 119897
119897 56673 112679
109180 109502 115443
109502 109180 115443
115443 109180 109502
10761 15753 17208
15753 10761 17208
17208 10761 15753
37588 127568 147113
147113 37588 127568
127568 37588 147113
47064 77341 129132
77341 47064 129132
129132 47064 77341
116636 549 19991
549 19991 116636
19991 549 116636
121993 8845 69710
8845 69710 121993
69710 8845 121993
4733 32503 75859
75859 4733 32503
32503 4733 75859
60798 119861 145037
119861 60798 145037
145037 60798 119861
9520 37128 107623
37128 9520 107623
107623 9520 37128
10089 3565 40098
3565 10089 40098
40098 3565 10089
132095 44397 82738
44397 82738 132095
82738 44397 132095
111823 83558 91344
83558 91344 111823
91344 83558 111823
5037 61610 139171
139171 5037 61610
61610 5037 139171
91238 15481 82269
15481 82269 91238
82269 15481 91238
7951 93959 114109
114109 7951 93959
93959 7951 114109
140296 77473 140531
140531 77473 140296
77473 140296 140531
112750 30965 67070
30965 67070 112750
67070 30965 112750
18371 85651 125356
85651 18371 125356
125356 18371 85651
140696 55749 140795
140795 55749 140696
55749 140696 140795
131819 46432 96321
96321 46432 131819
46432 96321 131819
48262 17573 139115
17573 48262 139115
139115 17573 48262
97359 45772 143507
143507 45772 97359
45772 97359 143507
60796 33619 65104
33619 60796 65104
65104 33619 60796
22593 114788 128967
128967 22593 114788
114788 22593 128967
26220 86202 87632
86202 26220 87632
87632 26220 86202
123687 39779 98260
39779 98260 123687
98260 39779 123687
20886 82892 143129
143129 20886 82892
82892 20886 143129
80116 5902 27868
27868 5902 80116
5902 27868 80116
946 43333 97849
97849 946 43333
43333 946 97849
66395 92859 113195
92859 66395 113195
113195 66395 92859
97308 52536 134208
134208 52536 97308
52536 97308 134208
49180 115321 125690
125690 49180 115321
115321 49180 125690
29150 16418 85948
16418 29150 85948
85948 16418 29150
31369 47910 62944
62944 31369 47910
47910 31369 62944
125091 20162 88139
88139 20162 125091
20162 88139 125091
33224 35449 66741
35449 33224 66741
66741 33224 35449
40350 55182 127234
55182 40350 127234
127234 40350 55182
39662 53712 101727
101727 39662 53712
53712 39662 101727
53007 17433 130449
130449 17433 53007
17433 53007 130449
104003 15139 61851
61851 15139 104003
15139 61851 104003
137439 61793 97555
61793 97555 137439
97555 61793 137439
13932 6688 129041
6688 13932 129041
129041 6688 13932
134439 51488 137513
137513 51488 134439
51488 134439 137513
116202 27055 77679
27055 77679 116202
77679 27055 116202
8598 20962 41453
20962 8598 41453
41453 8598 20962
50163 36516 132771
132771 36516 50163
36516 50163 132771
43714 2914 37566
37566 2914 43714
2914 37566 43714
147239 142359 145794
142359 145794 147239
145794 142359 147239
88239 39208 64370
64370 39208 88239
39208 64370 88239
137762 80374 113426
113426 80374 137762
80374 113426 137762
121778 71863 84604
84604 71863 121778
71863 84604 121778
7803 77751 125151
77751 7803 125151
125151 7803 77751
81372 101522 108425
108425 81372 101522
101522 81372 108425
12796 124756 136335
136335 12796 124756
124756 12796 136335
112011 65505 127658
65505 112011 127658
127658 65505 112011
51774 67021 113365
67021 51774 113365
113365 51774 67021
144897 70499 91152
91152 70499 144897
70499 91152 144897
36363 29357 65602
65602 29357 36363
29357 36363 65602
131362 15300 140115
140115 15300 131362
15300 131362 140115
46213 27381 61705
27381 46213 61705
61705 27381 46213
39803 26681 66316
66316 26681 39803
26681 39803 66316
86103 40943 116114
40943 86103 116114
116114 40943 86103
92956 63611 67848
63611 67848 92956
67848 63611 92956
83765 22561 133351
22561 83765 133351
133351 22561 83765
134156 84415 90570
90570 84415 134156
84415 90570 134156
26694 59065 85132
59065 26694 85132
85132 26694 59065
114168 35257 129777
35257 114168 129777
129777 35257 114168
94326 54557 85636
85636 54557 94326
54557 85636 94326
83406 46958 85330
46958 83406 85330
85330 46958 83406
57243 50430 70815
70815 50430 57243
50430 57243 70815
120089 999 111087
999 111087 120089
111087 999 120089
55688 70330 92452
70330 55688 92452
92452 55688 70330
129980 2016 100606
2016 100606 129980
100606 2016 129980
16523 46430 70857
70857 16523 46430
46430 16523 70857
17814 10268 99986
99986 10268 17814
10268 17814 99986
109520 944 38882
38882 944 109520
944 38882 109520
64686 9389 35345
35345 9389 64686
9389 35345 64686
136955 42714 85988
85988 42714 136955
42714 85988 136955
122961 63198 111357
111357 63198 122961
63198 111357 122961
94807 60792 114620
60792 94807 114620
114620 60792 94807
147088 23722 146752
146752 23722 147088
23722 146752 147088
1611 63642 67472
67472 1611 63642
63642 1611 67472
8624 70124 144420
144420 8624 70124
70124 8624 144420
93309 52472 127558
127558 52472 93309
52472 93309 127558
70352 32983 133383
133383 32983 70352
32983 70352 133383
55378 46874 137104
46874 55378 137104
137104 46874 55378
107088 26979 119111
26979 107088 119111
119111 26979 107088
40196 68529 118167
118167 40196 68529
68529 40196 118167
125935 29093 120930
120930 29093 125935
29093 120930 125935
89262 11449 69424
69424 11449 89262
11449 69424 89262
57396 12465 102343
102343 12465 57396
12465 57396 102343
111627 19666 75554
75554 19666 111627
19666 75554 111627
85022 19183 99475
99475 19183 85022
19183 85022 99475
137176 25568 64296
64296 25568 137176
25568 64296 137176
1755 61900 114718
114718 1755 61900
61900 1755 114718
52495 108083 145005
145005 52495 108083
108083 52495 145005
86362 16648 51968
16648 51968 86362
51968 16648 86362
30897 80469 140462
80469 30897 140462
140462 30897 80469
137992 31400 78521
78521 31400 137992
31400 78521 137992
52805 26302 51841
26302 51841 52805
51841 26302 52805
102348 9267 118080
9267 102348 118080
118080 9267 102348
46202 77042 86222
77042 46202 86222
86222 46202 77042
44060 56754 131972
131972 44060 56754
56754 44060 131972
467 82422 90358
90358 467 82422
82422 467 90358
41936 84726 124244
124244 41936 84726
84726 41936 124244
59243 30090 111215
111215 30090 59243
30090 59243 111215
93582 46048 127491
127491 46048 93582
46048 93582 127491
113252 4545 141689
4545 113252 141689
141689 4545 113252
60494 85021 91856
91856 60494 85021
85021 60494 91856
98305 79681 106607
106607 79681 98305
79681 98305 106607
92200 69470 136909
69470 92200 136909
136909 69470 92200
80328 28452 80454
28452 80328 80454
80454 28452 80328
140179 128473 128761
128761 128473 140179
128473 128761 140179
144834 126397 137542
126397 137542 144834
137542 126397 144834
30740 81940 135130
81940 30740 135130
135130 30740 81940
87605 128850 132123
132123 87605 128850
128850 87605 132123
14990 65427 85050
65427 14990 85050
85050 14990 65427
33752 3614 140547
3614 33752 140547
140547 3614 33752
78485 45716 78148
45716 78148 78485
78148 45716 78485
55180 44411 60130
44411 55180 60130
60130 44411 55180
73332 14335 25096
25096 14335 73332
14335 25096 73332
46933 34472 133268
133268 34472 46933
34472 46933 133268
12663 62110 120642
62110 12663 120642
120642 12663 62110
137163 10476 40126
40126 10476 137163
10476 40126 137163
136647 51353 100700
100700 51353 136647
51353 100700 136647
136977 65324 116250
65324 116250 136977
116250 65324 136977
44439 124880 143039
124880 44439 143039
143039 44439 124880
31488 56080 74463
74463 31488 56080
56080 31488 74463
16576 109260 116150
109260 16576 116150
116150 16576 109260
112438 62737 110871
62737 110871 112438
110871 62737 112438
97233 5345 9780
5345 9780 97233
9780 5345 97233
128174 56419 126802
56419 126802 128174
126802 56419 128174
93242 37238 45924
45924 37238 93242
37238 45924 93242
130606 90011 107749
107749 90011 130606
90011 107749 130606
76251 46174 81145
81145 46174 76251
46174 76251 81145
88325 4050 48032
48032 4050 88325
4050 48032 88325
37003 23876 67234
23876 37003 67234
67234 23876 37003
89621 40273 73205
73205 40273 89621
40273 73205 89621
51452 113688 131384
113688 51452 131384
131384 51452 113688
126416 105432 138160
138160 105432 126416
105432 126416 138160
10623 42322 128502
128502 10623 42322
42322 10623 128502
73891 2047 111709
111709 2047 73891
2047 73891 111709
89056 133008 133972
133972 89056 133008
133008 89056 133972
119710 78833 83630
78833 83630 119710
83630 78833 119710
75665 67613 87377
87377 67613 75665
67613 75665 87377
145724 68440 75840
75840 68440 145724
68440 75840 145724
30870 25035 97162
25035 30870 97162
97162 25035 30870
43851 11795 149648
11795 43851 149648
149648 11795 43851
141936 106006 146831
146831 106006 141936
106006 141936 146831
55611 77022 147405
77022 55611 147405
147405 55611 77022
90311 12553 81213
12553 81213 90311
81213 12553 90311
29731 44080 69570
69570 29731 44080
44080 29731 69570
83495 13976 39471
13976 39471 83495
39471 13976 83495
108438 73709 132273
73709 108438 132273
132273 73709 108438
109599 3154 89040
89040 3154 109599
3154 89040 109599
92339 28902 143559
28902 92339 143559
143559 28902 92339
139758 27027 145979
145979 27027 139758
27027 139758 145979
24092 38719 105262
38719 24092 105262
105262 24092 38719
43175 13687 123246
13687 43175 123246
123246 13687 43175
103957 41095 79170
41095 79170 103957
79170 41095 103957
110891 39994 99108
99108 39994 110891
39994 99108 110891
41957 31387 148224
148224 31387 41957
31387 41957 148224
12540 82669 101877
101877 12540 82669
82669 12540 101877
98431 81454 85761
81454 85761 98431
85761 81454 98431
55234 36159 70435
70435 36159 55234
36159 55234 70435
59655 60490 124695
124695 59655 60490
60490 59655 124695
12356 15292 38884
15292 12356 38884
38884 12356 15292
78862 60552 145205
60552 78862 145205
145205 60552 78862
28856 80480 127134
80480 28856 127134
127134 28856 80480
130716 37274 53051
37274 53051 130716
53051 37274 130716
25781 28707 63022
63022 25781 28707
28707 25781 63022
69499 8224 81030
8224 69499 81030
81030 8224 69499
115923 45882 74501
45882 74501 115923
74501 45882 115923
70841 22464 54243
22464 54243 70841
54243 22464 70841
9583 42309 76275
76275 9583 42309
42309 9583 76275
19539 32362 49297
32362 19539 49297
49297 19539 32362
60231 85739 143108
85739 60231 143108
143108 60231 85739
137916 39067 82754
82754 39067 137916
39067 82754 137916
143715 41391 80487
41391 80487 143715
80487 41391 143715
49766 48916 60997
60997 48916 49766
48916 49766 60997
20940 63155 113383
113383 20940 63155
63155 20940 113383
86828 88354 145567
145567 86828 88354
88354 86828 145567
108266 77526 137668
137668 77526 108266
77526 108266 137668
21742 66572 69745
66572 21742 69745
69745 21742 66572
144323 60758 61970
61970 60758 144323
60758 61970 144323
88190 96254 139280
96254 88190 139280
139280 88190 96254
10885 13513 143412
143412 10885 13513
13513 10885 143412
105498 57743 114469
57743 105498 114469
114469 57743 105498
40057 35106 121504
35106 40057 121504
121504 35106 40057
19704 82954 106212
82954 19704 106212
106212 19704 82954
28086 80143 105172
80143 28086 105172
105172 28086 80143
61436 80936 107825
80936 61436 107825
107825 61436 80936
120052 96904 116658
96904 116658 120052
116658 96904 120052
119534 9188 42673
9188 42673 119534
42673 9188 119534
28100 66757 101657
101657 28100 66757
66757 28100 101657
92212 80612 86555
86555 80612 92212
80612 86555 92212
127888 8616 39425
8616 39425 127888
39425 8616 127888
10740 34198 91405
34198 10740 91405
91405 10740 34198
95059 96356 108448
96356 95059 108448
108448 95059 96356
66356 18211 23276
18211 23276 66356
23276 18211 66356
114401 73848 144553
144553 73848 114401
73848 114401 144553
7995 52822 93008
52822 7995 93008
93008 7995 52822
25176 114181 140975
140975 25176 114181
114181 25176 140975
124156 373 44577
44577 373 124156
373 44577 124156
19583 32095 142615
32095 19583 142615
142615 19583 32095
126352 60089 127514
60089 126352 127514
127514 60089 126352
55178 34883 71372
34883 55178 71372
71372 34883 55178
20627 103439 128264
103439 20627 128264
128264 20627 103439
97999 66660 104199
66660 97999 104199
104199 66660 97999
110553 49519 114044
114044 49519 110553
49519 110553 114044
96550 259 17598
17598 259 96550
259 17598 96550
78748 26014 111158
26014 78748 111158
111158 26014 78748
41578 26778 147156
147156 26778 41578
26778 41578 147156
141990 75437 117099
75437 117099 141990
117099 75437 141990
109297 11227 72290
72290 11227 109297
11227 72290 109297
92487 126817 137915
137915 92487 126817
126817 92487 137915
98907 21675 119124
119124 21675 98907
21675 98907 119124
87459 72677 129839
129839 72677 87459
72677 87459 129839
138311 16018 100686
16018 100686 138311
100686 16018 138311
21832 68520 102379
68520 21832 102379
102379 21832 68520
42541 29823 140298
140298 29823 42541
29823 42541 140298
101383 84785 110234
110234 84785 101383
84785 101383 110234
141535 46641 137634
137634 46641 141535
46641 137634 141535
2020 49235 140778
49235 2020 140778
140778 2020 49235
542 83925 143492
143492 542 83925
83925 542 143492
1549 2426 105957
105957 1549 2426
2426 1549 105957
25481 4749 67683
4749 25481 67683
67683 4749 25481
137829 33543 139840
139840 33543 137829
33543 137829 139840
145732 79943 125054
125054 79943 145732
79943 125054 145732
48496 17647 104890
104890 17647 48496
17647 48496 104890
128481 28008 137986
137986 28008 128481
28008 128481 137986
48984 6344 53582
6344 48984 53582
53582 6344 48984
27549 146111 149173
149173 27549 146111
146111 27549 149173
118142 60960 92942
92942 60960 118142
60960 92942 118142
18945 8948 68337
8948 18945 68337
68337 8948 18945
148733 44530 116770
116770 44530 148733
44530 116770 148733
25013 80680 88170
80680 25013 88170
88170 25013 80680
141500 15849 97155
15849 97155 141500
97155 15849 141500
101806 104421 145643
145643 101806 104421
104421 101806 145643
18630 763 122676
763 18630 122676
122676 763 18630
109566 113762 143205
113762 109566 143205
143205 109566 113762
97124 7235 112381
112381 7235 97124
7235 97124 112381
76180 18465 74518
18465 74518 76180
74518 18465 76180
114542 119255 130055
130055 114542 119255
119255 114542 130055
68869 30605 80607
30605 68869 80607
80607 30605 68869
110052 90531 138777
138777 90531 110052
90531 110052 138777
121668 31048 92414
92414 31048 121668
31048 92414 121668
111283 67230 136389
67230 111283 136389
136389 67230 111283
134733 106987 117347
117347 106987 134733
106987 117347 134733
1539 24148 42128
42128 1539 24148
24148 1539 42128
97148 102324 112717
112717 97148 102324
102324 97148 112717
108506 65681 92477
92477 65681 108506
65681 92477 108506
120512 54654 114943
114943 54654 120512
54654 114943 120512
7437 53184 63883
63883 7437 53184
53184 7437 63883
41708 47678 133485
133485 41708 47678
47678 41708 133485
127387 123875 124198
124198 123875 127387
123875 124198 127387
114178 28096 110639
28096 110639 114178
110639 28096 114178
114689 43044 97147
43044 97147 114689
97147 43044 114689
130548 31767 118762
118762 31767 130548
31767 118762 130548
64970 5587 112758
5587 64970 112758
112758 5587 64970
143125 17697 94647
17697 94647 143125
94647 17697 143125
66598 76967 149657
149657 66598 76967
76967 66598 149657
4584 23038 24860
24860 4584 23038
23038 4584 24860
20931 22056 119269
22056 20931 119269
119269 20931 22056
93131 99680 126860
99680 93131 126860
126860 93131 99680
54800 63544 79890
63544 54800 79890
79890 54800 63544
54081 99001 136572
99001 54081 136572
136572 54081 99001
4361 20167 90549
20167 4361 90549
90549 4361 20167
56578 34782 47868
47868 34782 56578
34782 47868 56578
78110 90366 109221
109221 78110 90366
90366 78110 109221
74657 83475 145741
83475 74657 145741
145741 74657 83475
44703 31373 56381
56381 31373 44703
31373 44703 56381
84150 839 32499
839 32499 84150
32499 839 84150
74973 24922 99271
24922 74973 99271
99271 24922 74973
78830 23692 89787
23692 78830 89787
89787 23692 78830
67799 25698 58698
25698 58698 67799
58698 25698 67799
119112 77340 92133
77340 92133 119112
92133 77340 119112
8763 108916 141021
108916 8763 141021
141021 8763 108916
55777 14185 72725
14185 55777 72725
72725 14185 55777
81668 16926 140845
16926 81668 140845
