1057 473 500
473 500 1057
500 473 1057
183 1344 1480
1344 183 1480
1480 183 1344
442 4 604
4 442 604
604 4 442
56 259 1330
259 56 1330
1330 56 259
46 875 1144
1144 46 875
875 46 1144
27 699 1301
1301 27 699
699 27 1301
425 339 1378
339 425 1378
1378 339 425
1311 1158 1391
1391 1158 1311
1158 1311 1391
1117 224 1089
1089 224 1117
224 1089 1117
490 50 587
587 50 490
50 490 587
228 107 1467
1467 107 228
107 228 1467
100 260 907
260 100 907
907 100 260
1325 7 280
280 7 1325
7 280 1325
692 9 1178
9 692 1178
1178 9 692
1291 764 1126
1126 764 1291
764 1126 1291
103 757 1248
1248 103 757
757 103 1248
859 49 822
49 822 859
822 49 859
1489 462 519
519 462 1489
462 519 1489
1254 353 993
353 993 1254
993 353 1254
267 195 583
583 195 267
195 267 583
664 477 1006
1006 477 664
477 664 1006
26 559 1428
1428 26 559
559 26 1428
841 846 1097
846 841 1097
1097 841 846
330 24 337
24 330 337
337 24 330
592 36 1118
36 592 1118
1118 36 592
621 1075 1298
1075 621 1298
1298 621 1075
8 932 961
932 8 961
961 8 932
765 603 1039
1039 603 765
603 765 1039
297 160 1431
160 297 1431
1431 160 297
173 612 1285
612 173 1285
1285 173 612
419 185 598
185 419 598
598 185 419
1202 908 1382
1382 908 1202
908 1202 1382
1060 732 1420
732 1060 1420
1420 732 1060
697 54 1440
1440 54 697
54 697 1440
836 1221 1468
1221 836 1468
1468 836 1221
728 102 999
102 728 999
999 102 728
465 551 968
551 465 968
968 465 551
55 706 770
770 55 706
706 55 770
1401 578 1032
1032 578 1401
578 1032 1401
1357 675 1229
1229 675 1357
675 1229 1357
1383 270 1246
270 1246 1383
1246 270 1383
468 395 928
395 468 928
928 395 468
1192 363 1233
363 1192 1233
1233 363 1192
1294 596 1323
1323 596 1294
596 1294 1323
1341 658 1100
658 1100 1341
1100 658 1341
141 42 1231
1231 42 141
42 141 1231
1279 970 1074
1074 970 1279
970 1074 1279
199 285 850
285 199 850
850 199 285
959 443 871
443 871 959
871 443 959
1369 1213 1455
1213 1369 1455
1455 1213 1369
969 926 1080
926 969 1080
1080 926 969
1052 1442 1477
1442 1052 1477
1477 1052 1442
1013 357 594
594 357 1013
357 594 1013
220 248 349
248 220 349
349 220 248
1164 746 986
746 986 1164
986 746 1164
322 1274 1310
1274 322 1310
1310 322 1274
188 998 1267
1267 188 998
998 188 1267
347 943 1379
1379 347 943
943 347 1379
689 1270 1363
1363 689 1270
1270 689 1363
489 1288 1338
1338 489 1288
1288 489 1338
1236 313 1082
1082 313 1236
313 1082 1236
780 308 478
478 308 780
308 478 780
880 309 1434
1434 309 880
309 880 1434
1042 909 1388
909 1042 1388
1388 909 1042
1067 815 1036
1036 815 1067
815 1036 1067
863 1012 1187
1187 863 1012
1012 863 1187
21 1105 1161
1161 21 1105
1105 21 1161
635 287 356
287 356 635
356 287 635
1427 445 819
445 819 1427
819 445 1427
637 245 782
782 245 637
245 637 782
165 827 1247
1247 165 827
827 165 1247
178 1 536
536 1 178
1 178 536
811 698 1084
1084 698 811
698 811 1084
1374 980 1368
1368 980 1374
980 1368 1374
802 496 951
496 802 951
951 496 802
113 292 730
292 113 730
730 113 292
1381 1053 1143
1053 1143 1381
1143 1053 1381
1142 812 977
812 977 1142
977 812 1142
476 317 1469
317 476 1469
1469 317 476
561 724 1068
1068 561 724
724 561 1068
649 702 1372
702 649 1372
1372 649 702
1494 194 415
415 194 1494
194 415 1494
404 192 1398
1398 192 404
192 404 1398
417 891 938
891 417 938
938 417 891
128 323 1464
323 128 1464
1464 128 323
441 48 1200
1200 48 441
48 441 1200
1290 187 448
448 187 1290
187 448 1290
972 293 1217
293 972 1217
1217 293 972
1022 719 1172
719 1022 1172
1172 719 1022
1287 136 459
136 459 1287
459 136 1287
1111 631 948
631 948 1111
948 631 1111
1364 170 175
175 170 1364
170 175 1364
180 787 1340
1340 180 787
787 180 1340
921 1167 1263
1263 921 1167
1167 921 1263
1238 32 1115
32 1115 1238
1115 32 1238
68 967 1305
967 68 1305
1305 68 967
582 678 1228
678 582 1228
1228 582 678
723 211 1300
211 723 1300
1300 211 723
1081 240 593
240 593 1081
593 240 1081
40 53 388
388 40 53
53 40 388
167 461 1188
1188 167 461
461 167 1188
202 84 957
84 202 957
957 84 202
991 647 858
647 858 991
858 647 991
252 286 1258
286 252 1258
1258 252 286
179 312 1273
312 179 1273
1273 179 312
803 562 954
954 562 803
562 803 954
222 1358 1437
1358 222 1437
1437 222 1358
351 754 1390
1390 351 754
754 351 1390
707 315 805
315 707 805
805 315 707
359 684 828
828 359 684
684 359 828
498 555 1204
555 498 1204
1204 498 555
214 279 930
930 214 279
279 214 930
271 662 1275
662 271 1275
1275 271 662
1498 38 1186
1186 38 1498
38 1186 1498
392 989 1157
989 392 1157
1157 392 989
149 683 797
683 149 797
797 149 683
1023 215 1425
1425 215 1023
215 1023 1425
371 966 1438
966 371 1438
1438 371 966
1414 580 613
613 580 1414
580 613 1414
522 618 1370
618 522 1370
1370 522 618
856 554 869
869 554 856
554 856 869
639 145 1160
1160 145 639
145 639 1160
1083 865 1407
1407 865 1083
865 1083 1407
1113 679 1169
1169 679 1113
679 1113 1169
1486 534 1337
534 1337 1486
1337 534 1486
892 646 1333
646 892 1333
1333 646 892
469 10 844
844 10 469
10 469 844
860 207 1476
1476 207 860
207 860 1476
1473 378 995
995 378 1473
378 995 1473
377 660 1154
1154 377 660
660 377 1154
1156 127 1090
1090 127 1156
127 1090 1156
1253 332 1418
1418 332 1253
332 1253 1418
1135 430 1095
1095 430 1135
430 1095 1135
389 257 1025
1025 257 389
257 389 1025
579 204 997
997 204 579
204 579 997
654 241 373
373 241 654
241 373 654
1065 672 1086
1086 672 1065
672 1065 1086
663 708 1426
708 663 1426
1426 663 708
302 109 677
677 109 302
109 302 677
239 638 1419
1419 239 638
638 239 1419
1109 1283 1297
1297 1109 1283
1283 1109 1297
234 1030 1278
1278 234 1030
1030 234 1278
217 80 1001
80 217 1001
1001 80 217
823 601 690
690 601 823
601 690 823
756 114 150
150 114 756
114 150 756
98 1099 1103
1103 98 1099
1099 98 1103
157 1162 1328
1328 157 1162
1162 157 1328
85 69 1132
69 85 1132
1132 69 85
274 1152 1225
1152 274 1225
1225 274 1152
456 79 1463
79 456 1463
1463 79 456
1342 61 1436
1436 61 1342
61 1342 1436
28 801 1123
801 28 1123
1123 28 801
790 590 1101
1101 590 790
590 790 1101
401 391 792
792 391 401
391 401 792
364 688 1096
688 364 1096
1096 364 688
1146 164 1031
1031 164 1146
164 1031 1146
547 81 845
845 81 547
81 547 845
820 517 1448
1448 517 820
517 820 1448
147 321 669
669 147 321
321 147 669
1406 575 1495
575 1406 1495
1495 575 1406
492 809 1180
1180 492 809
809 492 1180
1239 440 753
440 753 1239
753 440 1239
774 530 1483
1483 530 774
530 774 1483
952 497 1380
497 952 1380
1380 497 952
800 741 1185
1185 741 800
741 800 1185
1447 189 628
628 189 1447
189 628 1447
51 374 516
516 51 374
374 51 516
771 518 1011
1011 518 771
518 771 1011
470 131 533
131 470 533
533 131 470
1061 656 899
656 899 1061
899 656 1061
798 52 229
52 229 798
229 52 798
1316 265 981
265 981 1316
981 265 1316
203 642 1171
1171 203 642
642 203 1171
467 842 1264
842 467 1264
1264 467 842
956 58 739
58 739 956
739 58 956
531 503 1009
1009 503 531
503 531 1009
89 1066 1485
1066 89 1485
1485 89 1066
1102 125 703
703 125 1102
125 703 1102
862 154 589
589 154 862
154 589 862
120 397 434
434 120 397
397 120 434
163 232 1317
1317 163 232
232 163 1317
936 633 1191
633 936 1191
1191 633 936
87 358 1226
1226 87 358
358 87 1226
1211 193 834
193 834 1211
834 193 1211
1116 255 338
255 338 1116
338 255 1116
1210 976 1479
976 1210 1479
1479 976 1210
479 1175 1474
1175 479 1474
1474 479 1175
831 306 945
945 306 831
306 831 945
329 629 1252
1252 329 629
629 329 1252
370 343 1472
343 370 1472
1472 343 370
1201 1308 1490
1308 1201 1490
1490 1201 1308
1443 853 1019
1019 853 1443
853 1019 1443
1181 450 1353
450 1181 1353
1353 450 1181
623 624 1312
1312 623 624
624 623 1312
93 1261 1481
1261 93 1481
1481 93 1261
833 659 906
659 833 906
906 659 833
446 484 1027
1027 446 484
484 446 1027
1343 320 916
916 320 1343
320 916 1343
671 888 1351
1351 671 888
888 671 1351
294 31 387
31 294 387
387 31 294
1265 889 1232
1232 889 1265
889 1232 1265
283 209 1385
1385 209 283
209 283 1385
480 140 1174
1174 140 480
140 480 1174
1493 290 301
290 301 1493
301 290 1493
212 20 305
20 212 305
305 20 212
424 198 1449
1449 198 424
198 424 1449
1038 76 1056
1056 76 1038
76 1038 1056
444 1121 1130
1130 444 1121
1121 444 1130
1292 65 1255
1255 65 1292
65 1255 1292
971 380 455
380 455 971
455 380 971
1093 166 407
407 166 1093
166 407 1093
527 421 546
421 527 546
546 421 527
1016 573 1219
573 1016 1219
1219 573 1016
205 174 1366
1366 174 205
174 205 1366
156 712 1230
712 156 1230
1230 156 712
1064 19 810
19 810 1064
810 19 1064
937 168 796
796 168 937
168 796 937
1461 44 886
886 44 1461
44 886 1461
849 785 1120
1120 785 849
785 849 1120
941 924 1289
1289 924 941
924 941 1289
960 437 1087
437 960 1087
1087 437 960
223 433 1460
433 223 1460
1460 223 433
1303 894 1352
894 1303 1352
1352 894 1303
420 431 804
431 420 804
804 420 431
794 59 1034
59 794 1034
1034 59 794
197 291 641
641 197 291
291 197 641
1092 25 138
25 138 1092
138 25 1092
949 275 1444
1444 275 949
275 949 1444
620 300 922
300 620 922
922 300 620
1269 62 326
62 326 1269
326 62 1269
1020 652 1206
1206 652 1020
652 1020 1206
734 135 412
412 135 734
135 412 734
955 541 1214
541 955 1214
1214 541 955
1259 206 655
206 655 1259
655 206 1259
510 1150 1199
1150 510 1199
1199 510 1150
335 566 990
566 335 990
990 335 566
264 524 1322
524 264 1322
1322 264 524
893 263 569
263 569 893
569 263 893
521 525 744
525 521 744
744 521 525
557 221 1222
1222 221 557
221 557 1222
1076 342 1306
1306 342 1076
342 1076 1306
1412 609 1452
1452 609 1412
609 1412 1452
1184 208 1110
208 1110 1184
1110 208 1184
608 457 879
879 457 608
457 608 879
832 507 738
738 507 832
507 738 832
1429 643 783
643 783 1429
783 643 1429
1215 383 464
383 464 1215
464 383 1215
57 1035 1402
1402 57 1035
1035 57 1402
1296 1176 1405
1405 1176 1296
1176 1296 1405
277 304 1315
304 277 1315
1315 277 304
172 848 1250
848 172 1250
1250 172 848
918 416 1129
1129 416 918
416 918 1129
350 410 978
978 350 410
410 350 978
606 752 1051
752 606 1051
1051 606 752
1094 454 942
454 942 1094
942 454 1094
838 97 365
365 97 838
97 365 838
1043 929 1432
929 1043 1432
1432 929 1043
162 1170 1318
1170 162 1318
1318 162 1170
1137 12 422
12 422 1137
422 12 1137
693 1047 1070
1047 693 1070
1070 693 1047
818 550 1482
1482 550 818
550 818 1482
137 90 740
740 90 137
90 137 740
786 233 532
532 233 786
233 532 786
1050 299 963
299 963 1050
963 299 1050
1041 39 169
39 169 1041
169 39 1041
247 64 436
64 247 436
436 64 247
626 191 360
191 360 626
360 191 626
278 201 933
933 201 278
201 278 933
333 256 423
423 256 333
256 333 423
615 344 493
493 344 615
344 493 615
650 630 1055
630 650 1055
1055 630 650
348 563 1355
1355 348 563
563 348 1355
60 413 1423
1423 60 413
413 60 1423
1422 882 1470
882 1422 1470
1470 882 1422
96 568 1465
568 96 1465
1465 96 568
772 595 636
636 595 772
595 636 772
640 41 92
92 41 640
41 92 640
1015 512 1007
512 1007 1015
1007 512 1015
821 1134 1339
1339 821 1134
1134 821 1339
1059 161 1177
161 1059 1177
1177 161 1059
1459 152 898
898 152 1459
152 898 1459
513 537 766
766 513 537
537 513 766
680 538 721
721 538 680
538 680 721
758 686 775
775 686 758
686 758 775
586 549 1446
549 586 1446
1446 549 586
242 645 1336
645 242 1336
1336 242 645
151 261 634
261 151 634
634 151 261
1345 1140 1326
1140 1326 1345
1326 1140 1345
915 72 1484
72 915 1484
1484 72 915
515 722 1496
722 515 1496
1496 515 722
923 428 776
428 776 923
776 428 923
402 67 1197
1197 67 402
67 402 1197
398 246 591
591 246 398
246 398 591
1194 1168 1212
1168 1194 1212
1212 1168 1194
394 281 837
281 394 837
837 281 394
1029 361 824
824 361 1029
361 824 1029
1165 691 1466
1466 691 1165
691 1165 1466
983 158 346
346 158 983
158 346 983
714 711 1280
711 714 1280
1280 711 714
855 29 176
29 176 855
176 29 855
1155 808 1198
1198 808 1155
808 1155 1198
1071 258 1421
1421 258 1071
258 1071 1421
1033 73 965
965 73 1033
73 965 1033
153 661 940
940 153 661
661 153 940
276 399 681
681 276 399
399 276 681
5 666 760
760 5 666
666 5 760
839 979 1500
1500 839 979
979 839 1500
132 33 186
186 33 132
33 132 186
851 495 1387
495 851 1387
1387 495 851
403 231 367
231 367 403
367 231 403
868 6 777
777 6 868
6 777 868
273 83 1394
1394 83 273
83 273 1394
876 1098 1276
1276 876 1098
1098 876 1276
414 799 1048
1048 414 799
799 414 1048
324 159 1028
159 324 1028
1028 159 324
1037 773 1458
773 1037 1458
1458 773 1037
429 372 1243
372 429 1243
1243 372 429
144 829 996
996 144 829
829 144 996
1314 504 806
806 504 1314
504 806 1314
1350 345 840
840 345 1350
345 840 1350
861 126 385
385 126 861
126 385 861
396 958 1282
1282 396 958
958 396 1282
447 605 1284
605 447 1284
1284 447 605
914 577 1313
1313 577 914
577 914 1313
673 63 1453
1453 63 673
63 673 1453
867 520 1417
1417 520 867
520 867 1417
726 408 1356
1356 408 726
408 726 1356
705 418 667
667 418 705
418 667 705
494 1079 1281
1079 494 1281
1281 494 1079
528 1209 1395
1395 528 1209
1209 528 1395
617 1078 1307
1078 617 1307
1307 617 1078
816 122 984
984 122 816
122 816 984
1002 78 506
506 78 1002
78 506 1002
251 696 887
696 251 887
887 251 696
1456 449 1234
1234 449 1456
449 1234 1456
289 288 973
288 289 973
973 288 289
1386 213 482
213 482 1386
482 213 1386
648 485 1058
485 648 1058
1058 485 648
190 325 1045
325 190 1045
1045 190 325
1004 406 1085
1085 406 1004
406 1004 1085
791 155 788
155 788 791
788 155 791
409 182 1242
1242 182 409
182 409 1242
327 115 411
115 327 411
411 115 327
1124 576 602
576 602 1124
602 576 1124
931 1331 1430
1331 931 1430
1430 931 1331
720 311 1384
311 720 1384
1384 311 720
817 254 685
685 254 817
254 685 817
987 1114 1208
1114 987 1208
1208 987 1114
1063 745 761
761 745 1063
745 761 1063
1262 982 1163
1163 982 1262
982 1163 1262
1147 269 947
269 947 1147
947 269 1147
670 835 1046
835 670 1046
1046 670 835
1220 71 1286
1286 71 1220
71 1220 1286
104 460 1183
460 104 1183
1183 104 460
340 23 1119
1119 23 340
23 340 1119
1189 106 713
106 713 1189
713 106 1189
1166 567 588
567 588 1166
588 567 1166
1196 725 1499
725 1196 1499
1499 725 1196
119 334 487
487 119 334
334 119 487
474 1245 1371
1245 474 1371
1371 474 1245
200 238 755
238 200 755
755 200 238
1091 133 1260
1260 133 1091
133 1091 1260
99 295 560
560 99 295
295 99 560
529 481 717
717 481 529
481 529 717
1010 249 715
249 715 1010
715 249 1010
1190 452 1069
1069 452 1190
452 1069 1190
632 146 1416
1416 146 632
146 632 1416
2 108 767
108 2 767
767 2 108
77 381 1327
381 77 1327
1327 77 381
1354 318 539
318 539 1354
539 318 1354
336 904 1277
1277 336 904
904 336 1277
314 14 491
491 14 314
14 314 491
1106 432 897
432 897 1106
897 432 1106
870 769 1361
1361 769 870
769 870 1361
1397 545 814
814 545 1397
545 814 1397
600 390 1008
1008 390 600
390 600 1008
266 668 1193
1193 266 668
668 266 1193
1409 405 1138
1138 405 1409
405 1138 1409
781 298 382
298 382 781
382 298 781
934 616 1396
1396 616 934
616 934 1396
1304 622 1348
622 1304 1348
1348 622 1304
905 366 1021
1021 366 905
366 905 1021
1054 1179 1487
1179 1054 1487
1487 1054 1179
925 1227 1295
1295 925 1227
1227 925 1295
47 627 992
992 47 627
627 47 992
1445 331 885
331 885 1445
885 331 1445
1223 88 597
597 88 1223
88 597 1223
508 581 883
883 508 581
581 508 883
1302 1072 1251
1251 1072 1302
1072 1251 1302
1324 111 226
111 226 1324
226 111 1324
1088 988 1377
1377 988 1088
988 1088 1377
1128 540 830
830 540 1128
540 830 1128
18 124 572
572 18 124
124 18 572
121 219 854
219 121 854
854 121 219
354 543 610
543 354 610
610 354 543
735 857 901
901 735 857
857 735 901
303 742 1309
1309 303 742
742 303 1309
1399 873 944
873 944 1399
944 873 1399
625 974 1389
1389 625 974
974 625 1389
196 653 1077
653 196 1077
1077 196 653
227 704 1413
1413 227 704
704 227 1413
148 737 1362
1362 148 737
737 148 1362
143 171 1159
1159 143 171
171 143 1159
1492 514 1359
1359 514 1492
514 1359 1492
296 874 900
900 296 874
874 296 900
1400 953 1349
953 1349 1400
1349 953 1400
262 1293 1433
1433 262 1293
1293 262 1433
1334 556 1256
556 1256 1334
1256 556 1334
1073 328 376
328 376 1073
376 328 1073
225 13 1266
1266 13 225
13 225 1266
1026 250 1151
250 1026 1151
1151 250 1026
843 129 369
369 129 843
129 369 843
994 1224 1404
1404 994 1224
1224 994 1404
451 70 558
558 70 451
70 451 558
134 751 872
751 134 872
872 134 751
1268 3 1205
1205 3 1268
3 1205 1268
235 1104 1471
1104 235 1471
1471 235 1104
268 526 682
526 268 682
682 268 526
1491 884 1441
1441 884 1491
884 1441 1491
748 307 1145
307 748 1145
1145 307 748
523 505 1475
505 523 1475
1475 505 523
919 1003 1044
1044 919 1003
1003 919 1044
11 466 1410
466 11 1410
1410 11 466
66 471 535
471 66 535
535 66 471
825 86 651
86 651 825
651 86 825
1182 565 878
878 565 1182
565 878 1182
665 644 1149
1149 644 665
644 665 1149
453 123 1112
123 453 1112
1112 123 453
43 553 1319
553 43 1319
1319 43 553
903 362 1173
362 903 1173
1173 362 903
574 101 1244
101 574 1244
1244 101 574
427 946 964
964 427 946
946 427 964
142 438 1335
438 142 1335
1335 142 438
789 544 687
687 544 789
544 687 789
866 218 355
218 355 866
355 218 866
619 282 1017
1017 282 619
282 619 1017
727 793 939
939 727 793
793 727 939
386 116 927
116 386 927
927 116 386
1131 599 762
762 599 1131
599 762 1131
426 105 1329
105 426 1329
1329 105 426
30 110 1393
1393 30 110
110 30 1393
657 117 607
117 607 657
607 117 657
1237 112 807
112 807 1237
807 112 1237
15 895 1454
895 15 1454
1454 15 895
439 729 1235
1235 439 729
729 439 1235
1321 1024 1457
1024 1321 1457
1457 1024 1321
1424 912 1375
912 1375 1424
1375 912 1424
847 1347 1373
1373 847 1347
1347 847 1373
1299 216 1062
216 1062 1299
1062 216 1299
393 784 1014
784 393 1014
1014 393 784
1005 935 1018
1018 935 1005
935 1005 1018
1207 319 400
319 400 1207
400 319 1207
1408 1411 1488
1411 1408 1488
1488 1408 1411
1000 139 1249
1249 139 1000
139 1000 1249
243 896 1271
1271 243 896
896 243 1271
1478 210 750
750 210 1478
210 750 1478
910 74 813
813 74 910
74 813 910
499 548 1376
1376 499 548
548 499 1376
611 779 1136
1136 611 779
779 611 1136
177 1108 1320
1320 177 1108
1108 177 1320
1346 17 130
17 130 1346
130 17 1346
564 310 585
310 564 585
585 310 564
486 1125 1462
1125 486 1462
1462 486 1125
975 82 778
82 778 975
778 82 975
694 864 1403
1403 694 864
864 694 1403
1415 16 716
716 16 1415
16 716 1415
1107 368 379
368 379 1107
379 368 1107
733 253 917
917 253 733
253 733 917
75 743 1365
1365 75 743
743 75 1365
37 475 1240
475 37 1240
1240 37 475
230 458 1360
1360 230 458
458 230 1360
852 488 1450
1450 488 852
488 852 1450
881 435 1435
435 881 1435
1435 435 881
795 483 710
710 483 795
483 710 795
701 244 272
244 272 701
272 244 701
571 118 1451
1451 118 571
118 571 1451
94 674 1497
1497 94 674
674 94 1497
570 384 1153
1153 384 570
384 570 1153
375 237 747
237 375 747
747 237 375
749 1049 1127
1049 749 1127
1127 749 1049
614 463 731
463 614 731
731 463 614
181 509 902
509 181 902
902 181 509
700 502 1040
502 700 1040
1040 502 700
1148 826 1195
1195 826 1148
826 1148 1195
1139 584 1241
584 1139 1241
1241 584 1139
962 184 1392
184 962 1392
1392 184 962
1216 985 1367
1367 985 1216
985 1216 1367
911 91 676
91 676 911
676 91 911
950 472 1133
1133 472 950
472 950 1133
316 45 1332
45 316 1332
1332 45 316
763 511 1203
1203 511 763
511 763 1203
341 34 1122
1122 34 341
34 341 1122
1439 501 913
913 501 1439
501 913 1439
890 709 718
718 709 890
709 718 890
759 542 920
920 542 759
542 759 920
1218 22 877
22 877 1218
877 22 1218
352 695 1141
1141 352 695
695 352 1141
284 736 1257
736 284 1257
1257 284 736
768 35 95
95 35 768
35 95 768
1272 236 552
236 552 1272
552 236 1272
