392 1150 1338
1338 392 1150
1150 392 1338
922 728 1037
728 922 1037
1037 728 922
214 849 1044
849 214 1044
1044 214 849
979 621 792
621 792 979
792 621 979
1097 612 1385
612 1097 1385
1385 612 1097
199 256 278
256 199 278
278 199 256
751 749 920
920 749 751
749 751 920
1162 167 557
167 557 1162
557 167 1162
537 764 1227
1227 537 764
764 537 1227
1213 210 1013
210 1013 1213
1013 210 1213
706 665 833
665 706 833
833 665 706
1139 18 617
617 18 1139
18 617 1139
279 808 1366
1366 279 808
808 279 1366
845 297 1497
1497 297 845
297 845 1497
907 1278 1393
1278 907 1393
1393 907 1278
497 724 1347
1347 497 724
724 497 1347
624 54 86
86 54 624
54 86 624
1258 31 597
597 31 1258
31 597 1258
807 628 640
628 640 807
640 628 807
737 511 1293
1293 511 737
511 737 1293
518 879 1399
1399 518 879
879 518 1399
1388 27 1084
1084 27 1388
27 1084 1388
1494 197 231
197 231 1494
231 197 1494
307 292 615
292 307 615
615 292 307
1413 908 1305
1305 908 1413
908 1305 1413
65 1038 1446
1446 65 1038
1038 65 1446
374 399 754
399 374 754
754 374 399
355 367 1335
1335 355 367
367 355 1335
859 889 1269
1269 859 889
889 859 1269
1234 171 551
171 551 1234
551 171 1234
101 556 902
556 101 902
902 101 556
23 298 987
298 23 987
987 23 298
1184 227 422
422 227 1184
227 422 1184
164 4 219
219 4 164
4 164 219
462 36 996
996 36 462
36 462 996
1220 87 740
87 740 1220
740 87 1220
1233 744 814
814 744 1233
744 814 1233
862 507 570
570 507 862
507 570 862
678 727 1224
1224 678 727
727 678 1224
290 306 404
404 290 306
306 290 404
1484 160 533
160 533 1484
533 160 1484
504 484 1329
484 504 1329
1329 484 504
911 62 1073
62 911 1073
1073 62 911
34 390 1041
1041 34 390
390 34 1041
1216 115 1449
115 1216 1449
1449 115 1216
1199 175 192
192 175 1199
175 192 1199
431 687 738
687 431 738
738 431 687
1414 436 962
962 436 1414
436 962 1414
819 1116 1481
1116 819 1481
1481 819 1116
924 459 536
459 536 924
536 459 924
1309 1265 1296
1265 1296 1309
1296 1265 1309
781 772 989
989 772 781
772 781 989
1275 633 1365
633 1275 1365
1365 633 1275
1067 407 1019
1019 407 1067
407 1019 1067
913 603 1051
603 913 1051
1051 603 913
956 419 1210
1210 419 956
419 956 1210
1185 161 1253
1253 161 1185
161 1185 1253
1230 360 964
964 360 1230
360 964 1230
166 782 951
951 166 782
782 166 951
194 585 891
891 194 585
585 194 891
469 226 1095
226 469 1095
1095 226 469
368 516 653
653 368 516
516 368 653
362 746 1176
1176 362 746
746 362 1176
1235 397 1490
397 1235 1490
1490 397 1235
1022 563 1418
563 1022 1418
1418 563 1022
233 250 1203
250 233 1203
1203 233 250
1036 169 1428
169 1036 1428
1428 169 1036
736 56 1215
1215 56 736
56 736 1215
1186 305 695
695 305 1186
305 695 1186
1340 710 1226
1226 710 1340
710 1226 1340
418 586 688
688 418 586
586 418 688
382 565 1355
1355 382 565
565 382 1355
240 1034 1170
1034 240 1170
1170 240 1034
995 43 1159
43 995 1159
1159 43 995
1004 155 803
155 803 1004
803 155 1004
915 348 481
481 348 915
348 481 915
1264 265 1198
265 1198 1264
1198 265 1264
769 410 741
410 741 769
741 410 769
331 627 868
868 331 627
627 331 868
124 63 1342
1342 63 124
63 124 1342
91 253 949
949 91 253
253 91 949
714 691 1144
691 714 1144
1144 691 714
172 170 1050
1050 170 172
170 172 1050
828 878 1442
1442 828 878
878 828 1442
675 545 720
545 675 720
720 545 675
673 57 1200
57 673 1200
1200 57 673
446 493 1464
1464 446 493
493 446 1464
711 341 501
341 501 711
501 341 711
1312 513 1131
513 1131 1312
1131 513 1312
468 52 506
52 468 506
506 52 468
1246 261 1252
1252 261 1246
261 1246 1252
433 464 993
464 433 993
993 433 464
1202 980 1167
980 1167 1202
1167 980 1202
1042 325 350
325 350 1042
350 325 1042
1061 272 1282
1282 272 1061
272 1061 1282
1045 150 346
150 346 1045
346 150 1045
1134 394 562
562 394 1134
394 562 1134
657 179 966
966 179 657
179 657 966
729 637 944
637 729 944
944 637 729
984 671 760
760 671 984
671 760 984
444 326 576
576 326 444
326 444 576
1358 11 1440
11 1358 1440
1440 11 1358
474 1217 1307
1217 474 1307
1307 474 1217
1163 257 938
257 938 1163
938 257 1163
998 812 1357
812 998 1357
1357 812 998
104 213 232
213 104 232
232 104 213
309 514 1391
514 309 1391
1391 309 514
59 1212 1321
1212 59 1321
1321 59 1212
529 846 1459
846 529 1459
1459 529 846
249 1049 1232
1049 249 1232
1232 249 1049
977 387 732
387 732 977
732 387 977
500 55 600
600 55 500
55 500 600
670 149 1031
1031 149 670
149 670 1031
1110 85 378
85 378 1110
378 85 1110
22 79 748
748 22 79
79 22 748
1193 1316 1408
1408 1193 1316
1316 1193 1408
668 704 762
762 668 704
704 668 762
607 717 790
790 607 717
717 607 790
592 135 354
135 354 592
354 135 592
50 131 472
472 50 131
131 50 472
1016 716 1181
716 1016 1181
1181 716 1016
1412 842 1256
842 1256 1412
1256 842 1412
1273 1268 1483
1483 1268 1273
1268 1273 1483
1262 411 1325
1325 411 1262
411 1262 1325
644 538 1010
538 644 1010
1010 538 644
733 20 1030
1030 20 733
20 733 1030
547 1015 1033
1015 547 1033
1033 547 1015
37 84 191
84 37 191
191 37 84
1125 626 882
882 626 1125
626 882 1125
61 189 1117
1117 61 189
189 61 1117
299 77 871
871 77 299
77 299 871
974 136 841
136 841 974
841 136 974
895 844 1471
1471 844 895
844 895 1471
715 825 1466
825 715 1466
1466 715 825
1259 901 1387
901 1259 1387
1387 901 1259
100 953 1431
1431 100 953
953 100 1431
386 669 954
954 386 669
669 386 954
209 184 1285
1285 184 209
184 209 1285
5 1188 1448
1188 5 1448
1448 5 1188
180 840 1164
1164 180 840
840 180 1164
971 300 352
352 300 971
300 352 971
682 1384 1422
1422 682 1384
1384 682 1422
780 127 1086
127 780 1086
1086 127 780
836 466 1345
466 836 1345
1345 466 836
1100 94 544
94 544 1100
544 94 1100
447 38 1146
38 447 1146
1146 38 447
1407 19 757
19 757 1407
757 19 1407
296 641 1328
641 296 1328
1328 296 641
375 625 896
625 375 896
896 375 625
486 667 1486
1486 486 667
667 486 1486
567 266 393
266 393 567
393 266 567
1128 370 1456
1456 370 1128
370 1128 1456
1339 314 679
314 679 1339
679 314 1339
1071 894 1476
1476 894 1071
894 1071 1476
1109 1158 1241
1241 1109 1158
1158 1109 1241
719 574 1434
574 719 1434
1434 574 719
734 831 861
861 734 831
831 734 861
1392 275 816
816 275 1392
275 816 1392
997 176 1397
176 997 1397
1397 176 997
973 193 263
193 263 973
263 193 973
185 116 1115
116 185 1115
1115 116 185
366 540 1094
540 366 1094
1094 366 540
1240 53 373
373 53 1240
53 373 1240
798 756 1279
1279 756 798
756 798 1279
646 434 1411
1411 434 646
434 646 1411
661 322 1379
1379 322 661
322 661 1379
1104 635 870
870 635 1104
635 870 1104
337 223 229
229 223 337
223 229 337
212 246 876
246 212 876
876 212 246
663 312 596
596 312 663
312 596 663
377 98 789
789 98 377
98 377 789
473 426 1148
426 473 1148
1148 426 473
519 268 935
268 519 935
935 268 519
1492 132 696
132 696 1492
696 132 1492
681 655 1351
1351 655 681
655 681 1351
1491 1029 1334
1029 1334 1491
1334 1029 1491
1499 1006 1231
1006 1231 1499
1231 1006 1499
71 41 981
981 41 71
41 71 981
412 118 274
118 274 412
274 118 412
656 17 1454
17 656 1454
1454 17 656
802 273 317
273 317 802
317 273 802
1331 647 990
990 647 1331
647 990 1331
693 743 1396
1396 693 743
743 693 1396
177 129 1286
1286 129 177
129 177 1286
1002 589 1463
1463 589 1002
589 1002 1463
1417 843 1326
1326 843 1417
843 1326 1417
559 39 202
39 202 559
202 39 559
940 334 1277
1277 334 940
334 940 1277
1270 82 1311
82 1270 1311
1311 82 1270
3 220 930
930 3 220
220 3 930
357 884 1072
1072 357 884
884 357 1072
873 429 489
429 489 873
489 429 873
1242 796 1364
1364 796 1242
796 1242 1364
575 260 463
463 260 575
260 463 575
568 526 1040
1040 526 568
526 568 1040
583 269 542
542 269 583
269 542 583
955 686 1007
686 955 1007
1007 686 955
652 122 1352
1352 122 652
122 652 1352
731 196 1444
196 731 1444
1444 196 731
2 230 937
230 2 937
937 2 230
188 799 1106
1106 188 799
799 188 1106
428 1052 1390
1390 428 1052
1052 428 1390
181 948 1487
1487 181 948
948 181 1487
153 321 1091
1091 153 321
321 153 1091
7 221 619
221 7 619
619 7 221
121 793 851
793 121 851
851 121 793
126 945 1375
1375 126 945
945 126 1375
899 441 1317
1317 441 899
441 899 1317
1318 97 1122
1122 97 1318
97 1122 1318
692 154 424
424 154 692
154 424 692
58 282 442
442 58 282
282 58 442
95 42 1099
42 95 1099
1099 42 95
1488 396 933
396 933 1488
933 396 1488
133 1249 1473
1249 133 1473
1473 133 1249
912 137 1174
137 912 1174
1174 137 912
1118 475 1179
475 1118 1179
1179 475 1118
1332 454 1260
1260 454 1332
454 1260 1332
725 835 1156
1156 725 835
835 725 1156
1432 467 1129
1129 467 1432
467 1129 1432
353 771 1409
1409 353 771
771 353 1409
708 361 541
541 361 708
361 541 708
726 351 453
351 453 726
453 351 726
588 779 926
779 588 926
926 588 779
1130 344 634
634 344 1130
344 634 1130
1136 112 1142
1142 112 1136
112 1136 1142
83 47 401
401 47 83
47 83 401
934 1076 1107
1107 934 1076
1076 934 1107
1420 72 927
927 72 1420
72 927 1420
1001 16 205
16 205 1001
205 16 1001
281 69 288
288 69 281
69 281 288
1043 277 1154
277 1043 1154
1154 277 1043
795 1333 1474
1474 795 1333
1333 795 1474
1121 829 1348
829 1121 1348
1348 829 1121
598 712 881
881 598 712
712 598 881
151 969 1047
969 151 1047
1047 151 969
968 1074 1257
1257 968 1074
1074 968 1257
1423 773 838
838 773 1423
773 838 1423
117 1243 1284
1284 117 1243
1243 117 1284
1274 178 577
577 178 1274
178 577 1274
147 561 1435
561 147 1435
1435 147 561
950 650 1400
650 950 1400
1400 650 950
1017 524 1302
524 1017 1302
1302 524 1017
1439 335 839
335 839 1439
839 335 1439
452 549 898
898 452 549
549 452 898
479 888 1123
888 479 1123
1123 479 888
1292 785 992
785 992 1292
992 785 1292
92 204 216
216 92 204
204 92 216
701 1114 1192
1114 701 1192
1192 701 1114
139 999 1140
999 139 1140
1140 139 999
918 525 887
887 525 918
525 887 918
1406 140 880
880 140 1406
140 880 1406
1112 476 1152
476 1112 1152
1152 476 1112
420 130 1389
1389 130 420
130 420 1389
1064 28 80
28 80 1064
80 28 1064
1069 358 1046
358 1046 1069
1046 358 1069
217 1011 1248
1011 217 1248
1248 217 1011
445 865 1178
865 445 1178
1178 445 865
965 187 1322
1322 187 965
187 965 1322
32 287 1426
287 32 1426
1426 32 287
1024 553 1003
553 1003 1024
1003 553 1024
515 289 566
566 289 515
289 515 566
680 794 1367
1367 680 794
794 680 1367
690 224 1374
224 690 1374
1374 224 690
931 685 904
685 904 931
904 685 931
1155 338 1341
338 1155 1341
1341 338 1155
959 674 1451
1451 674 959
674 959 1451
581 395 642
395 581 642
642 395 581
1361 747 867
867 747 1361
747 867 1361
761 324 403
403 324 761
324 403 761
856 234 1191
234 856 1191
1191 234 856
1025 15 293
293 15 1025
15 293 1025
591 271 1304
1304 271 591
271 591 1304
958 349 1221
1221 349 958
349 958 1221
1298 1137 1151
1151 1137 1298
1137 1151 1298
168 869 1401
869 168 1401
1401 168 869
554 1143 1271
1271 554 1143
1143 554 1271
546 1135 1251
1251 546 1135
1135 546 1251
1062 683 1283
683 1062 1283
1283 683 1062
90 200 709
709 90 200
200 90 709
1088 483 1101
1101 483 1088
483 1088 1101
245 81 1035
81 245 1035
1035 81 245
986 120 450
450 120 986
120 450 986
1394 206 320
320 206 1394
206 320 1394
579 1225 1299
1225 579 1299
1299 579 1225
134 765 1419
765 134 1419
1419 134 765
1119 10 599
10 599 1119
599 10 1119
648 330 638
330 638 648
638 330 648
805 723 1500
1500 723 805
723 805 1500
532 198 1425
1425 198 532
198 532 1425
318 1057 1168
1057 318 1168
1168 318 1057
643 40 376
376 40 643
40 376 643
666 947 1201
947 666 1201
1201 666 947
503 251 1349
1349 251 503
251 503 1349
1021 25 967
967 25 1021
25 967 1021
1314 595 1172
595 1172 1314
1172 595 1314
1460 8 248
8 248 1460
248 8 1460
430 163 343
343 163 430
163 343 430
328 409 684
409 328 684
684 328 409
622 517 614
614 517 622
517 614 622
494 560 1063
1063 494 560
560 494 1063
1153 158 1113
1113 158 1153
158 1113 1153
1157 304 854
304 854 1157
854 304 1157
146 125 662
662 125 146
125 146 662
1465 64 594
64 594 1465
594 64 1465
823 1059 1147
1147 823 1059
1059 823 1147
1280 449 1402
449 1280 1402
1402 449 1280
791 943 1085
1085 791 943
943 791 1085
774 573 659
659 573 774
573 659 774
742 1250 1493
1250 742 1493
1493 742 1250
389 109 491
109 389 491
491 109 389
356 123 174
174 123 356
123 174 356
1018 241 1281
1281 241 1018
241 1018 1281
1187 183 1378
183 1187 1378
1378 183 1187
102 587 1376
587 102 1376
1376 102 587
1204 332 1306
332 1204 1306
1306 332 1204
1360 694 872
694 872 1360
872 694 1360
1189 739 1267
1267 739 1189
739 1189 1267
162 572 1209
1209 162 572
572 162 1209
890 145 1222
1222 145 890
145 890 1222
610 1173 1427
1173 610 1427
1427 610 1173
925 1300 1445
1445 925 1300
1300 925 1445
1330 550 721
550 721 1330
721 550 1330
276 13 1169
13 276 1169
1169 13 276
623 259 313
313 259 623
259 313 623
857 523 770
523 770 857
770 523 857
502 858 1096
858 502 1096
1096 502 858
408 848 970
970 408 848
848 408 970
113 571 1447
571 113 1447
1447 113 571
1190 505 1028
1028 505 1190
505 1028 1190
415 379 651
651 379 415
379 415 651
159 24 316
24 159 316
316 24 159
584 1083 1404
1083 584 1404
1404 584 1083
471 14 1255
14 471 1255
1255 14 471
804 228 340
340 228 804
228 340 804
1453 649 1373
649 1373 1453
1373 649 1453
1482 639 929
929 639 1482
639 929 1482
713 143 448
448 143 713
143 448 713
1205 108 1065
108 1065 1205
1065 108 1205
985 604 1362
604 985 1362
1362 604 985
520 21 1430
21 520 1430
1430 21 520
173 45 1327
45 173 1327
1327 45 173
385 826 905
905 385 826
826 385 905
106 543 1350
1350 106 543
543 106 1350
1291 114 1126
1126 114 1291
114 1126 1291
413 522 1437
1437 413 522
522 413 1437
437 242 658
242 437 658
658 242 437
30 156 1218
1218 30 156
156 30 1218
702 99 1082
99 702 1082
1082 99 702
1266 827 1175
1175 827 1266
827 1175 1266
982 425 495
425 495 982
495 425 982
1475 620 903
903 620 1475
620 903 1475
482 218 1180
218 482 1180
1180 218 482
211 1048 1324
1048 211 1324
1324 211 1048
700 677 961
961 677 700
677 700 961
527 12 440
440 12 527
12 440 527
333 916 1450
1450 333 916
916 333 1450
107 1485 1496
1485 107 1496
1496 107 1485
752 806 893
893 752 806
806 752 893
834 414 645
645 414 834
414 645 834
1343 923 994
994 923 1343
923 994 1343
1177 632 885
632 885 1177
885 632 1177
919 499 535
499 535 919
535 499 919
460 35 660
35 460 660
660 35 460
1075 49 788
788 49 1075
49 788 1075
6 957 1421
1421 6 957
957 6 1421
496 141 1108
1108 141 496
141 496 1108
252 238 552
552 238 252
238 252 552
832 380 1356
1356 380 832
380 832 1356
852 363 718
363 718 852
718 363 852
1039 190 1403
190 1039 1403
1403 190 1039
383 1080 1354
1354 383 1080
1080 383 1354
963 837 1467
1467 837 963
837 963 1467
822 1089 1194
1194 822 1089
1089 822 1194
1020 44 960
960 44 1020
44 960 1020
345 456 1090
1090 345 456
456 345 1090
111 830 1081
830 111 1081
1081 111 830
110 578 988
578 110 988
988 110 578
1239 910 1008
1008 910 1239
910 1008 1239
820 735 1289
1289 735 820
735 820 1289
1368 301 972
972 301 1368
301 972 1368
66 478 952
478 66 952
952 66 478
295 93 1244
1244 93 295
93 295 1244
488 302 1469
302 488 1469
1469 302 488
1105 451 1014
451 1014 1105
1014 451 1105
157 423 801
423 157 801
801 157 423
1371 105 528
105 528 1371
528 105 1371
768 664 1098
664 768 1098
1098 664 768
616 676 906
906 616 676
676 616 906
631 921 1009
921 631 1009
1009 631 921
548 398 698
698 398 548
398 548 698
1197 1436 1443
1436 1197 1443
1443 1197 1436
1079 88 1206
1206 88 1079
88 1079 1206
1120 606 1457
1457 606 1120
606 1120 1457
1027 152 1369
1369 152 1027
152 1027 1369
1223 809 1441
1441 809 1223
809 1223 1441
534 119 1138
119 534 1138
1138 119 534
443 900 1308
1308 443 900
900 443 1308
1353 722 1093
722 1093 1353
1093 722 1353
186 1145 1380
1145 186 1380
1380 186 1145
555 369 1160
369 555 1160
1160 369 555
978 936 946
936 946 978
946 936 978
763 582 775
582 763 775
775 582 763
1054 1315 1462
1462 1054 1315
1315 1054 1462
243 1092 1254
1254 243 1092
1092 243 1254
68 371 1346
371 68 1346
1346 68 371
1416 1195 1245
1195 1245 1416
1245 1195 1416
128 703 1276
1276 128 703
703 128 1276
1455 283 860
860 283 1455
283 860 1455
1208 1320 1377
1377 1208 1320
1320 1208 1377
323 327 941
941 323 327
327 323 941
1196 311 1310
311 1196 1310
1310 311 1196
897 336 1068
336 897 1068
1068 336 897
508 73 1165
73 508 1165
1165 73 508
601 1161 1429
1429 601 1161
1161 601 1429
148 521 1247
1247 148 521
521 148 1247
1363 853 983
983 853 1363
853 983 1363
201 465 753
753 201 465
465 201 753
855 270 975
975 270 855
270 855 975
75 225 932
932 75 225
225 75 932
244 247 485
485 244 247
247 244 485
67 455 492
455 67 492
492 67 455
339 286 777
286 339 777
777 286 339
421 909 1336
909 421 1336
1336 421 909
1012 813 1395
813 1012 1395
1395 813 1012
1000 237 1132
237 1000 1132
1132 237 1000
1111 347 1294
1294 347 1111
347 1111 1294
417 530 864
530 417 864
864 417 530
705 629 1383
629 705 1383
1383 629 705
1301 9 432
432 9 1301
9 432 1301
1219 824 1056
824 1056 1219
1056 824 1219
1323 699 850
850 699 1323
699 850 1323
564 76 1372
76 564 1372
1372 76 564
255 33 1303
1303 33 255
33 255 1303
264 70 319
319 70 264
70 264 319
697 875 1313
875 697 1313
1313 697 875
78 1228 1498
1228 78 1498
1498 78 1228
388 477 1472
1472 388 477
477 388 1472
60 810 914
914 60 810
810 60 914
1381 51 458
51 458 1381
458 51 1381
1337 1055 1237
1055 1237 1337
1237 1055 1337
942 784 1229
784 942 1229
1229 784 942
1405 26 1182
1182 26 1405
26 1182 1405
1261 29 1077
29 1077 1261
1077 29 1261
416 103 236
236 103 416
103 236 416
1026 138 636
138 636 1026
636 138 1026
1263 776 883
883 776 1263
776 883 1263
1344 359 509
359 509 1344
509 359 1344
755 310 435
435 310 755
310 435 755
372 315 758
315 372 758
758 315 372
1166 267 767
267 767 1166
767 267 1166
1070 285 381
381 285 1070
285 381 1070
1207 783 1386
783 1207 1386
1386 783 1207
487 618 1127
618 487 1127
1127 487 618
759 427 609
609 427 759
427 609 759
400 391 939
939 391 400
391 400 939
1124 498 786
786 498 1124
498 786 1124
1495 672 1023
672 1023 1495
1023 672 1495
1410 291 439
439 291 1410
291 439 1410
438 215 254
215 254 438
254 215 438
1133 461 1087
1087 461 1133
461 1087 1133
280 605 1060
1060 280 605
605 280 1060
531 144 308
144 308 531
308 144 531
654 510 580
580 510 654
510 580 654
1382 384 613
613 384 1382
384 613 1382
208 558 1053
1053 208 558
558 208 1053
815 364 1295
364 815 1295
1295 364 815
1297 1078 1477
1078 1297 1477
1477 1078 1297
74 590 1470
1470 74 590
590 74 1470
470 707 1489
707 470 1489
1489 470 707
877 928 1288
928 877 1288
1288 877 928
817 797 1149
1149 797 817
797 817 1149
1058 766 1238
766 1058 1238
1238 766 1058
874 235 1103
1103 235 874
235 874 1103
1066 886 1005
886 1005 1066
1005 886 1066
539 917 1102
917 539 1102
1102 539 917
342 745 1480
1480 342 745
745 342 1480
1415 203 602
203 602 1415
602 203 1415
195 847 1287
1287 195 847
847 195 1287
1211 402 863
402 863 1211
863 402 1211
1479 818 976
976 818 1479
818 976 1479
406 46 96
46 96 406
96 46 406
1272 165 1032
165 1032 1272
1032 165 1272
405 457 689
689 405 457
457 405 689
480 1141 1398
1398 480 1141
1141 480 1398
611 182 1359
182 611 1359
1359 182 611
207 294 866
294 207 866
866 207 294
284 730 1433
1433 284 730
730 284 1433
89 778 1236
778 89 1236
1236 89 778
1478 48 1452
1452 48 1478
48 1452 1478
787 1171 1461
1461 787 1171
1171 787 1461
1319 142 1183
142 1183 1319
1183 142 1319
1468 630 1370
630 1370 1468
1370 630 1468
512 1 490
1 490 512
490 1 512
1438 593 608
608 593 1438
593 608 1438
365 239 811
811 239 365
239 365 811
329 892 1424
892 329 1424
1424 329 892
222 991 1290
991 222 1290
1290 222 991
1214 800 821
800 821 1214
821 800 1214
569 258 750
258 569 750
750 258 569
262 303 1458
303 262 1458
1458 262 303
