1231 1386 12981
12981 1231 1386
1386 1231 12981
9560 1258 7982
1258 7982 9560
7982 1258 9560
9728 4497 6113
4497 6113 9728
6113 4497 9728
11557 9453 10617
10617 9453 11557
9453 10617 11557
8421 346 10218
10218 346 8421
346 8421 10218
2125 13104 13743
13104 2125 13743
13743 2125 13104
821 1227 2252
1227 821 2252
2252 821 1227
14593 10168 14971
14971 10168 14593
10168 14593 14971
1588 2383 5505
5505 1588 2383
2383 1588 5505
6550 7660 13859
7660 6550 13859
13859 6550 7660
1524 2731 9906
9906 1524 2731
2731 1524 9906
3067 3191 6540
3191 3067 6540
6540 3067 3191
13337 1976 2086
1976 2086 13337
2086 1976 13337
770 9653 12422
12422 770 9653
9653 770 12422
2631 647 4484
647 2631 4484
4484 647 2631
1902 2489 13131
2489 1902 13131
13131 1902 2489
414 112 13347
13347 112 414
112 414 13347
9869 2205 3724
2205 3724 9869
3724 2205 9869
2417 3197 14275
14275 2417 3197
3197 2417 14275
9561 428 9630
9630 428 9561
428 9561 9630
12486 395 751
395 751 12486
751 395 12486
5662 1167 6799
6799 1167 5662
1167 5662 6799
11487 5207 14625
14625 5207 11487
5207 11487 14625
8659 8379 10296
10296 8379 8659
8379 8659 10296
1516 3794 7090
7090 1516 3794
3794 1516 7090
3707 4680 5250
4680 3707 5250
5250 3707 4680
10495 3163 7835
7835 3163 10495
3163 7835 10495
4589 2664 6934
2664 4589 6934
6934 2664 4589
5337 6938 11628
11628 5337 6938
6938 5337 11628
12167 9651 11080
9651 11080 12167
11080 9651 12167
14973 2542 8911
2542 8911 14973
8911 2542 14973
1208 4067 4605
4605 1208 4067
4067 1208 4605
3263 10776 12223
12223 3263 10776
10776 3263 12223
8720 1333 5084
5084 1333 8720
1333 5084 8720
9552 749 4219
4219 749 9552
749 4219 9552
2335 956 11342
956 2335 11342
11342 956 2335
892 413 7285
413 892 7285
7285 413 892
6870 10577 13752
10577 6870 13752
13752 6870 10577
839 5008 8891
5008 839 8891
8891 839 5008
10126 10104 11855
10104 10126 11855
11855 10104 10126
12588 1564 13294
1564 12588 13294
13294 1564 12588
1149 9338 11348
9338 1149 11348
11348 1149 9338
7579 5798 13440
13440 5798 7579
5798 7579 13440
8203 4252 14304
14304 4252 8203
4252 8203 14304
411 10084 11915
11915 411 10084
10084 411 11915
4901 7966 11208
7966 4901 11208
11208 4901 7966
8318 239 6933
239 6933 8318
6933 239 8318
4048 3011 14692
14692 3011 4048
3011 4048 14692
11866 3563 9710
9710 3563 11866
3563 9710 11866
3027 10229 14964
14964 3027 10229
10229 3027 14964
13394 6912 7532
6912 7532 13394
7532 6912 13394
4975 6064 6168
6168 4975 6064
6064 4975 6168
3230 8947 10486
8947 3230 10486
10486 3230 8947
2693 1165 5555
1165 2693 5555
5555 1165 2693
11939 2384 3985
3985 2384 11939
2384 3985 11939
9384 11335 12972
12972 9384 11335
11335 9384 12972
5874 2890 10034
10034 2890 5874
2890 5874 10034
1846 566 10757
566 1846 10757
10757 566 1846
10846 7352 7505
7505 7352 10846
7352 7505 10846
6564 1115 11215
11215 1115 6564
1115 6564 11215
14517 4705 14242
4705 14242 14517
14242 4705 14517
878 12197 12478
12197 878 12478
12478 878 12197
12833 1718 7534
1718 7534 12833
7534 1718 12833
6697 10812 13484
13484 6697 10812
10812 6697 13484
7122 4310 10480
4310 7122 10480
10480 4310 7122
1977 67 6041
6041 67 1977
67 1977 6041
7777 1682 6281
1682 6281 7777
6281 1682 7777
14952 10018 13009
13009 10018 14952
10018 13009 14952
6160 4682 9679
9679 4682 6160
4682 6160 9679
981 5394 8733
5394 981 8733
8733 981 5394
7403 2521 14633
14633 2521 7403
2521 7403 14633
13267 6898 10605
6898 10605 13267
10605 6898 13267
14358 1459 5373
1459 5373 14358
5373 1459 14358
13680 10091 12435
12435 10091 13680
10091 12435 13680
9379 12220 13074
12220 9379 13074
13074 9379 12220
6881 3451 10436
10436 3451 6881
3451 6881 10436
8280 1936 10387
1936 8280 10387
10387 1936 8280
7121 2336 3159
3159 2336 7121
2336 3159 7121
13880 7933 12996
12996 7933 13880
7933 12996 13880
52 5127 14415
14415 52 5127
5127 52 14415
2048 5906 9227
5906 2048 9227
9227 2048 5906
8514 2869 10083
10083 2869 8514
2869 8514 10083
711 2405 13302
2405 711 13302
13302 711 2405
14312 8064 14123
8064 14123 14312
14123 8064 14312
5142 9308 12403
12403 5142 9308
9308 5142 12403
8169 6007 14938
14938 6007 8169
6007 8169 14938
6920 2953 4620
4620 2953 6920
2953 4620 6920
460 7685 9506
9506 460 7685
7685 460 9506
14538 3139 3409
3409 3139 14538
3139 3409 14538
14331 2870 6089
2870 6089 14331
6089 2870 14331
13487 5237 8235
5237 8235 13487
8235 5237 13487
5108 9815 13777
13777 5108 9815
9815 5108 13777
13155 10245 11592
11592 10245 13155
10245 11592 13155
935 2729 12442
2729 935 12442
12442 935 2729
103 1537 1726
1726 103 1537
1537 103 1726
4829 7062 10119
10119 4829 7062
7062 4829 10119
10064 4532 7409
7409 4532 10064
4532 7409 10064
8283 1349 13478
1349 8283 13478
13478 1349 8283
4375 1118 12678
1118 4375 12678
12678 1118 4375
8542 4377 9816
4377 8542 9816
9816 4377 8542
13612 12325 14421
14421 12325 13612
12325 13612 14421
8260 3127 7006
3127 7006 8260
7006 3127 8260
1670 8376 12932
12932 1670 8376
8376 1670 12932
8317 543 3180
543 3180 8317
3180 543 8317
6757 10157 14399
10157 6757 14399
14399 6757 10157
5445 9212 12314
12314 5445 9212
9212 5445 12314
9502 8608 12933
12933 8608 9502
8608 9502 12933
7856 2096 2191
2191 2096 7856
2096 2191 7856
14363 7470 9218
9218 7470 14363
7470 9218 14363
14147 3468 12036
3468 12036 14147
12036 3468 14147
14174 1917 9345
9345 1917 14174
1917 9345 14174
11635 485 4845
4845 485 11635
485 4845 11635
3827 2241 3214
3214 2241 3827
2241 3214 3827
260 2554 8162
2554 260 8162
8162 260 2554
4429 2723 13140
13140 2723 4429
2723 4429 13140
2585 5218 11995
5218 2585 11995
11995 2585 5218
1195 1409 2006
2006 1195 1409
1409 1195 2006
12424 1944 4251
1944 4251 12424
4251 1944 12424
2221 464 905
905 464 2221
464 905 2221
10704 4514 13662
4514 10704 13662
13662 4514 10704
8432 4282 8124
8124 4282 8432
4282 8124 8432
3866 10504 12991
10504 3866 12991
12991 3866 10504
13181 12189 12845
12845 12189 13181
12189 12845 13181
11381 70 5126
5126 70 11381
70 5126 11381
14886 736 12677
12677 736 14886
736 12677 14886
9863 11034 14451
11034 9863 14451
14451 9863 11034
10939 8172 10481
10481 8172 10939
8172 10481 10939
13607 6223 9642
9642 6223 13607
6223 9642 13607
12433 2966 3053
3053 2966 12433
2966 3053 12433
1789 606 14411
14411 606 1789
606 1789 14411
10293 4284 6537
6537 4284 10293
4284 6537 10293
4339 7320 9823
7320 4339 9823
9823 4339 7320
11314 2975 4331
4331 2975 11314
2975 4331 11314
1316 10515 10741
10515 1316 10741
10741 1316 10515
6848 526 11278
526 6848 11278
11278 526 6848
13590 1096 12450
12450 1096 13590
1096 12450 13590
14627 201 10934
201 10934 14627
10934 201 14627
10023 284 12915
284 10023 12915
12915 284 10023
8174 4629 12058
12058 4629 8174
4629 8174 12058
8078 160 7168
160 7168 8078
7168 160 8078
3531 4175 13489
4175 3531 13489
13489 3531 4175
10562 1994 2203
2203 1994 10562
1994 2203 10562
1591 7005 8010
7005 1591 8010
8010 1591 7005
10237 4928 9185
9185 4928 10237
4928 9185 10237
9375 8474 14817
8474 9375 14817
14817 8474 9375
10004 6963 11578
6963 10004 11578
11578 6963 10004
8621 10430 13499
10430 8621 13499
13499 8621 10430
887 6971 13230
6971 887 13230
13230 887 6971
2184 7948 13102
13102 2184 7948
7948 2184 13102
8491 11224 13445
11224 8491 13445
13445 8491 11224
6490 6121 10819
6121 6490 10819
10819 6121 6490
8094 719 13789
13789 719 8094
719 8094 13789
8469 14569 14786
14786 8469 14569
14569 8469 14786
14491 11424 14548
11424 14491 14548
14548 11424 14491
9404 9097 14874
14874 9097 9404
9097 9404 14874
2293 1176 8735
1176 2293 8735
8735 1176 2293
7207 2452 9210
9210 2452 7207
2452 7207 9210
11531 830 3627
3627 830 11531
830 3627 11531
11736 12214 14844
14844 11736 12214
12214 11736 14844
10434 3270 3858
3858 3270 10434
3270 3858 10434
12616 4657 5825
5825 4657 12616
4657 5825 12616
6345 2044 10345
10345 2044 6345
2044 6345 10345
2 9618 13351
13351 2 9618
9618 2 13351
5100 7993 12849
7993 5100 12849
12849 5100 7993
11778 3124 10718
3124 10718 11778
10718 3124 11778
10072 3778 5138
5138 3778 10072
3778 5138 10072
6663 8640 10738
10738 6663 8640
8640 6663 10738
3020 5087 6062
6062 3020 5087
5087 3020 6062
8982 11265 11631
11631 8982 11265
11265 8982 11631
2680 6306 9031
9031 2680 6306
6306 2680 9031
4688 3399 10583
3399 4688 10583
10583 3399 4688
9924 6543 9514
9514 6543 9924
6543 9514 9924
14742 3532 6724
3532 6724 14742
6724 3532 14742
593 9794 10166
10166 593 9794
9794 593 10166
10039 1302 3669
3669 1302 10039
1302 3669 10039
279 4099 10127
4099 279 10127
10127 279 4099
3405 3490 5816
3490 3405 5816
5816 3405 3490
2151 9115 13010
9115 2151 13010
13010 2151 9115
1607 3478 4423
3478 1607 4423
4423 1607 3478
1369 8143 12926
8143 1369 12926
12926 1369 8143
2997 6919 7691
7691 2997 6919
6919 2997 7691
12366 2021 6936
2021 6936 12366
6936 2021 12366
10103 1264 3731
1264 3731 10103
3731 1264 10103
9109 7095 13106
7095 9109 13106
13106 7095 9109
8840 9687 11240
11240 8840 9687
9687 8840 11240
9969 6723 12161
6723 9969 12161
12161 6723 9969
9495 6152 8323
8323 6152 9495
6152 8323 9495
3330 1795 11421
1795 3330 11421
11421 1795 3330
10444 3466 7687
7687 3466 10444
3466 7687 10444
12934 326 11786
326 11786 12934
11786 326 12934
9265 8163 14154
14154 8163 9265
8163 9265 14154
14438 4210 12419
12419 4210 14438
4210 12419 14438
13306 11626 13083
13083 11626 13306
11626 13083 13306
5886 2626 5841
2626 5841 5886
5841 2626 5886
2920 11157 14233
11157 2920 14233
14233 2920 11157
2247 4509 10473
4509 2247 10473
10473 2247 4509
10747 6513 14145
14145 6513 10747
6513 10747 14145
8 2689 14080
2689 8 14080
14080 8 2689
8753 3920 8776
3920 8753 8776
8776 3920 8753
14835 8579 13891
13891 8579 14835
8579 13891 14835
12596 1388 14245
1388 12596 14245
14245 1388 12596
10976 9596 11698
9596 10976 11698
11698 9596 10976
14646 192 10713
192 10713 14646
10713 192 14646
11194 4199 5597
5597 4199 11194
4199 5597 11194
10230 5045 13895
13895 5045 10230
5045 10230 13895
2079 3203 5078
5078 2079 3203
3203 2079 5078
4438 13398 13942
13942 4438 13398
13398 4438 13942
12163 14465 15000
15000 12163 14465
14465 12163 15000
7055 317 10778
317 7055 10778
10778 317 7055
6745 7870 9683
7870 6745 9683
9683 6745 7870
11039 7980 8848
8848 7980 11039
7980 8848 11039
872 4004 10990
4004 872 10990
10990 872 4004
5296 2780 14132
2780 5296 14132
14132 2780 5296
3568 348 7809
7809 348 3568
348 3568 7809
930 6 10315
10315 6 930
6 930 10315
11205 154 10144
154 10144 11205
10144 154 11205
3960 1326 5386
1326 3960 5386
5386 1326 3960
1757 6946 7224
6946 1757 7224
7224 1757 6946
206 12180 14672
12180 206 14672
14672 206 12180
3183 1204 2015
2015 1204 3183
1204 2015 3183
13989 1525 10987
1525 10987 13989
10987 1525 13989
3615 11652 12658
12658 3615 11652
11652 3615 12658
5554 1712 11921
1712 5554 11921
11921 1712 5554
13272 3721 11127
3721 11127 13272
11127 3721 13272
2238 7756 10756
7756 2238 10756
10756 2238 7756
2019 2933 6408
6408 2019 2933
2933 2019 6408
13134 4167 10892
10892 4167 13134
4167 10892 13134
850 7798 10140
10140 850 7798
7798 850 10140
6879 9543 13992
13992 6879 9543
9543 6879 13992
9654 4406 10582
10582 4406 9654
4406 9654 10582
4137 6422 11880
11880 4137 6422
6422 4137 11880
11682 5239 13057
13057 5239 11682
5239 11682 13057
2613 2095 2348
2095 2348 2613
2348 2095 2613
4588 1919 3296
3296 1919 4588
1919 3296 4588
10875 1113 12216
1113 10875 12216
12216 1113 10875
12534 4183 12795
4183 12534 12795
12795 4183 12534
9442 8168 14236
8168 9442 14236
14236 8168 9442
8388 7974 8740
8740 7974 8388
7974 8388 8740
11830 462 5656
462 5656 11830
5656 462 11830
14520 7314 11000
7314 11000 14520
11000 7314 14520
7083 3325 9892
3325 7083 9892
9892 3325 7083
729 11484 13805
11484 729 13805
13805 729 11484
9985 1308 10407
1308 9985 10407
10407 1308 9985
2772 2970 5103
5103 2772 2970
2970 2772 5103
11892 209 2216
209 2216 11892
2216 209 11892
8059 11379 12583
11379 8059 12583
12583 8059 11379
7111 6227 9512
9512 6227 7111
6227 7111 9512
1844 6613 11316
11316 1844 6613
6613 1844 11316
202 392 10764
10764 202 392
392 202 10764
9531 9655 14305
14305 9531 9655
9655 9531 14305
1650 8943 9743
9743 1650 8943
8943 1650 9743
6339 4503 10627
4503 6339 10627
10627 4503 6339
4243 7026 14768
14768 4243 7026
7026 4243 14768
8779 7649 9269
9269 7649 8779
7649 8779 9269
487 6195 11332
11332 487 6195
6195 487 11332
12153 3797 12237
12237 3797 12153
3797 12153 12237
11029 3215 10641
10641 3215 11029
3215 10641 11029
14883 3254 5823
5823 3254 14883
3254 5823 14883
3223 1107 8454
1107 3223 8454
8454 1107 3223
5804 1987 11012
11012 1987 5804
1987 5804 11012
6902 2342 7052
7052 2342 6902
2342 6902 7052
11116 207 9469
207 9469 11116
9469 207 11116
6980 2192 2863
2192 2863 6980
2863 2192 6980
11416 8359 13950
13950 8359 11416
8359 11416 13950
8864 10541 14094
14094 8864 10541
10541 8864 14094
1339 3968 4006
4006 1339 3968
3968 1339 4006
4019 4671 8249
8249 4019 4671
4671 4019 8249
9763 9130 12635
12635 9130 9763
9130 9763 12635
11470 9172 13597
9172 11470 13597
13597 9172 11470
2709 10579 12921
10579 2709 12921
12921 2709 10579
14182 903 6400
903 6400 14182
6400 903 14182
3010 8106 12884
12884 3010 8106
8106 3010 12884
2758 851 6647
6647 851 2758
851 2758 6647
11082 3012 12960
12960 3012 11082
3012 11082 12960
12998 7086 9890
9890 7086 12998
7086 9890 12998
10850 634 8938
634 8938 10850
8938 634 10850
11846 2244 12100
12100 2244 11846
2244 11846 12100
5466 957 4908
957 4908 5466
4908 957 5466
12919 8355 13786
8355 12919 13786
13786 8355 12919
8136 2217 4734
4734 2217 8136
2217 4734 8136
3342 4022 5105
5105 3342 4022
4022 3342 5105
10796 163 14907
14907 163 10796
163 10796 14907
10678 1949 3434
3434 1949 10678
1949 3434 10678
14699 4987 13452
4987 13452 14699
13452 4987 14699
3565 4191 14400
4191 3565 14400
14400 3565 4191
13089 9148 9199
9199 9148 13089
9148 9199 13089
13122 7159 9611
7159 9611 13122
9611 7159 13122
7837 7928 13563
7928 7837 13563
13563 7837 7928
8737 124 8512
124 8512 8737
8512 124 8737
14211 8453 8944
8944 8453 14211
8453 8944 14211
2931 512 4616
4616 512 2931
512 2931 4616
7663 426 9164
426 7663 9164
9164 426 7663
6688 2444 9650
2444 6688 9650
9650 2444 6688
2160 3241 8256
8256 2160 3241
3241 2160 8256
4832 4033 8955
4033 4832 8955
8955 4033 4832
14640 3237 4466
3237 4466 14640
4466 3237 14640
9510 11983 14863
14863 9510 11983
11983 9510 14863
3058 4279 11841
11841 3058 4279
4279 3058 11841
6261 8607 13792
13792 6261 8607
8607 6261 13792
14582 8229 14833
8229 14582 14833
14833 8229 14582
6656 5307 12198
5307 6656 12198
12198 5307 6656
4872 958 4544
958 4544 4872
4544 958 4872
13844 13416 14898
14898 13416 13844
13416 13844 14898
6841 2683 9286
9286 2683 6841
2683 6841 9286
7125 3113 12973
3113 7125 12973
12973 3113 7125
11418 10674 12577
12577 10674 11418
10674 11418 12577
12769 5832 7590
7590 5832 12769
5832 7590 12769
5306 4517 12398
12398 4517 5306
4517 5306 12398
828 6104 6787
6787 828 6104
6104 828 6787
7190 1449 9393
1449 7190 9393
9393 1449 7190
14990 10518 10844
10518 10844 14990
10844 10518 14990
1098 11119 12386
12386 1098 11119
11119 1098 12386
4476 6347 14715
6347 4476 14715
14715 4476 6347
13283 9101 10646
10646 9101 13283
9101 10646 13283
9397 12244 13158
13158 9397 12244
12244 9397 13158
9059 7991 11397
11397 7991 9059
7991 9059 11397
5908 5117 7814
5117 5908 7814
7814 5117 5908
226 2159 14995
14995 226 2159
2159 226 14995
9676 3584 13614
13614 3584 9676
3584 9676 13614
11401 9111 11941
9111 11401 11941
11941 9111 11401
12217 14795 14929
14795 12217 14929
14929 12217 14795
901 1023 8637
1023 901 8637
8637 901 1023
5535 6668 7367
6668 5535 7367
7367 5535 6668
11411 3604 3817
3817 3604 11411
3604 3817 11411
2739 6521 9112
9112 2739 6521
6521 2739 9112
4540 725 14255
725 4540 14255
14255 725 4540
14135 746 13472
746 13472 14135
13472 746 14135
85 1105 14239
14239 85 1105
1105 85 14239
3530 799 9140
799 3530 9140
9140 799 3530
3379 4311 9767
9767 3379 4311
4311 3379 9767
2200 8580 8590
8580 2200 8590
8590 2200 8580
11953 3156 5987
3156 5987 11953
5987 3156 11953
353 7800 9106
7800 353 9106
9106 353 7800
11743 2519 11203
11203 2519 11743
2519 11203 11743
1335 13215 13688
13688 1335 13215
13215 1335 13688
12471 7023 10220
7023 10220 12471
10220 7023 12471
13905 9237 11629
9237 11629 13905
11629 9237 13905
1045 12572 13995
13995 1045 12572
12572 1045 13995
12993 6142 10542
6142 10542 12993
10542 6142 12993
3617 2332 5292
2332 3617 5292
5292 2332 3617
5745 2699 6029
2699 5745 6029
6029 2699 5745
6111 4392 8509
8509 4392 6111
4392 6111 8509
13048 785 8436
785 8436 13048
8436 785 13048
6684 3725 5843
3725 5843 6684
5843 3725 6684
13299 4042 14860
14860 4042 13299
4042 13299 14860
8765 1271 8391
8391 1271 8765
1271 8391 8765
5716 7358 11504
7358 5716 11504
11504 5716 7358
8789 4132 12649
4132 8789 12649
12649 4132 8789
2305 5389 14764
5389 2305 14764
14764 2305 5389
8081 6385 14665
6385 8081 14665
14665 6385 8081
5472 1036 9069
1036 5472 9069
9069 1036 5472
4576 4779 9620
4779 4576 9620
9620 4576 4779
10280 7803 7851
7803 7851 10280
7851 7803 10280
6137 6324 13742
13742 6137 6324
6324 6137 13742
12012 262 6956
262 6956 12012
6956 262 12012
8373 7104 7917
7104 7917 8373
7917 7104 8373
3900 9895 10198
9895 3900 10198
10198 3900 9895
9876 4139 11728
11728 4139 9876
4139 9876 11728
1466 701 6778
6778 701 1466
701 1466 6778
3842 3024 6134
3024 3842 6134
6134 3024 3842
11232 1266 6226
6226 1266 11232
1266 6226 11232
5294 7054 12887
12887 5294 7054
7054 5294 12887
338 3547 14746
14746 338 3547
3547 338 14746
11848 913 11199
11199 913 11848
913 11199 11848
11972 735 13913
13913 735 11972
735 11972 13913
12696 4762 11395
4762 11395 12696
11395 4762 12696
13318 10401 12647
10401 12647 13318
12647 10401 13318
960 11396 12121
12121 960 11396
11396 960 12121
4575 3852 13846
3852 4575 13846
13846 3852 4575
12245 8063 13360
13360 8063 12245
8063 12245 13360
10246 9491 10967
10967 9491 10246
9491 10246 10967
14618 11458 14084
14084 11458 14618
11458 14084 14618
2451 4104 7441
7441 2451 4104
4104 2451 7441
5622 1971 10120
1971 5622 10120
10120 1971 5622
2781 3255 9336
3255 2781 9336
9336 2781 3255
8846 11109 11756
11756 8846 11109
11109 8846 11756
14193 2162 7525
7525 2162 14193
2162 7525 14193
714 5383 11077
11077 714 5383
5383 714 11077
11979 8331 10901
8331 10901 11979
10901 8331 11979
4045 4645 10076
4645 4045 10076
10076 4045 4645
14440 5042 9170
9170 5042 14440
5042 9170 14440
2556 11562 11821
11821 2556 11562
11562 2556 11821
10386 2087 14652
14652 2087 10386
2087 10386 14652
14376 6955 8792
6955 8792 14376
8792 6955 14376
13626 1550 2407
2407 1550 13626
1550 2407 13626
12107 9517 12838
9517 12107 12838
12838 9517 12107
12562 2782 2801
2782 2801 12562
2801 2782 12562
4661 9019 9733
9019 4661 9733
9733 4661 9019
14516 7106 14829
7106 14516 14829
14829 7106 14516
5414 812 5687
5687 812 5414
812 5414 5687
4152 1236 2101
2101 1236 4152
1236 2101 4152
6172 10077 12974
12974 6172 10077
10077 6172 12974
10917 3555 8620
3555 8620 10917
8620 3555 10917
6733 1608 5873
5873 1608 6733
1608 5873 6733
9328 10179 12446
10179 9328 12446
12446 9328 10179
3813 3039 4685
3039 3813 4685
4685 3039 3813
9184 3789 10469
10469 3789 9184
3789 9184 10469
3710 311 14426
311 3710 14426
14426 311 3710
3768 5452 6040
6040 3768 5452
5452 3768 6040
12292 11229 13109
11229 12292 13109
13109 11229 12292
6590 7435 9770
7435 6590 9770
9770 6590 7435
2484 5778 6164
5778 2484 6164
6164 2484 5778
7141 1037 9098
1037 7141 9098
9098 1037 7141
7264 2824 10095
10095 2824 7264
2824 7264 10095
1179 2488 13842
13842 1179 2488
2488 1179 13842
12330 491 3211
491 3211 12330
3211 491 12330
3554 4188 11290
4188 3554 11290
11290 3554 4188
7413 982 5732
982 5732 7413
5732 982 7413
5454 5283 10566
5283 5454 10566
10566 5283 5454
7120 1070 3179
1070 3179 7120
3179 1070 7120
13901 5582 7738
7738 5582 13901
5582 7738 13901
4611 2698 8336
2698 4611 8336
8336 2698 4611
14794 5591 11714
11714 5591 14794
5591 11714 14794
1129 1145 11649
11649 1129 1145
1145 1129 11649
7542 1512 6439
6439 1512 7542
1512 6439 7542
5757 6322 11529
6322 5757 11529
11529 5757 6322
4096 4465 11341
4465 4096 11341
11341 4096 4465
6044 10007 11251
10007 6044 11251
11251 6044 10007
173 14462 14841
14462 173 14841
14841 173 14462
8079 10061 13450
13450 8079 10061
10061 8079 13450
1883 3657 12869
3657 1883 12869
12869 1883 3657
1601 5410 14904
14904 1601 5410
5410 1601 14904
10408 4558 12193
4558 10408 12193
12193 4558 10408
3675 2601 11500
11500 2601 3675
2601 3675 11500
3943 10565 10905
10565 3943 10905
10905 3943 10565
6435 2045 13687
2045 6435 13687
13687 2045 6435
7405 5612 13830
13830 5612 7405
5612 7405 13830
13715 3371 14916
14916 3371 13715
3371 13715 14916
10053 5076 8675
5076 8675 10053
8675 5076 10053
8211 9952 11255
11255 8211 9952
9952 8211 11255
14423 1508 14291
1508 14291 14423
14291 1508 14423
13813 117 7226
117 7226 13813
7226 117 13813
6309 696 14851
696 6309 14851
14851 696 6309
2466 2267 6228
2267 2466 6228
6228 2267 2466
4106 9187 9559
9187 4106 9559
9559 4106 9187
1579 9583 13130
9583 1579 13130
13130 1579 9583
4791 3381 7763
7763 3381 4791
3381 4791 7763
14955 7739 13090
7739 13090 14955
13090 7739 14955
1546 1223 10821
1223 1546 10821
10821 1223 1546
12272 803 3272
3272 803 12272
803 3272 12272
10599 1222 9385
9385 1222 10599
1222 9385 10599
9029 4126 5945
4126 5945 9029
5945 4126 9029
9092 4573 14163
4573 9092 14163
14163 4573 9092
233 1529 9419
1529 233 9419
9419 233 1529
10082 5119 8760
5119 8760 10082
8760 5119 10082
11655 9080 9249
9080 9249 11655
9249 9080 11655
13367 638 3313
638 3313 13367
3313 638 13367
7630 1989 5613
1989 5613 7630
5613 1989 7630
7600 2212 12267
2212 7600 12267
12267 2212 7600
3726 4607 9416
4607 3726 9416
9416 3726 4607
7821 477 11019
11019 477 7821
477 7821 11019
8052 417 10038
10038 417 8052
417 8052 10038
4562 1484 4462
1484 4462 4562
4462 1484 4562
7751 6951 12297
12297 6951 7751
6951 7751 12297
10422 2393 9803
9803 2393 10422
2393 9803 10422
12313 1000 1209
1000 1209 12313
1209 1000 12313
9088 524 13613
524 9088 13613
13613 524 9088
12888 7779 13087
13087 7779 12888
7779 12888 13087
6201 11749 14011
11749 6201 14011
14011 6201 11749
7929 857 11178
11178 857 7929
857 7929 11178
2725 6644 14437
6644 2725 14437
14437 2725 6644
2034 1287 7582
1287 2034 7582
7582 1287 2034
14041 5019 13220
13220 5019 14041
5019 13220 14041
11747 6770 12568
12568 6770 11747
6770 11747 12568
9856 5571 10316
10316 5571 9856
5571 9856 10316
2197 3007 5545
5545 2197 3007
3007 2197 5545
4596 2859 5540
2859 4596 5540
5540 2859 4596
1408 10810 13580
13580 1408 10810
10810 1408 13580
10203 9281 11966
11966 9281 10203
9281 10203 11966
10494 2401 5576
2401 5576 10494
5576 2401 10494
6474 7277 9758
7277 6474 9758
9758 6474 7277
152 2458 4359
4359 152 2458
2458 152 4359
193 12294 14048
12294 193 14048
14048 193 12294
7901 6868 11515
6868 7901 11515
11515 6868 7901
3261 1076 12565
12565 1076 3261
1076 3261 12565
9047 2111 6270
2111 6270 9047
6270 2111 9047
11241 7247 10952
10952 7247 11241
7247 10952 11241
2333 2638 3742
3742 2333 2638
2638 2333 3742
3739 1294 2972
2972 1294 3739
1294 2972 3739
11117 3445 12896
3445 11117 12896
12896 3445 11117
12945 9207 11049
11049 9207 12945
9207 11049 12945
8244 10470 11385
10470 8244 11385
11385 8244 10470
1904 4978 9713
4978 1904 9713
9713 1904 4978
7686 7857 11238
11238 7686 7857
7857 7686 11238
14619 1629 2361
1629 2361 14619
2361 1629 14619
14111 5803 7495
7495 5803 14111
5803 7495 14111
13399 1545 1785
1785 1545 13399
1545 1785 13399
704 6495 13581
6495 704 13581
13581 704 6495
10162 74 4347
74 4347 10162
4347 74 10162
14501 2967 14658
2967 14501 14658
14658 2967 14501
1117 2826 11977
11977 1117 2826
2826 1117 11977
8973 1066 3059
3059 1066 8973
1066 3059 8973
4050 4507 6651
6651 4050 4507
4507 4050 6651
10527 5655 14380
14380 5655 10527
5655 10527 14380
4824 6781 9200
6781 4824 9200
9200 4824 6781
4515 493 3713
3713 493 4515
493 3713 4515
3648 10834 11627
11627 3648 10834
10834 3648 11627
12288 11798 12102
12102 11798 12288
11798 12102 12288
5004 7084 13188
13188 5004 7084
7084 5004 13188
7457 2043 11543
11543 2043 7457
2043 7457 11543
5730 8866 12566
12566 5730 8866
8866 5730 12566
2607 1903 8204
1903 2607 8204
8204 1903 2607
8668 3684 10912
10912 3684 8668
3684 8668 10912
7726 6967 12282
6967 7726 12282
12282 6967 7726
10500 2279 3157
2279 3157 10500
3157 2279 10500
14372 4946 9637
9637 4946 14372
4946 9637 14372
9612 2090 7749
2090 7749 9612
7749 2090 9612
4912 8455 9851
9851 4912 8455
8455 4912 9851
1946 5583 6364
6364 1946 5583
5583 1946 6364
8709 9043 9942
9043 8709 9942
9942 8709 9043
13983 4153 4428
4153 4428 13983
4428 4153 13983
971 2228 6526
2228 971 6526
6526 971 2228
2846 4687 10353
4687 2846 10353
10353 2846 4687
6189 6093 9220
6093 6189 9220
9220 6093 6189
3646 3870 11526
3870 3646 11526
11526 3646 3870
8475 4075 10835
10835 4075 8475
4075 8475 10835
1217 2188 3507
3507 1217 2188
2188 1217 3507
1870 2009 9957
9957 1870 2009
2009 1870 9957
11336 10432 14876
14876 10432 11336
10432 11336 14876
13028 6831 14134
14134 6831 13028
6831 13028 14134
927 7024 12150
12150 927 7024
7024 927 12150
14735 10118 10716
10716 10118 14735
10118 10716 14735
1008 3141 5735
5735 1008 3141
3141 1008 5735
1046 3365 5536
3365 1046 5536
5536 1046 3365
6061 7671 12709
12709 6061 7671
7671 6061 12709
3922 1196 8306
8306 1196 3922
1196 3922 8306
12074 10961 14435
14435 10961 12074
10961 12074 14435
8940 5123 12001
12001 5123 8940
5123 8940 12001
11100 323 2958
323 2958 11100
2958 323 11100
13884 1899 10268
10268 1899 13884
1899 10268 13884
10117 10044 12827
10044 10117 12827
12827 10044 10117
12059 5549 14894
5549 12059 14894
14894 5549 12059
5596 7424 13032
7424 5596 13032
13032 5596 7424
9939 5420 12255
12255 5420 9939
5420 9939 12255
407 4938 10686
10686 407 4938
4938 407 10686
7601 923 13896
13896 923 7601
923 7601 13896
6606 7126 11859
11859 6606 7126
7126 6606 11859
5734 3890 12358
3890 5734 12358
12358 3890 5734
13524 2984 3608
2984 3608 13524
3608 2984 13524
633 12205 14912
12205 633 14912
14912 633 12205
5660 10101 13831
10101 5660 13831
13831 5660 10101
10533 492 4222
492 4222 10533
4222 492 10533
488 10459 14232
14232 488 10459
10459 488 14232
13245 5878 10400
10400 5878 13245
5878 10400 13245
8834 4523 5362
5362 4523 8834
4523 5362 8834
11771 5500 6501
6501 5500 11771
5500 6501 11771
376 876 8995
8995 376 876
876 376 8995
4557 7 5447
7 4557 5447
5447 7 4557
9291 2012 13375
13375 2012 9291
2012 9291 13375
536 4418 7181
4418 536 7181
7181 536 4418
2037 2591 11142
2591 2037 11142
11142 2037 2591
9081 6511 6874
6874 6511 9081
6511 6874 9081
5911 10735 13699
10735 5911 13699
13699 5911 10735
13505 5558 8240
5558 8240 13505
8240 5558 13505
4401 1351 11327
11327 1351 4401
1351 4401 11327
3981 7612 13515
13515 3981 7612
7612 3981 13515
13924 10418 13561
13561 10418 13924
10418 13561 13924
8091 1317 6169
1317 6169 8091
6169 1317 8091
1252 1360 10644
10644 1252 1360
1360 1252 10644
14887 11297 13492
13492 11297 14887
11297 13492 14887
3628 3404 8181
8181 3404 3628
3404 3628 8181
14514 2224 11648
11648 2224 14514
2224 11648 14514
5504 666 7801
7801 666 5504
666 5504 7801
2131 7907 12354
12354 2131 7907
7907 2131 12354
1758 9777 14222
14222 1758 9777
9777 1758 14222
6268 5168 6128
6128 5168 6268
5168 6128 6268
13547 835 11262
11262 835 13547
835 11262 13547
651 4593 12054
12054 651 4593
4593 651 12054
7723 4990 6973
6973 4990 7723
4990 6973 7723
9696 2280 10945
2280 9696 10945
10945 2280 9696
7477 185 10149
10149 185 7477
185 7477 10149
6123 994 14997
994 6123 14997
14997 994 6123
7945 1340 9064
1340 7945 9064
9064 1340 7945
6921 10667 12923
12923 6921 10667
10667 6921 12923
7280 506 1251
506 1251 7280
1251 506 7280
3421 3314 4192
3314 3421 4192
4192 3314 3421
1931 10657 14486
10657 1931 14486
14486 1931 10657
4900 5016 6240
6240 4900 5016
5016 4900 6240
12760 4056 14341
14341 4056 12760
4056 12760 14341
3380 5202 5262
5202 3380 5262
5262 3380 5202
11359 4265 7319
7319 4265 11359
4265 7319 11359
8780 13044 13625
13044 8780 13625
13625 8780 13044
5279 472 8519
8519 472 5279
472 5279 8519
12511 5678 10898
5678 10898 12511
10898 5678 12511
7564 7156 13160
7156 7564 13160
13160 7156 7564
6140 9315 9424
9315 6140 9424
9424 6140 9315
5018 1253 14470
14470 1253 5018
1253 5018 14470
3111 3489 9482
3489 3111 9482
9482 3111 3489
1547 7254 14159
14159 1547 7254
7254 1547 14159
7530 12184 12801
12801 7530 12184
12184 7530 12801
10223 13113 14650
13113 10223 14650
14650 10223 13113
9055 6325 6886
6325 6886 9055
6886 6325 9055
3200 2061 5896
5896 2061 3200
2061 3200 5896
10102 2421 10425
10425 2421 10102
2421 10102 10425
12119 7616 11219
11219 7616 12119
7616 11219 12119
2960 3339 8351
8351 2960 3339
3339 2960 8351
5136 12065 14025
14025 5136 12065
12065 5136 14025
5150 11958 14315
11958 5150 14315
14315 5150 11958
791 3748 13949
3748 791 13949
13949 791 3748
5866 782 14484
14484 782 5866
782 5866 14484
316 7382 12660
7382 316 12660
12660 316 7382
367 2438 5034
5034 367 2438
2438 367 5034
7458 4981 6854
4981 6854 7458
6854 4981 7458
7276 1699 8319
1699 7276 8319
8319 1699 7276
4274 559 8715
559 4274 8715
8715 559 4274
3596 3621 6756
3621 3596 6756
6756 3596 3621
3045 3727 9127
9127 3045 3727
3727 3045 9127
4278 1241 13258
1241 4278 13258
13258 1241 4278
10277 2161 4342
4342 2161 10277
2161 4342 10277
12767 2167 12148
2167 12148 12767
12148 2167 12767
14611 2515 13973
2515 13973 14611
13973 2515 14611
385 8677 12069
8677 385 12069
12069 385 8677
5820 8653 14496
8653 5820 14496
14496 5820 8653
7239 4511 5997
4511 5997 7239
5997 4511 7239
5415 2702 7196
7196 2702 5415
2702 5415 7196
9903 7967 14082
7967 9903 14082
14082 7967 9903
10333 1138 2986
1138 2986 10333
2986 1138 10333
2328 1491 11020
11020 1491 2328
1491 2328 11020
14362 12727 14984
12727 14362 14984
14984 12727 14362
12068 900 2799
2799 900 12068
900 2799 12068
5651 621 5041
5041 621 5651
621 5041 5651
12113 4356 8009
4356 8009 12113
8009 4356 12113
7433 1732 2275
2275 1732 7433
1732 2275 7433
7500 1353 11141
1353 7500 11141
11141 1353 7500
12482 1894 3729
1894 3729 12482
3729 1894 12482
11585 7509 10513
10513 7509 11585
7509 10513 11585
7514 1310 12075
12075 1310 7514
1310 7514 12075
6568 6084 14226
6084 6568 14226
14226 6084 6568
11732 12533 12925
12533 11732 12925
12925 11732 12533
1528 3257 8156
8156 1528 3257
3257 1528 8156
9606 1669 4413
4413 1669 9606
1669 4413 9606
6970 6785 12877
6785 6970 12877
12877 6785 6970
6928 3702 5376
5376 3702 6928
3702 5376 6928
174 12681 14747
12681 174 14747
14747 174 12681
10455 12127 12443
12443 10455 12127
12127 10455 12443
14276 4160 12667
4160 12667 14276
12667 4160 14276
4135 380 13323
380 4135 13323
13323 380 4135
3983 732 7668
732 3983 7668
7668 732 3983
14345 8039 8791
8791 8039 14345
8039 8791 14345
8479 3795 12552
12552 3795 8479
3795 8479 12552
11727 98 5688
98 5688 11727
5688 98 11727
5160 3631 8526
3631 5160 8526
8526 3631 5160
11434 4951 8021
4951 8021 11434
8021 4951 11434
10781 2319 4373
2319 4373 10781
4373 2319 10781
13526 859 1722
1722 859 13526
859 1722 13526
5948 4103 11925
11925 4103 5948
4103 5948 11925
1337 3351 6666
6666 1337 3351
3351 1337 6666
4127 6773 12812
12812 4127 6773
6773 4127 12812
1034 9956 11181
11181 1034 9956
9956 1034 11181
13958 2888 9389
9389 2888 13958
2888 9389 13958
7170 1178 5476
5476 1178 7170
1178 5476 7170
2620 8350 12080
8350 2620 12080
12080 2620 8350
11150 6091 6297
6297 6091 11150
6091 6297 11150
14685 4729 9964
4729 9964 14685
9964 4729 14685
10982 7504 8139
7504 8139 10982
8139 7504 10982
5523 6888 11510
6888 5523 11510
11510 5523 6888
2779 12261 14487
12261 2779 14487
14487 2779 12261
13274 2762 13208
2762 13208 13274
13208 2762 13274
10676 7236 8380
7236 8380 10676
8380 7236 10676
2064 6544 9011
9011 2064 6544
6544 2064 9011
5438 133 9920
9920 133 5438
133 5438 9920
2674 6896 9503
9503 2674 6896
6896 2674 9503
1430 3538 14820
3538 1430 14820
14820 1430 3538
2760 13693 13697
13693 2760 13697
13697 2760 13693
1314 1884 5249
5249 1314 1884
1884 1314 5249
14365 2735 7784
2735 7784 14365
7784 2735 14365
2763 4972 14205
14205 2763 4972
4972 2763 14205
10694 5726 6761
5726 6761 10694
6761 5726 10694
12776 6673 14712
14712 6673 12776
6673 12776 14712
8553 2708 14882
14882 2708 8553
2708 8553 14882
13600 306 8903
306 8903 13600
8903 306 13600
8347 7959 10580
10580 7959 8347
7959 8347 10580
1373 1259 13255
13255 1259 1373
1259 1373 13255
8679 3696 5657
5657 3696 8679
3696 5657 8679
4267 5763 5984
5763 4267 5984
5984 4267 5763
12527 1773 8956
8956 1773 12527
1773 8956 12527
7399 4312 11607
11607 4312 7399
4312 7399 11607
2013 4288 13033
13033 2013 4288
4288 2013 13033
671 2133 11030
11030 671 2133
2133 671 11030
898 1320 3488
3488 898 1320
1320 898 3488
6453 6247 6821
6247 6453 6821
6821 6247 6453
1296 1341 5971
5971 1296 1341
1341 1296 5971
7227 7034 8861
8861 7034 7227
7034 7227 8861
4198 5714 9373
5714 4198 9373
9373 4198 5714
3189 5067 7984
7984 3189 5067
5067 3189 7984
3334 1848 5192
1848 3334 5192
5192 1848 3334
9616 3142 12418
12418 3142 9616
3142 9616 12418
583 555 14613
14613 555 583
555 583 14613
9718 1753 7303
7303 1753 9718
1753 7303 9718
5173 4740 7964
4740 5173 7964
7964 4740 5173
12139 2409 11309
11309 2409 12139
2409 11309 12139
10319 232 10921
232 10319 10921
10921 232 10319
6249 5712 12822
5712 6249 12822
12822 5712 6249
77 13383 14463
13383 77 14463
14463 77 13383
8744 7130 12229
7130 8744 12229
12229 7130 8744
7572 364 12400
364 7572 12400
12400 364 7572
10522 708 10476
10476 708 10522
708 10476 10522
9558 897 2749
897 2749 9558
2749 897 9558
8233 1375 12643
12643 1375 8233
1375 8233 12643
10677 1918 13713
13713 1918 10677
1918 10677 13713
10046 5772 14166
14166 5772 10046
5772 10046 14166
3146 2141 6830
6830 2141 3146
2141 3146 6830
5232 8503 9549
9549 5232 8503
8503 5232 9549
4954 10115 13243
10115 4954 13243
13243 4954 10115
5112 10088 12901
10088 5112 12901
12901 5112 10088
4623 693 4640
693 4623 4640
4640 693 4623
855 3018 10170
10170 855 3018
3018 855 10170
5909 8686 12147
8686 5909 12147
12147 5909 8686
5977 636 8790
636 5977 8790
8790 636 5977
13737 6645 11653
11653 6645 13737
6645 11653 13737
4548 653 2633
2633 653 4548
653 2633 4548
8550 1857 6621
1857 6621 8550
6621 1857 8550
10375 1861 12665
1861 10375 12665
12665 1861 10375
13585 5091 8264
8264 5091 13585
5091 8264 13585
8431 9141 12425
9141 8431 12425
12425 8431 9141
2823 7067 7528
7067 2823 7528
7528 2823 7067
2116 12196 12308
12196 2116 12308
12308 2116 12196
10021 416 9554
9554 416 10021
416 9554 10021
9399 4068 13507
13507 4068 9399
4068 9399 13507
10811 10249 13873
10249 10811 13873
13873 10249 10811
1978 522 11620
522 1978 11620
11620 522 1978
8395 1947 10114
10114 1947 8395
1947 8395 10114
22 8408 9827
9827 22 8408
8408 22 9827
1847 7556 14073
14073 1847 7556
7556 1847 14073
13480 11762 13227
13227 11762 13480
11762 13227 13480
12293 8128 9581
9581 8128 12293
8128 9581 12293
5416 5602 8872
5602 5416 8872
8872 5416 5602
1730 5706 6885
5706 1730 6885
6885 1730 5706
6405 2345 9994
2345 6405 9994
9994 2345 6405
8912 6082 13040
13040 6082 8912
6082 8912 13040
12155 2501 7360
7360 2501 12155
2501 7360 12155
3204 1111 1658
1111 1658 3204
1658 1111 3204
13955 1069 1412
1412 1069 13955
1069 1412 13955
13497 1574 1631
1631 1574 13497
1574 1631 13497
4973 10948 12563
10948 4973 12563
12563 4973 10948
10894 5010 5560
5010 5560 10894
5560 5010 10894
4379 9371 14918
14918 4379 9371
9371 4379 14918
14393 1345 12098
1345 12098 14393
12098 1345 14393
8581 8592 9085
9085 8581 8592
8592 8581 9085
11432 7492 12995
7492 11432 12995
12995 7492 11432
5599 391 11790
11790 391 5599
391 5599 11790
8948 2653 8361
2653 8361 8948
8361 2653 8948
1755 515 11133
515 1755 11133
11133 515 1755
2445 4487 13342
13342 2445 4487
4487 2445 13342
532 7258 10275
7258 532 10275
10275 532 7258
6256 6468 14667
14667 6256 6468
6468 6256 14667
9435 1735 12417
12417 1735 9435
1735 9435 12417
13627 1161 3331
1161 3331 13627
3331 1161 13627
8511 4967 7634
4967 7634 8511
7634 4967 8511
9028 9916 11021
11021 9028 9916
9916 9028 11021
12177 3295 14428
3295 12177 14428
14428 3295 12177
6323 10621 14878
14878 6323 10621
10621 6323 14878
11717 8024 12088
8024 11717 12088
12088 8024 11717
421 3178 10492
3178 421 10492
10492 421 3178
10267 1799 2839
1799 2839 10267
2839 1799 10267
8568 9135 14173
9135 8568 14173
14173 8568 9135
7934 13682 14306
13682 7934 14306
14306 7934 13682
3549 37 14229
37 3549 14229
14229 37 3549
12213 1715 9307
1715 9307 12213
9307 1715 12213
7648 14216 14903
14216 7648 14903
14903 7648 14216
3207 5569 11288
11288 3207 5569
5569 3207 11288
2346 2910 11190
11190 2346 2910
2910 2346 11190
3233 4077 7133
4077 3233 7133
7133 3233 4077
10842 908 3499
3499 908 10842
908 3499 10842
13839 10852 11712
10852 11712 13839
11712 10852 13839
5290 9857 12166
9857 5290 12166
12166 5290 9857
7825 2187 2324
2187 2324 7825
2324 2187 7825
525 6162 14190
14190 525 6162
6162 525 14190
278 1584 12509
12509 278 1584
1584 278 12509
6377 4841 10359
10359 4841 6377
4841 6377 10359
11002 3198 4234
3198 4234 11002
4234 3198 11002
1776 2950 10499
2950 1776 10499
10499 1776 2950
9861 9052 13133
9052 9861 13133
13133 9052 9861
14280 8017 9764
9764 8017 14280
8017 9764 14280
9846 5328 7546
7546 5328 9846
5328 7546 9846
10968 11451 14461
11451 10968 14461
14461 10968 11451
14344 6914 11460
11460 6914 14344
6914 11460 14344
6943 7369 9928
9928 6943 7369
7369 6943 9928
5322 2893 14023
14023 2893 5322
2893 5322 14023
6170 6805 8116
8116 6170 6805
6805 6170 8116
9104 418 13455
418 9104 13455
13455 418 9104
8113 11280 12434
11280 8113 12434
12434 8113 11280
14920 501 1200
501 1200 14920
1200 501 14920
6481 5603 11774
11774 5603 6481
5603 6481 11774
1267 5234 11210
5234 1267 11210
11210 1267 5234
9993 5277 8784
5277 8784 9993
8784 5277 9993
12381 3607 10490
3607 10490 12381
10490 3607 12381
9902 6108 6942
6108 6942 9902
6942 6108 9902
14852 2842 14335
14335 2842 14852
2842 14335 14852
13608 11253 14369
11253 13608 14369
14369 11253 13608
9005 11465 11527
11465 9005 11527
11527 9005 11465
4353 6280 13059
13059 4353 6280
6280 4353 13059
7109 8372 11373
11373 7109 8372
8372 7109 11373
9830 1950 12699
12699 1950 9830
1950 9830 12699
12112 3921 7961
7961 3921 12112
3921 7961 12112
7142 128 9511
9511 128 7142
128 7142 9511
9792 733 5626
733 5626 9792
5626 733 9792
5838 2788 3471
2788 3471 5838
3471 2788 5838
8051 2113 3805
2113 3805 8051
3805 2113 8051
4695 2582 10250
2582 4695 10250
10250 2582 4695
3084 5133 6685
6685 3084 5133
5133 3084 6685
1991 5774 13654
13654 1991 5774
5774 1991 13654
1878 3125 14674
3125 1878 14674
14674 1878 3125
8332 925 12703
12703 925 8332
925 8332 12703
4120 1219 7445
7445 1219 4120
1219 4120 7445
78 3289 13403
13403 78 3289
3289 78 13403
2397 1394 4502
1394 2397 4502
4502 1394 2397
9118 10836 14600
10836 9118 14600
14600 9118 10836
7864 4614 8964
8964 4614 7864
4614 7864 8964
6465 4727 8272
8272 4727 6465
4727 6465 8272
11611 2302 11016
11016 2302 11611
2302 11016 11611
9302 11455 13269
13269 9302 11455
11455 9302 13269
3986 13579 14354
14354 3986 13579
13579 3986 14354
10797 12327 12428
12428 10797 12327
12327 10797 12428
9337 3114 13935
13935 3114 9337
3114 9337 13935
14153 4880 13778
4880 13778 14153
13778 4880 14153
11572 3851 12659
12659 3851 11572
3851 11572 12659
1139 2168 12339
2168 1139 12339
12339 1139 2168
13906 4932 10539
4932 10539 13906
10539 4932 13906
2102 3443 5131
5131 2102 3443
3443 2102 5131
5450 1010 7301
1010 5450 7301
7301 1010 5450
6632 9796 9949
9949 6632 9796
9796 6632 9949
6038 3119 5453
3119 5453 6038
5453 3119 6038
6784 3086 10943
10943 3086 6784
3086 6784 10943
10393 3945 4074
4074 3945 10393
3945 4074 10393
363 6833 8854
8854 363 6833
6833 363 8854
1485 5417 14443
14443 1485 5417
5417 1485 14443
3935 3401 4956
3401 3935 4956
4956 3401 3935
1160 4124 10236
10236 1160 4124
4124 1160 10236
6575 5174 11951
5174 6575 11951
11951 5174 6575
7716 113 3437
3437 113 7716
113 3437 7716
5268 4785 7462
4785 5268 7462
7462 4785 5268
4211 1784 3099
1784 3099 4211
3099 1784 4211
5532 8471 13475
13475 5532 8471
8471 5532 13475
13717 5637 10699
10699 5637 13717
5637 10699 13717
2811 2679 12396
2679 2811 12396
12396 2679 2811
10094 5374 8734
8734 5374 10094
5374 8734 10094
8670 6360 12123
12123 6360 8670
6360 8670 12123
4499 8881 13795
13795 4499 8881
8881 4499 13795
5291 7145 10970
10970 5291 7145
7145 5291 10970
938 2274 10380
2274 938 10380
10380 938 2274
11706 257 14103
14103 257 11706
257 11706 14103
12582 431 4733
4733 431 12582
431 4733 12582
7522 9914 14850
9914 7522 14850
14850 7522 9914
6926 12457 13388
12457 6926 13388
13388 6926 12457
