913 6 304
6 304 913
304 6 913
1452 105 1046
1046 105 1452
105 1046 1452
1173 270 907
907 270 1173
270 907 1173
642 975 1262
1262 642 975
975 642 1262
972 360 1253
1253 360 972
360 972 1253
1155 859 1498
1498 859 1155
859 1155 1498
843 125 307
307 125 843
125 307 843
152 137 839
137 152 839
839 137 152
1151 139 1443
1443 139 1151
139 1151 1443
782 990 1208
990 782 1208
1208 782 990
80 1200 1266
1200 80 1266
1266 80 1200
1500 29 1150
29 1150 1500
1150 29 1500
826 65 753
753 65 826
65 753 826
303 190 368
368 190 303
190 303 368
864 225 517
225 517 864
517 225 864
172 638 1042
638 172 1042
1042 172 638
909 865 1399
1399 865 909
865 909 1399
314 611 644
644 314 611
611 314 644
274 998 1270
998 274 1270
1270 274 998
1144 37 587
37 587 1144
587 37 1144
17 283 1246
283 17 1246
1246 17 283
1326 393 942
942 393 1326
393 942 1326
1094 668 871
668 871 1094
871 668 1094
788 834 1293
1293 788 834
834 788 1293
345 269 1383
269 345 1383
1383 269 345
1126 1049 1492
1492 1049 1126
1049 1126 1492
1453 676 802
802 676 1453
676 802 1453
1099 20 575
20 575 1099
575 20 1099
505 316 1433
316 505 1433
1433 316 505
201 373 1024
1024 201 373
373 201 1024
677 28 1247
1247 28 677
28 677 1247
1400 299 630
299 630 1400
630 299 1400
761 32 372
32 372 761
372 32 761
1258 533 1424
533 1258 1424
1424 533 1258
272 164 364
164 272 364
364 164 272
110 705 951
951 110 705
705 110 951
757 295 792
295 757 792
792 295 757
759 1008 1189
1008 759 1189
1189 759 1008
1377 519 1141
519 1141 1377
1141 519 1377
786 559 966
559 786 966
966 559 786
474 491 795
795 474 491
491 474 795
1314 580 1285
580 1285 1314
1285 580 1314
44 184 1405
184 44 1405
1405 44 184
317 347 929
347 317 929
929 317 347
255 189 758
189 255 758
758 189 255
74 551 1048
551 74 1048
1048 74 551
480 525 720
720 480 525
525 480 720
733 764 1324
764 733 1324
1324 733 764
198 597 1030
1030 198 597
597 198 1030
908 925 1193
925 908 1193
1193 908 925
846 236 1397
1397 236 846
236 846 1397
281 588 1321
588 281 1321
1321 281 588
1153 760 797
797 760 1153
760 797 1153
1172 475 986
986 475 1172
475 986 1172
305 35 1148
35 305 1148
1148 35 305
363 1152 1323
1323 363 1152
1152 363 1323
280 311 1254
1254 280 311
311 280 1254
342 1157 1366
1157 342 1366
1366 342 1157
1029 581 1252
581 1029 1252
1252 581 1029
1125 995 1438
995 1125 1438
1438 995 1125
1219 403 1362
403 1219 1362
1362 403 1219
1033 315 1381
315 1033 1381
1381 315 1033
561 656 1175
656 561 1175
1175 561 656
322 430 1072
430 322 1072
1072 322 430
1156 62 1105
62 1105 1156
1105 62 1156
852 931 1282
1282 852 931
931 852 1282
294 585 1488
1488 294 585
585 294 1488
123 78 573
573 78 123
78 123 573
502 392 1367
392 502 1367
1367 392 502
1278 661 730
730 661 1278
661 730 1278
10 465 711
465 10 711
711 10 465
426 632 667
667 426 632
632 426 667
63 606 766
606 63 766
766 63 606
408 521 983
521 408 983
983 408 521
258 840 1226
1226 258 840
840 258 1226
794 300 398
398 300 794
300 398 794
120 405 1234
405 120 1234
1234 120 405
999 99 324
99 324 999
324 99 999
1103 148 671
148 671 1103
671 148 1103
1299 503 714
714 503 1299
503 714 1299
1497 86 773
773 86 1497
86 773 1497
556 275 769
769 275 556
275 556 769
451 459 524
524 451 459
459 451 524
770 429 1257
429 770 1257
1257 429 770
717 487 683
683 487 717
487 683 717
863 26 724
724 26 863
26 724 863
419 1031 1295
1295 419 1031
1031 419 1295
25 350 623
623 25 350
350 25 623
1441 662 919
662 919 1441
919 662 1441
583 829 962
829 583 962
962 583 829
1003 1179 1280
1179 1003 1280
1280 1003 1179
1456 365 1158
1158 365 1456
365 1158 1456
882 669 878
669 878 882
878 669 882
1074 1199 1457
1457 1074 1199
1199 1074 1457
1006 971 980
980 971 1006
971 980 1006
899 180 496
180 496 899
496 180 899
778 608 645
608 645 778
645 608 778
1350 698 1475
1475 698 1350
698 1350 1475
523 1055 1213
1213 523 1055
1055 523 1213
1134 723 1185
723 1134 1185
1185 723 1134
709 140 346
346 140 709
140 346 709
742 1300 1476
1476 742 1300
1300 742 1476
1121 424 1273
424 1121 1273
1273 424 1121
389 578 921
578 389 921
921 389 578
1465 785 1075
1075 785 1465
785 1075 1465
1491 1274 1407
1274 1407 1491
1407 1274 1491
1328 545 967
545 967 1328
967 545 1328
772 652 835
835 652 772
652 772 835
165 126 1063
126 165 1063
1063 126 165
752 845 891
891 752 845
845 752 891
1214 629 728
728 629 1214
629 728 1214
1143 146 648
146 648 1143
648 146 1143
282 987 1168
1168 282 987
987 282 1168
1240 268 1358
268 1240 1358
1358 268 1240
1204 309 1487
1487 309 1204
309 1204 1487
176 737 1306
1306 176 737
737 176 1306
501 134 885
885 134 501
134 501 885
1335 102 680
680 102 1335
102 680 1335
1472 160 1223
1223 160 1472
160 1223 1472
887 479 1304
479 887 1304
1304 479 887
607 1011 1020
1011 607 1020
1020 607 1011
1368 343 817
817 343 1368
343 817 1368
996 435 833
833 435 996
435 833 996
664 195 444
195 444 664
444 195 664
77 498 1384
498 77 1384
1384 77 498
376 71 1057
71 376 1057
1057 71 376
820 158 446
446 158 820
158 446 820
530 131 439
131 439 530
439 131 530
157 830 940
940 157 830
830 157 940
278 207 1086
207 278 1086
1086 207 278
1215 273 306
273 306 1215
306 273 1215
963 518 1379
1379 518 963
518 963 1379
805 1205 1352
1205 805 1352
1352 805 1205
155 138 622
138 155 622
622 138 155
554 263 492
492 263 554
263 492 554
838 541 1361
1361 541 838
541 838 1361
428 85 548
548 85 428
85 428 548
736 354 589
589 354 736
354 589 736
686 763 1091
1091 686 763
763 686 1091
665 204 1218
1218 204 665
204 665 1218
1290 218 1085
218 1085 1290
1085 218 1290
241 407 514
407 241 514
514 241 407
133 112 1139
112 133 1139
1139 112 133
249 50 199
199 50 249
50 199 249
957 297 334
297 334 957
334 297 957
814 95 182
95 182 814
182 95 814
486 982 1436
982 486 1436
1436 486 982
1444 713 1486
1486 713 1444
713 1444 1486
926 264 1239
264 926 1239
1239 264 926
1298 658 992
992 658 1298
658 992 1298
23 1187 1250
1250 23 1187
1187 23 1250
1001 755 892
755 892 1001
892 755 1001
482 319 807
807 319 482
319 482 807
762 1122 1411
1122 762 1411
1411 762 1122
228 932 1369
932 228 1369
1369 228 932
276 890 1307
1307 276 890
890 276 1307
1117 108 1186
108 1117 1186
1186 108 1117
103 860 1118
860 103 1118
1118 103 860
79 889 1073
1073 79 889
889 79 1073
1102 48 1190
1190 48 1102
48 1102 1190
1146 154 923
923 154 1146
154 923 1146
1345 188 1458
1458 188 1345
188 1345 1458
1275 477 939
939 477 1275
477 939 1275
244 449 1207
449 244 1207
1207 244 449
582 532 1419
532 582 1419
1419 532 582
1244 912 1138
1138 912 1244
912 1138 1244
1448 59 614
614 59 1448
59 614 1448
114 494 1065
494 114 1065
1065 114 494
886 239 1137
1137 239 886
239 886 1137
725 1084 1317
1317 725 1084
1084 725 1317
221 127 1225
1225 127 221
127 221 1225
855 111 231
231 111 855
111 231 855
359 361 1490
1490 359 361
361 359 1490
691 620 1428
1428 620 691
620 691 1428
955 223 357
357 223 955
223 357 955
731 409 603
603 409 731
409 603 731
1417 113 796
796 113 1417
113 796 1417
848 214 1178
1178 214 848
214 848 1178
19 219 397
397 19 219
219 19 397
915 234 515
515 234 915
234 515 915
558 327 1145
1145 327 558
327 558 1145
242 875 1176
1176 242 875
875 242 1176
1260 142 595
595 142 1260
142 595 1260
649 1096 1109
1109 649 1096
1096 649 1109
1347 806 1255
806 1255 1347
1255 806 1347
804 1037 1359
1037 804 1359
1359 804 1037
1044 718 787
718 787 1044
787 718 1044
1209 193 1216
1216 193 1209
193 1209 1216
911 549 898
898 549 911
549 898 911
825 57 122
57 122 825
122 57 825
781 51 1403
1403 51 781
51 781 1403
145 224 798
224 145 798
798 145 224
1233 593 893
893 593 1233
593 893 1233
100 601 1395
601 100 1395
1395 100 601
434 901 1427
901 434 1427
1427 434 901
1327 208 277
208 277 1327
277 208 1327
414 958 989
989 414 958
958 414 989
1286 21 1249
21 1249 1286
1249 21 1286
572 441 768
441 572 768
768 441 572
534 1181 1283
1181 534 1283
1283 534 1181
956 563 1269
1269 563 956
563 956 1269
411 238 867
867 238 411
238 411 867
809 12 1364
12 809 1364
1364 12 809
129 1053 1336
1336 129 1053
1053 129 1336
954 367 1128
367 954 1128
1128 367 954
266 49 1339
1339 49 266
49 266 1339
981 612 1036
1036 612 981
612 981 1036
170 84 1004
84 170 1004
1004 84 170
254 14 1315
14 254 1315
1315 14 254
240 511 703
511 240 703
703 240 511
15 422 748
748 15 422
422 15 748
83 379 1023
1023 83 379
379 83 1023
1114 685 1481
685 1114 1481
1481 685 1114
739 4 1165
1165 4 739
4 739 1165
1174 271 1067
271 1067 1174
1067 271 1174
933 1180 1264
1180 933 1264
1264 933 1180
1116 1284 1489
1489 1116 1284
1284 1116 1489
340 384 880
384 340 880
880 340 384
540 935 1060
935 540 1060
1060 540 935
64 470 789
470 64 789
789 64 470
1230 47 301
47 301 1230
301 47 1230
1471 313 1494
1494 313 1471
313 1471 1494
808 166 1093
1093 166 808
166 808 1093
1271 1014 1018
1018 1014 1271
1014 1018 1271
469 467 1408
467 469 1408
1408 467 469
660 510 1107
510 660 1107
1107 510 660
1493 235 1386
1386 235 1493
235 1386 1493
735 700 1015
1015 700 735
700 735 1015
374 183 488
488 183 374
183 374 488
1437 34 371
371 34 1437
34 371 1437
653 471 847
847 471 653
471 653 847
1445 104 289
289 104 1445
104 289 1445
692 1291 1387
1387 692 1291
1291 692 1387
635 1297 1392
1392 635 1297
1297 635 1392
872 858 1062
858 872 1062
1062 858 872
378 436 634
634 378 436
436 378 634
675 279 1413
1413 279 675
279 675 1413
828 722 1196
722 828 1196
1196 722 828
1197 222 823
823 222 1197
222 823 1197
177 485 695
485 177 695
695 177 485
312 647 1115
1115 312 647
647 312 1115
841 38 211
38 211 841
211 38 841
749 884 1154
1154 749 884
884 749 1154
776 625 1351
625 776 1351
1351 625 776
66 173 876
876 66 173
173 66 876
42 332 1245
1245 42 332
332 42 1245
1402 156 944
944 156 1402
156 944 1402
117 624 687
624 117 687
687 117 624
613 508 520
508 520 613
520 508 613
70 73 552
73 70 552
552 70 73
1032 970 1201
970 1032 1201
1201 970 1032
790 348 1450
1450 348 790
348 790 1450
910 473 1058
473 910 1058
1058 473 910
866 712 1120
712 866 1120
1120 712 866
1002 251 740
740 251 1002
251 740 1002
916 616 1337
616 916 1337
1337 616 916
800 81 945
945 81 800
81 800 945
1135 1123 1455
1123 1135 1455
1455 1123 1135
1268 560 1349
560 1268 1349
1349 560 1268
1265 697 1183
697 1183 1265
1183 697 1265
1382 87 318
87 318 1382
318 87 1382
937 466 974
974 466 937
466 937 974
352 437 831
437 352 831
831 352 437
793 380 586
586 380 793
380 586 793
351 576 959
959 351 576
576 351 959
744 672 1142
672 744 1142
1142 672 744
476 961 1191
961 476 1191
1191 476 961
478 216 605
216 478 605
605 216 478
566 410 1480
410 566 1480
1480 410 566
285 136 215
215 136 285
136 215 285
610 452 463
452 463 610
463 452 610
851 252 565
565 252 851
252 565 851
1348 584 799
584 799 1348
799 584 1348
952 213 420
420 213 952
213 420 952
1404 179 1485
179 1404 1485
1485 179 1404
704 553 1409
553 704 1409
1409 553 704
1022 203 1050
203 1022 1050
1050 203 1022
1442 454 1064
454 1064 1442
1064 454 1442
143 861 1272
1272 143 861
861 143 1272
1311 56 727
727 56 1311
56 727 1311
250 54 874
54 250 874
874 54 250
968 3 816
816 3 968
3 816 968
416 387 1423
387 416 1423
1423 387 416
1026 670 824
670 824 1026
824 670 1026
1228 1089 1415
1089 1228 1415
1415 1089 1228
626 526 1447
526 626 1447
1447 526 626
984 868 873
868 873 984
873 868 984
991 1167 1263
1263 991 1167
1167 991 1263
329 1211 1449
1211 329 1449
1449 329 1211
1203 527 934
527 934 1203
934 527 1203
994 453 1027
1027 453 994
453 994 1027
902 292 936
292 902 936
936 292 902
663 404 1000
404 663 1000
1000 404 663
161 101 484
484 101 161
101 161 484
425 328 356
328 356 425
356 328 425
1251 209 1454
209 1251 1454
1454 209 1251
1333 118 819
819 118 1333
118 819 1333
232 245 567
567 232 245
245 232 567
598 107 1412
1412 107 598
107 598 1412
43 599 1277
1277 43 599
599 43 1277
569 481 1462
481 569 1462
1462 481 569
896 531 969
969 531 896
531 896 969
1484 1005 1470
1005 1470 1484
1470 1005 1484
1220 696 1479
696 1220 1479
1479 696 1220
1421 33 1034
33 1034 1421
1034 33 1421
375 321 528
528 321 375
321 375 528
821 857 1482
857 821 1482
1482 821 857
1468 246 443
443 246 1468
246 443 1468
493 1163 1192
1163 493 1192
1192 493 1163
1040 900 1171
900 1040 1171
1171 900 1040
1195 1329 1373
1329 1195 1373
1373 1195 1329
754 1038 1434
1434 754 1038
1038 754 1434
421 27 489
27 421 489
489 27 421
197 702 1464
702 197 1464
1464 197 702
326 1483 1495
1483 326 1495
1495 326 1483
1231 726 1342
726 1231 1342
1342 726 1231
399 323 468
323 399 468
468 323 399
803 1363 1473
1473 803 1363
1363 803 1473
1119 13 1013
1013 13 1119
13 1013 1119
628 729 1394
729 628 1394
1394 628 729
181 253 897
897 181 253
253 181 897
1051 448 914
448 914 1051
914 448 1051
171 53 1396
53 171 1396
1396 53 171
894 509 837
509 837 894
837 509 894
904 1 1241
1 904 1241
1241 1 904
1353 413 1467
1467 413 1353
413 1353 1467
542 979 1259
1259 542 979
979 542 1259
75 45 579
579 45 75
45 75 579
1035 460 1159
1159 460 1035
460 1035 1159
964 415 976
415 964 976
976 415 964
1217 11 651
651 11 1217
11 651 1217
1041 431 1045
431 1041 1045
1045 431 1041
1357 128 1140
1140 128 1357
128 1140 1357
529 290 1331
290 529 1331
1331 290 529
1071 721 941
941 721 1071
721 941 1071
1061 90 1170
1170 90 1061
90 1061 1170
1303 602 1112
602 1112 1303
1112 602 1303
1056 121 618
121 618 1056
618 121 1056
1310 538 1182
1182 538 1310
538 1182 1310
175 396 1371
1371 175 396
396 175 1371
1496 248 1477
248 1477 1496
1477 248 1496
168 777 920
920 168 777
777 168 920
747 358 1312
358 747 1312
1312 358 747
159 458 1446
458 159 1446
1446 159 458
570 402 1378
402 570 1378
1378 402 570
1095 220 1210
1210 220 1095
220 1095 1210
1440 1012 1129
1129 1012 1440
1012 1129 1440
1401 162 1235
1235 162 1401
162 1235 1401
92 842 1418
842 92 1418
1418 92 842
1092 1009 1376
1376 1009 1092
1009 1092 1376
119 116 1343
116 119 1343
1343 116 119
568 953 1374
1374 568 953
953 568 1374
640 450 1422
450 640 1422
1422 450 640
88 928 1169
928 88 1169
1169 88 928
217 973 1166
1166 217 973
973 217 1166
186 472 536
472 186 536
536 186 472
1077 391 948
391 948 1077
948 391 1077
960 590 1435
590 960 1435
1435 590 960
230 167 827
827 167 230
167 230 827
1028 1281 1354
1281 1028 1354
1354 1028 1281
615 135 1101
135 615 1101
1101 135 615
1302 591 1098
1098 591 1302
591 1098 1302
1202 688 978
688 978 1202
978 688 1202
1081 132 1309
132 1081 1309
1309 132 1081
557 743 938
743 557 938
938 557 743
1319 287 547
287 547 1319
547 287 1319
657 418 1090
1090 418 657
418 657 1090
333 206 650
206 333 650
650 206 333
539 1238 1243
1238 539 1243
1243 539 1238
349 756 1385
756 349 1385
1385 349 756
1356 22 633
633 22 1356
22 633 1356
745 7 1110
7 745 1110
1110 7 745
689 243 679
243 679 689
679 243 689
1017 906 1161
906 1017 1161
1161 906 1017
813 93 1461
93 813 1461
1461 93 813
854 433 1068
433 854 1068
1068 433 854
1111 499 905
499 905 1111
905 499 1111
495 516 997
516 495 997
997 495 516
31 293 1460
1460 31 293
293 31 1460
369 97 370
370 97 369
97 369 370
447 810 853
810 447 853
853 447 810
716 1320 1389
1320 716 1389
1389 716 1320
338 98 693
693 98 338
98 338 693
1070 732 862
732 862 1070
862 732 1070
1414 24 1082
24 1082 1414
1082 24 1414
296 946 1393
1393 296 946
946 296 1393
1237 456 506
506 456 1237
456 506 1237
288 497 1079
497 288 1079
1079 288 497
1232 699 1236
699 1232 1236
1236 699 1232
1391 339 779
779 339 1391
339 779 1391
388 178 751
178 388 751
751 178 388
427 734 1439
1439 427 734
734 427 1439
1305 353 1206
353 1206 1305
1206 353 1305
780 596 1224
596 780 1224
1224 596 780
1010 169 1466
169 1010 1466
1466 169 1010
543 41 94
94 41 543
41 94 543
150 36 965
36 150 965
965 36 150
151 298 701
701 151 298
298 151 701
1322 877 1113
877 1113 1322
1113 877 1322
674 191 694
191 674 694
694 191 674
320 341 1088
1088 320 341
341 320 1088
1149 767 1039
767 1039 1149
1039 767 1149
124 362 993
362 124 993
993 124 362
39 247 1229
247 39 1229
1229 39 247
336 544 738
544 336 738
738 336 544
715 89 903
89 715 903
903 89 715
229 130 1054
130 229 1054
1054 130 229
1162 257 1330
1330 257 1162
257 1162 1330
927 791 1136
791 927 1136
1136 791 927
1160 259 849
849 259 1160
259 849 1160
1279 91 1097
1097 91 1279
91 1097 1279
1106 115 708
708 115 1106
115 708 1106
46 9 149
149 9 46
9 46 149
870 68 746
68 746 870
746 68 870
571 174 438
174 438 571
438 174 571
5 261 1398
1398 5 261
261 5 1398
930 69 1164
69 930 1164
1164 69 930
1007 1021 1288
1288 1007 1021
1021 1007 1288
646 401 577
401 577 646
577 401 646
1469 377 710
377 710 1469
710 377 1469
950 1292 1451
1451 950 1292
1292 950 1451
337 200 1248
200 337 1248
1248 200 337
483 196 869
196 483 869
869 196 483
72 636 1316
636 72 1316
1316 72 636
1047 8 654
8 654 1047
654 8 1047
291 812 1313
812 291 1313
1313 291 812
335 366 949
949 335 366
366 335 949
2 836 918
836 2 918
918 2 836
141 504 1325
504 141 1325
1325 141 504
621 522 600
522 600 621
600 522 621
1416 678 765
765 678 1416
678 765 1416
1267 706 784
784 706 1267
706 784 1267
386 60 655
655 60 386
60 386 655
462 40 58
58 40 462
40 58 462
212 775 988
988 212 775
775 212 988
801 18 1227
1227 18 801
18 801 1227
637 592 1360
1360 592 637
592 637 1360
455 55 185
55 185 455
185 55 455
325 153 1108
1108 153 325
153 325 1108
888 194 1294
194 888 1294
1294 194 888
461 1016 1066
1066 461 1016
1016 461 1066
594 260 355
355 260 594
260 355 594
604 52 1346
1346 52 604
52 604 1346
1338 690 1078
1078 690 1338
690 1078 1338
774 681 1130
681 774 1130
1130 681 774
682 881 1194
881 682 1194
1194 682 881
457 400 1344
400 457 1344
1344 400 457
163 666 1080
666 163 1080
1080 163 666
67 331 562
331 67 562
562 67 331
286 147 1355
1355 147 286
147 286 1355
1340 233 1124
233 1124 1340
1124 233 1340
1059 82 684
684 82 1059
82 684 1059
412 631 1184
631 412 1184
1184 412 631
1132 507 1431
507 1132 1431
1431 507 1132
783 344 1188
344 783 1188
1188 344 783
1426 310 815
815 310 1426
310 815 1426
617 76 381
381 76 617
76 381 617
1406 619 1212
1212 619 1406
619 1212 1406
1430 395 1425
1425 395 1430
395 1425 1430
1429 844 1133
1133 844 1429
844 1133 1429
1087 256 513
256 513 1087
513 256 1087
382 30 1043
1043 30 382
30 382 1043
1177 546 1025
546 1025 1177
1025 546 1177
1261 977 1432
1432 977 1261
977 1261 1432
1127 641 850
641 850 1127
850 641 1127
1100 96 1372
1372 96 1100
96 1100 1372
226 202 741
202 226 741
741 202 226
262 1296 1478
1478 262 1296
1296 262 1478
1198 609 895
609 895 1198
895 609 1198
1276 985 1069
1069 985 1276
985 1069 1276
237 284 1147
1147 237 284
284 237 1147
643 192 445
445 192 643
192 445 643
1052 832 1301
1301 832 1052
832 1052 1301
1318 417 1083
1083 417 1318
417 1083 1318
16 267 659
659 16 267
267 16 659
383 423 537
537 383 423
423 383 537
771 1222 1474
1222 771 1474
1474 771 1222
1341 210 1076
1076 210 1341
210 1076 1341
947 187 1308
1308 187 947
187 947 1308
1375 385 1221
385 1221 1375
1221 385 1375
330 719 1131
719 330 1131
1131 330 719
302 535 1256
535 302 1256
1256 302 535
1289 924 1463
924 1289 1463
1463 924 1289
1420 440 1287
440 1287 1420
1287 440 1420
144 106 490
490 106 144
106 144 490
1390 550 627
550 627 1390
627 550 1390
879 394 639
639 394 879
394 639 879
308 442 822
442 308 822
822 308 442
673 1370 1410
1410 673 1370
1370 673 1410
1388 564 1019
1019 564 1388
564 1019 1388
1242 574 811
574 811 1242
811 574 1242
707 432 464
432 464 707
464 432 707
205 406 555
555 205 406
406 205 555
1332 109 1365
1365 109 1332
109 1332 1365
61 500 1459
500 61 1459
1459 61 500
750 227 943
943 227 750
227 750 943
1334 917 1380
1380 917 1334
917 1334 1380
922 265 856
856 265 922
265 856 922
1104 512 1499
512 1104 1499
1499 512 1104
883 390 818
818 390 883
390 818 883
